# mu=0.3
# lamb=0
# N=6
# m=0
# dim=20
#T=10
#dt=0.01
0.5	0.5	0.5	-0.5	-0.5	-0.5	
0.499975	0.5	0.499975	-0.499975	-0.5	-0.499975	
0.4999	0.5	0.4999	-0.4999	-0.5	-0.4999	
0.499775	0.5	0.499775	-0.499775	-0.5	-0.499775	
0.4996	0.5	0.4996	-0.4996	-0.5	-0.4996	
0.499375	0.5	0.499375	-0.499375	-0.5	-0.499375	
0.499101	0.5	0.499101	-0.499101	-0.5	-0.499101	
0.498776	0.499999	0.498776	-0.498776	-0.499999	-0.498776	
0.498402	0.499999	0.498402	-0.498402	-0.499999	-0.498402	
0.497978	0.499998	0.497978	-0.497978	-0.499998	-0.497978	
0.497505	0.499997	0.497505	-0.497505	-0.499997	-0.497505	
0.496982	0.499995	0.496982	-0.496982	-0.499995	-0.496982	
0.49641	0.499994	0.49641	-0.49641	-0.499994	-0.49641	
0.495789	0.499991	0.495789	-0.495789	-0.499991	-0.495789	
0.495119	0.499988	0.495119	-0.495119	-0.499988	-0.495119	
0.4944	0.499984	0.4944	-0.4944	-0.499984	-0.4944	
0.493632	0.49998	0.493632	-0.493632	-0.49998	-0.493632	
0.492816	0.499974	0.492816	-0.492816	-0.499974	-0.492816	
0.491951	0.499967	0.491951	-0.491951	-0.499967	-0.491951	
0.491038	0.49996	0.491038	-0.491038	-0.49996	-0.491038	
0.490078	0.49995	0.490078	-0.490078	-0.49995	-0.490078	
0.489069	0.49994	0.489069	-0.489069	-0.49994	-0.489069	
0.488014	0.499927	0.488014	-0.488014	-0.499927	-0.488014	
0.486911	0.499913	0.486911	-0.486911	-0.499913	-0.486911	
0.485761	0.499897	0.485761	-0.485761	-0.499897	-0.485761	
0.484564	0.499879	0.484564	-0.484564	-0.499879	-0.484564	
0.483321	0.499859	0.483321	-0.483321	-0.499859	-0.483321	
0.482032	0.499836	0.482032	-0.482032	-0.499836	-0.482032	
0.480697	0.49981	0.480697	-0.480697	-0.49981	-0.480697	
0.479316	0.499782	0.479316	-0.479316	-0.499782	-0.479316	
0.477891	0.49975	0.477891	-0.477891	-0.49975	-0.477891	
0.47642	0.499716	0.47642	-0.47642	-0.499716	-0.47642	
0.474905	0.499678	0.474905	-0.474905	-0.499678	-0.474905	
0.473346	0.499636	0.473346	-0.473346	-0.499636	-0.473346	
0.471743	0.49959	0.471743	-0.471743	-0.49959	-0.471743	
0.470096	0.49954	0.470096	-0.470096	-0.49954	-0.470096	
0.468407	0.499486	0.468407	-0.468407	-0.499486	-0.468407	
0.466674	0.499427	0.466674	-0.466674	-0.499427	-0.466674	
0.4649	0.499363	0.4649	-0.4649	-0.499363	-0.4649	
0.463083	0.499294	0.463083	-0.463083	-0.499294	-0.463083	
0.461225	0.49922	0.461225	-0.461225	-0.49922	-0.461225	
0.459326	0.49914	0.459326	-0.459326	-0.49914	-0.459326	
0.457386	0.499054	0.457386	-0.457386	-0.499054	-0.457386	
0.455406	0.498962	0.455406	-0.455406	-0.498962	-0.455406	
0.453387	0.498864	0.453387	-0.453387	-0.498864	-0.453387	
0.451328	0.498759	0.451328	-0.451328	-0.498759	-0.451328	
0.44923	0.498647	0.44923	-0.44923	-0.498647	-0.44923	
0.447094	0.498527	0.447094	-0.447094	-0.498527	-0.447094	
0.44492	0.4984	0.44492	-0.44492	-0.4984	-0.44492	
0.442708	0.498266	0.442708	-0.442708	-0.498266	-0.442708	
0.44046	0.498122	0.44046	-0.44046	-0.498122	-0.44046	
0.438175	0.497971	0.438175	-0.438175	-0.497971	-0.438175	
0.435855	0.497811	0.435855	-0.435855	-0.497811	-0.435855	
0.433499	0.497641	0.433499	-0.433499	-0.497641	-0.433499	
0.431108	0.497462	0.431108	-0.431108	-0.497462	-0.431108	
0.428683	0.497274	0.428683	-0.428683	-0.497274	-0.428683	
0.426224	0.497075	0.426224	-0.426224	-0.497075	-0.426224	
0.423732	0.496866	0.423732	-0.423732	-0.496866	-0.423732	
0.421207	0.496647	0.421207	-0.421207	-0.496647	-0.421207	
0.41865	0.496416	0.41865	-0.41865	-0.496416	-0.41865	
0.416061	0.496174	0.416061	-0.416061	-0.496174	-0.416061	
0.413441	0.49592	0.413441	-0.413441	-0.49592	-0.413441	
0.410791	0.495654	0.410791	-0.410791	-0.495654	-0.410791	
0.408111	0.495376	0.408111	-0.408111	-0.495376	-0.408111	
0.405402	0.495086	0.405402	-0.405402	-0.495086	-0.405402	
0.402664	0.494782	0.402664	-0.402664	-0.494782	-0.402664	
0.399898	0.494465	0.399898	-0.399898	-0.494465	-0.399898	
0.397104	0.494134	0.397104	-0.397104	-0.494134	-0.397104	
0.394283	0.493789	0.394283	-0.394283	-0.493789	-0.394283	
0.391436	0.49343	0.391436	-0.391436	-0.49343	-0.391436	
0.388563	0.493056	0.388563	-0.388563	-0.493056	-0.388563	
0.385665	0.492667	0.385665	-0.385665	-0.492667	-0.385665	
0.382743	0.492263	0.382743	-0.382743	-0.492263	-0.382743	
0.379796	0.491842	0.379796	-0.379796	-0.491842	-0.379796	
0.376826	0.491406	0.376826	-0.376826	-0.491406	-0.376826	
0.373834	0.490953	0.373834	-0.373834	-0.490953	-0.373834	
0.370819	0.490484	0.370819	-0.370819	-0.490484	-0.370819	
0.367783	0.489997	0.367783	-0.367783	-0.489997	-0.367783	
0.364727	0.489493	0.364727	-0.364727	-0.489493	-0.364727	
0.36165	0.488972	0.36165	-0.36165	-0.488972	-0.36165	
0.358553	0.488432	0.358553	-0.358553	-0.488432	-0.358553	
0.355437	0.487873	0.355437	-0.355437	-0.487873	-0.355437	
0.352304	0.487296	0.352304	-0.352304	-0.487296	-0.352304	
0.349152	0.4867	0.349152	-0.349152	-0.4867	-0.349152	
0.345984	0.486084	0.345984	-0.345984	-0.486084	-0.345984	
0.342799	0.485449	0.342799	-0.342799	-0.485449	-0.342799	
0.339598	0.484793	0.339598	-0.339598	-0.484793	-0.339598	
0.336382	0.484117	0.336382	-0.336382	-0.484117	-0.336382	
0.333152	0.48342	0.333152	-0.333152	-0.48342	-0.333152	
0.329908	0.482702	0.329908	-0.329908	-0.482702	-0.329908	
0.32665	0.481962	0.32665	-0.32665	-0.481962	-0.32665	
0.32338	0.481201	0.32338	-0.32338	-0.481201	-0.32338	
0.320098	0.480418	0.320098	-0.320098	-0.480418	-0.320098	
0.316805	0.479613	0.316805	-0.316805	-0.479613	-0.316805	
0.313501	0.478785	0.313501	-0.313501	-0.478785	-0.313501	
0.310186	0.477934	0.310186	-0.310186	-0.477934	-0.310186	
0.306863	0.477059	0.306863	-0.306863	-0.477059	-0.306863	
0.30353	0.476162	0.30353	-0.30353	-0.476162	-0.30353	
0.30019	0.47524	0.30019	-0.30019	-0.47524	-0.30019	
0.296841	0.474294	0.296841	-0.296841	-0.474294	-0.296841	
0.293486	0.473324	0.293486	-0.293486	-0.473324	-0.293486	
0.290125	0.472329	0.290125	-0.290125	-0.472329	-0.290125	
0.286757	0.47131	0.286757	-0.286757	-0.47131	-0.286757	
0.283385	0.470265	0.283385	-0.283385	-0.470265	-0.283385	
0.280008	0.469195	0.280008	-0.280008	-0.469195	-0.280008	
0.276627	0.468099	0.276627	-0.276627	-0.468099	-0.276627	
0.273243	0.466977	0.273243	-0.273243	-0.466977	-0.273243	
0.269856	0.465829	0.269856	-0.269856	-0.465829	-0.269856	
0.266467	0.464654	0.266467	-0.266467	-0.464654	-0.266467	
0.263077	0.463453	0.263077	-0.263077	-0.463453	-0.263077	
0.259685	0.462225	0.259685	-0.259685	-0.462225	-0.259685	
0.256293	0.46097	0.256293	-0.256293	-0.46097	-0.256293	
0.252901	0.459687	0.252901	-0.252901	-0.459687	-0.252901	
0.249511	0.458377	0.249511	-0.249511	-0.458377	-0.249511	
0.246121	0.457039	0.246121	-0.246121	-0.457039	-0.246121	
0.242733	0.455674	0.242733	-0.242733	-0.455674	-0.242733	
0.239348	0.45428	0.239348	-0.239348	-0.45428	-0.239348	
0.235966	0.452858	0.235966	-0.235966	-0.452858	-0.235966	
0.232587	0.451407	0.232587	-0.232587	-0.451407	-0.232587	
0.229213	0.449928	0.229213	-0.229213	-0.449928	-0.229213	
0.225843	0.44842	0.225843	-0.225843	-0.44842	-0.225843	
0.222478	0.446883	0.222478	-0.222478	-0.446883	-0.222478	
0.219119	0.445317	0.219119	-0.219119	-0.445317	-0.219119	
0.215766	0.443722	0.215766	-0.215766	-0.443722	-0.215766	
0.21242	0.442097	0.21242	-0.21242	-0.442097	-0.21242	
0.209081	0.440443	0.209081	-0.209081	-0.440443	-0.209081	
0.20575	0.438759	0.20575	-0.20575	-0.438759	-0.20575	
0.202427	0.437046	0.202427	-0.202427	-0.437046	-0.202427	
0.199112	0.435303	0.199112	-0.199112	-0.435303	-0.199112	
0.195807	0.433529	0.195807	-0.195807	-0.433529	-0.195807	
0.192511	0.431726	0.192511	-0.192511	-0.431726	-0.192511	
0.189226	0.429893	0.189226	-0.189226	-0.429893	-0.189226	
0.185951	0.42803	0.185951	-0.185951	-0.42803	-0.185951	
0.182687	0.426137	0.182687	-0.182687	-0.426137	-0.182687	
0.179434	0.424213	0.179434	-0.179434	-0.424213	-0.179434	
0.176194	0.422259	0.176194	-0.176194	-0.422259	-0.176194	
0.172965	0.420275	0.172965	-0.172965	-0.420275	-0.172965	
0.169749	0.41826	0.169749	-0.169749	-0.41826	-0.169749	
0.166547	0.416215	0.166547	-0.166547	-0.416215	-0.166547	
0.163357	0.41414	0.163357	-0.163357	-0.41414	-0.163357	
0.160182	0.412035	0.160182	-0.160182	-0.412035	-0.160182	
0.157021	0.409899	0.157021	-0.157021	-0.409899	-0.157021	
0.153875	0.407733	0.153875	-0.153875	-0.407733	-0.153875	
0.150743	0.405536	0.150743	-0.150743	-0.405536	-0.150743	
0.147627	0.403309	0.147627	-0.147627	-0.403309	-0.147627	
0.144527	0.401052	0.144527	-0.144527	-0.401052	-0.144527	
0.141443	0.398765	0.141443	-0.141443	-0.398765	-0.141443	
0.138375	0.396448	0.138375	-0.138375	-0.396448	-0.138375	
0.135324	0.394101	0.135324	-0.135324	-0.394101	-0.135324	
0.13229	0.391724	0.13229	-0.13229	-0.391724	-0.13229	
0.129273	0.389317	0.129273	-0.129273	-0.389317	-0.129273	
0.126274	0.386881	0.126274	-0.126274	-0.386881	-0.126274	
0.123292	0.384414	0.123292	-0.123292	-0.384414	-0.123292	
0.120329	0.381919	0.120329	-0.120329	-0.381919	-0.120329	
0.117385	0.379393	0.117385	-0.117385	-0.379393	-0.117385	
0.114459	0.376839	0.114459	-0.114459	-0.376839	-0.114459	
0.111552	0.374256	0.111552	-0.111552	-0.374256	-0.111552	
0.108665	0.371643	0.108665	-0.108665	-0.371643	-0.108665	
0.105796	0.369002	0.105796	-0.105796	-0.369002	-0.105796	
0.102948	0.366333	0.102948	-0.102948	-0.366333	-0.102948	
0.100119	0.363634	0.100119	-0.100119	-0.363634	-0.100119	
0.0973109	0.360908	0.0973109	-0.0973109	-0.360908	-0.0973109	
0.0945228	0.358154	0.0945228	-0.0945228	-0.358154	-0.0945228	
0.0917551	0.355371	0.0917551	-0.0917551	-0.355371	-0.0917551	
0.0890081	0.352562	0.0890081	-0.0890081	-0.352562	-0.0890081	
0.0862819	0.349725	0.0862819	-0.0862819	-0.349725	-0.0862819	
0.0835768	0.34686	0.0835768	-0.0835768	-0.34686	-0.0835768	
0.0808928	0.343969	0.0808928	-0.0808928	-0.343969	-0.0808928	
0.0782301	0.341051	0.0782301	-0.0782301	-0.341051	-0.0782301	
0.0755888	0.338107	0.0755888	-0.0755888	-0.338107	-0.0755888	
0.0729691	0.335137	0.0729691	-0.0729691	-0.335137	-0.0729691	
0.070371	0.332141	0.070371	-0.070371	-0.332141	-0.070371	
0.0677948	0.329119	0.0677948	-0.0677948	-0.329119	-0.0677948	
0.0652404	0.326072	0.0652404	-0.0652404	-0.326072	-0.0652404	
0.062708	0.323	0.062708	-0.062708	-0.323	-0.062708	
0.0601976	0.319904	0.0601976	-0.0601976	-0.319904	-0.0601976	
0.0577093	0.316783	0.0577093	-0.0577093	-0.316783	-0.0577093	
0.0552432	0.313638	0.0552432	-0.0552432	-0.313638	-0.0552432	
0.0527993	0.31047	0.0527993	-0.0527993	-0.31047	-0.0527993	
0.0503778	0.307278	0.0503778	-0.0503778	-0.307278	-0.0503778	
0.0479785	0.304063	0.0479785	-0.0479785	-0.304063	-0.0479785	
0.0456016	0.300826	0.0456016	-0.0456016	-0.300826	-0.0456016	
0.043247	0.297566	0.043247	-0.043247	-0.297566	-0.043247	
0.0409148	0.294285	0.0409148	-0.0409148	-0.294285	-0.0409148	
0.038605	0.290982	0.038605	-0.038605	-0.290982	-0.038605	
0.0363175	0.287658	0.0363175	-0.0363175	-0.287658	-0.0363175	
0.0340524	0.284314	0.0340524	-0.0340524	-0.284314	-0.0340524	
0.0318096	0.280949	0.0318096	-0.0318096	-0.280949	-0.0318096	
0.0295892	0.277564	0.0295892	-0.0295892	-0.277564	-0.0295892	
0.027391	0.274159	0.027391	-0.027391	-0.274159	-0.027391	
0.025215	0.270736	0.025215	-0.025215	-0.270736	-0.025215	
0.0230612	0.267294	0.0230612	-0.0230612	-0.267294	-0.0230612	
0.0209295	0.263834	0.0209295	-0.0209295	-0.263834	-0.0209295	
0.0188198	0.260356	0.0188198	-0.0188198	-0.260356	-0.0188198	
0.0167321	0.256861	0.0167321	-0.0167321	-0.256861	-0.0167321	
0.0146662	0.253349	0.0146662	-0.0146662	-0.253349	-0.0146662	
0.0126222	0.249821	0.0126222	-0.0126222	-0.249821	-0.0126222	
0.0105998	0.246277	0.0105998	-0.0105998	-0.246277	-0.0105998	
0.008599	0.242717	0.008599	-0.008599	-0.242717	-0.008599	
0.00661969	0.239142	0.00661969	-0.00661969	-0.239142	-0.00661969	
0.00466172	0.235553	0.00466172	-0.00466172	-0.235553	-0.00466172	
0.00272498	0.23195	0.00272498	-0.00272498	-0.23195	-0.00272498	
0.000809338	0.228334	0.000809338	-0.000809338	-0.228334	-0.000809338	
-0.00108535	0.224704	-0.00108535	0.00108535	-0.224704	0.00108535	
-0.00295923	0.221062	-0.00295923	0.00295923	-0.221062	0.00295923	
-0.00481244	0.217408	-0.00481244	0.00481244	-0.217408	0.00481244	
-0.00664515	0.213742	-0.00664515	0.00664515	-0.213742	0.00664515	
-0.00845752	0.210066	-0.00845752	0.00845752	-0.210066	0.00845752	
-0.0102497	0.206379	-0.0102497	0.0102497	-0.206379	0.0102497	
-0.0120219	0.202682	-0.0120219	0.0120219	-0.202682	0.0120219	
-0.0137743	0.198975	-0.0137743	0.0137743	-0.198975	0.0137743	
-0.015507	0.19526	-0.015507	0.015507	-0.19526	0.015507	
-0.0172203	0.191537	-0.0172203	0.0172203	-0.191537	0.0172203	
-0.0189144	0.187805	-0.0189144	0.0189144	-0.187805	0.0189144	
-0.0205894	0.184067	-0.0205894	0.0205894	-0.184067	0.0205894	
-0.0222455	0.180322	-0.0222455	0.0222455	-0.180322	0.0222455	
-0.023883	0.17657	-0.023883	0.023883	-0.17657	0.023883	
-0.0255021	0.172813	-0.0255021	0.0255021	-0.172813	0.0255021	
-0.027103	0.169051	-0.027103	0.027103	-0.169051	0.027103	
-0.0286859	0.165284	-0.0286859	0.0286859	-0.165284	0.0286859	
-0.0302511	0.161513	-0.0302511	0.0302511	-0.161513	0.0302511	
-0.0317987	0.157739	-0.0317987	0.0317987	-0.157739	0.0317987	
-0.0333291	0.153962	-0.0333291	0.0333291	-0.153962	0.0333291	
-0.0348424	0.150183	-0.0348424	0.0348424	-0.150183	0.0348424	
-0.0363389	0.146402	-0.0363389	0.0363389	-0.146402	0.0363389	
-0.0378188	0.14262	-0.0378188	0.0378188	-0.14262	0.0378188	
-0.0392824	0.138837	-0.0392824	0.0392824	-0.138837	0.0392824	
-0.04073	0.135054	-0.04073	0.04073	-0.135054	0.04073	
-0.0421617	0.131272	-0.0421617	0.0421617	-0.131272	0.0421617	
-0.0435779	0.12749	-0.0435779	0.0435779	-0.12749	0.0435779	
-0.0449788	0.123711	-0.0449788	0.0449788	-0.123711	0.0449788	
-0.0463646	0.119933	-0.0463646	0.0463646	-0.119933	0.0463646	
-0.0477357	0.116158	-0.0477357	0.0477357	-0.116158	0.0477357	
-0.0490923	0.112387	-0.0490923	0.0490923	-0.112387	0.0490923	
-0.0504346	0.108619	-0.0504346	0.0504346	-0.108619	0.0504346	
-0.0517629	0.104856	-0.0517629	0.0517629	-0.104856	0.0517629	
-0.0530775	0.101098	-0.0530775	0.0530775	-0.101098	0.0530775	
-0.0543787	0.0973456	-0.0543787	0.0543787	-0.0973456	0.0543787	
-0.0556668	0.0935991	-0.0556668	0.0556668	-0.0935991	0.0556668	
-0.0569419	0.0898594	-0.0569419	0.0569419	-0.0898594	0.0569419	
-0.0582045	0.0861268	-0.0582045	0.0582045	-0.0861268	0.0582045	
-0.0594546	0.082402	-0.0594546	0.0594546	-0.082402	0.0594546	
-0.0606928	0.0786855	-0.0606928	0.0606928	-0.0786855	0.0606928	
-0.0619191	0.0749779	-0.0619191	0.0619191	-0.0749779	0.0619191	
-0.0631339	0.0712797	-0.0631339	0.0631339	-0.0712797	0.0631339	
-0.0643375	0.0675915	-0.0643375	0.0643375	-0.0675915	0.0643375	
-0.0655302	0.0639138	-0.0655302	0.0655302	-0.0639138	0.0655302	
-0.0667121	0.0602471	-0.0667121	0.0667121	-0.0602471	0.0667121	
-0.0678836	0.056592	-0.0678836	0.0678836	-0.056592	0.0678836	
-0.069045	0.0529489	-0.069045	0.069045	-0.0529489	0.069045	
-0.0701966	0.0493185	-0.0701966	0.0701966	-0.0493185	0.0701966	
-0.0713385	0.0457013	-0.0713385	0.0713385	-0.0457013	0.0713385	
-0.0724711	0.0420977	-0.0724711	0.0724711	-0.0420977	0.0724711	
-0.0735947	0.0385083	-0.0735947	0.0735947	-0.0385083	0.0735947	
-0.0747095	0.0349336	-0.0747095	0.0747095	-0.0349336	0.0747095	
-0.0758158	0.0313741	-0.0758158	0.0758158	-0.0313741	0.0758158	
-0.0769139	0.0278302	-0.0769139	0.0769139	-0.0278302	0.0769139	
-0.078004	0.0243026	-0.078004	0.078004	-0.0243026	0.078004	
-0.0790863	0.0207917	-0.0790863	0.0790863	-0.0207917	0.0790863	
-0.0801612	0.017298	-0.0801612	0.0801612	-0.017298	0.0801612	
-0.0812289	0.0138219	-0.0812289	0.0812289	-0.0138219	0.0812289	
-0.0822897	0.010364	-0.0822897	0.0822897	-0.010364	0.0822897	
-0.0833437	0.00692465	-0.0833437	0.0833437	-0.00692465	0.0833437	
-0.0843914	0.00350441	-0.0843914	0.0843914	-0.00350441	0.0843914	
-0.0854328	0.000103702	-0.0854328	0.0854328	-0.000103702	0.0854328	
-0.0864683	-0.00327701	-0.0864683	0.0864683	0.00327701	0.0864683	
-0.0874981	-0.00663728	-0.0874981	0.0874981	0.00663728	0.0874981	
-0.0885224	-0.00997667	-0.0885224	0.0885224	0.00997667	0.0885224	
-0.0895415	-0.0132947	-0.0895415	0.0895415	0.0132947	0.0895415	
-0.0905556	-0.0165911	-0.0905556	0.0905556	0.0165911	0.0905556	
-0.091565	-0.0198652	-0.091565	0.091565	0.0198652	0.091565	
-0.0925698	-0.0231168	-0.0925698	0.0925698	0.0231168	0.0925698	
-0.0935702	-0.0263453	-0.0935702	0.0935702	0.0263453	0.0935702	
-0.0945666	-0.0295505	-0.0945666	0.0945666	0.0295505	0.0945666	
-0.0955591	-0.0327318	-0.0955591	0.0955591	0.0327318	0.0955591	
-0.0965479	-0.035889	-0.0965479	0.0965479	0.035889	0.0965479	
-0.0975332	-0.0390216	-0.0975332	0.0975332	0.0390216	0.0975332	
-0.0985152	-0.0421293	-0.0985152	0.0985152	0.0421293	0.0985152	
-0.0994942	-0.0452116	-0.0994942	0.0994942	0.0452116	0.0994942	
-0.10047	-0.0482683	-0.10047	0.10047	0.0482683	0.10047	
-0.101444	-0.051299	-0.101444	0.101444	0.051299	0.101444	
-0.102414	-0.0543034	-0.102414	0.102414	0.0543034	0.102414	
-0.103383	-0.057281	-0.103383	0.103383	0.057281	0.103383	
-0.104349	-0.0602316	-0.104349	0.104349	0.0602316	0.104349	
-0.105314	-0.0631549	-0.105314	0.105314	0.0631549	0.105314	
-0.106276	-0.0660505	-0.106276	0.106276	0.0660505	0.106276	
-0.107237	-0.0689182	-0.107237	0.107237	0.0689182	0.107237	
-0.108196	-0.0717577	-0.108196	0.108196	0.0717577	0.108196	
-0.109154	-0.0745686	-0.109154	0.109154	0.0745686	0.109154	
-0.110111	-0.0773507	-0.110111	0.110111	0.0773507	0.110111	
-0.111066	-0.0801037	-0.111066	0.111066	0.0801037	0.111066	
-0.112021	-0.0828274	-0.112021	0.112021	0.0828274	0.112021	
-0.112974	-0.0855216	-0.112974	0.112974	0.0855216	0.112974	
-0.113927	-0.0881859	-0.113927	0.113927	0.0881859	0.113927	
-0.11488	-0.0908201	-0.11488	0.11488	0.0908201	0.11488	
-0.115831	-0.0934241	-0.115831	0.115831	0.0934241	0.115831	
-0.116783	-0.0959975	-0.116783	0.116783	0.0959975	0.116783	
-0.117734	-0.0985403	-0.117734	0.117734	0.0985403	0.117734	
-0.118685	-0.101052	-0.118685	0.118685	0.101052	0.118685	
-0.119635	-0.103533	-0.119635	0.119635	0.103533	0.119635	
-0.120586	-0.105982	-0.120586	0.120586	0.105982	0.120586	
-0.121537	-0.108401	-0.121537	0.121537	0.108401	0.121537	
-0.122487	-0.110787	-0.122487	0.122487	0.110787	0.122487	
-0.123438	-0.113142	-0.123438	0.123438	0.113142	0.123438	
-0.124389	-0.115465	-0.124389	0.124389	0.115465	0.124389	
-0.12534	-0.117755	-0.12534	0.12534	0.117755	0.12534	
-0.126292	-0.120014	-0.126292	0.126292	0.120014	0.126292	
-0.127244	-0.122241	-0.127244	0.127244	0.122241	0.127244	
-0.128196	-0.124435	-0.128196	0.128196	0.124435	0.128196	
-0.129148	-0.126596	-0.129148	0.129148	0.126596	0.129148	
-0.130101	-0.128726	-0.130101	0.130101	0.128726	0.130101	
-0.131054	-0.130822	-0.131054	0.131054	0.130822	0.131054	
-0.132008	-0.132886	-0.132008	0.132008	0.132886	0.132008	
-0.132962	-0.134917	-0.132962	0.132962	0.134917	0.132962	
-0.133916	-0.136915	-0.133916	0.133916	0.136915	0.133916	
-0.134871	-0.138881	-0.134871	0.134871	0.138881	0.134871	
-0.135826	-0.140813	-0.135826	0.135826	0.140813	0.135826	
-0.136781	-0.142713	-0.136781	0.136781	0.142713	0.136781	
-0.137736	-0.14458	-0.137736	0.137736	0.14458	0.137736	
-0.138692	-0.146414	-0.138692	0.138692	0.146414	0.138692	
-0.139648	-0.148215	-0.139648	0.139648	0.148215	0.139648	
-0.140604	-0.149983	-0.140604	0.140604	0.149983	0.140604	
-0.14156	-0.151719	-0.14156	0.14156	0.151719	0.14156	
-0.142516	-0.153421	-0.142516	0.142516	0.153421	0.142516	
-0.143472	-0.155091	-0.143472	0.143472	0.155091	0.143472	
-0.144428	-0.156728	-0.144428	0.144428	0.156728	0.144428	
-0.145384	-0.158333	-0.145384	0.145384	0.158333	0.145384	
-0.146339	-0.159905	-0.146339	0.146339	0.159905	0.146339	
-0.147294	-0.161444	-0.147294	0.147294	0.161444	0.147294	
-0.148248	-0.162951	-0.148248	0.148248	0.162951	0.148248	
-0.149202	-0.164426	-0.149202	0.149202	0.164426	0.149202	
-0.150155	-0.165868	-0.150155	0.150155	0.165868	0.150155	
-0.151107	-0.167279	-0.151107	0.151107	0.167279	0.151107	
-0.152058	-0.168657	-0.152058	0.152058	0.168657	0.152058	
-0.153008	-0.170004	-0.153008	0.153008	0.170004	0.153008	
-0.153957	-0.171319	-0.153957	0.153957	0.171319	0.153957	
-0.154904	-0.172602	-0.154904	0.154904	0.172602	0.154904	
-0.15585	-0.173854	-0.15585	0.15585	0.173854	0.15585	
-0.156794	-0.175075	-0.156794	0.156794	0.175075	0.156794	
-0.157736	-0.176265	-0.157736	0.157736	0.176265	0.157736	
-0.158677	-0.177424	-0.158677	0.158677	0.177424	0.158677	
-0.159615	-0.178552	-0.159615	0.159615	0.178552	0.159615	
-0.16055	-0.17965	-0.16055	0.16055	0.17965	0.16055	
-0.161483	-0.180717	-0.161483	0.161483	0.180717	0.161483	
-0.162414	-0.181754	-0.162414	0.162414	0.181754	0.162414	
-0.163341	-0.182762	-0.163341	0.163341	0.182762	0.163341	
-0.164266	-0.18374	-0.164266	0.164266	0.18374	0.164266	
-0.165187	-0.184688	-0.165187	0.165187	0.184688	0.165187	
-0.166105	-0.185607	-0.166105	0.166105	0.185607	0.166105	
-0.167018	-0.186498	-0.167018	0.167018	0.186498	0.167018	
-0.167929	-0.187359	-0.167929	0.167929	0.187359	0.167929	
-0.168835	-0.188193	-0.168835	0.168835	0.188193	0.168835	
-0.169736	-0.188998	-0.169736	0.169736	0.188998	0.169736	
-0.170633	-0.189775	-0.170633	0.170633	0.189775	0.170633	
-0.171525	-0.190525	-0.171525	0.171525	0.190525	0.171525	
-0.172413	-0.191247	-0.172413	0.172413	0.191247	0.172413	
-0.173295	-0.191942	-0.173295	0.173295	0.191942	0.173295	
-0.174171	-0.192611	-0.174171	0.174171	0.192611	0.174171	
-0.175042	-0.193253	-0.175042	0.175042	0.193253	0.175042	
-0.175907	-0.193869	-0.175907	0.175907	0.193869	0.175907	
-0.176766	-0.194459	-0.176766	0.176766	0.194459	0.176766	
-0.177618	-0.195024	-0.177618	0.177618	0.195024	0.177618	
-0.178464	-0.195564	-0.178464	0.178464	0.195564	0.178464	
-0.179302	-0.196078	-0.179302	0.179302	0.196078	0.179302	
-0.180134	-0.196569	-0.180134	0.180134	0.196569	0.180134	
-0.180958	-0.197035	-0.180958	0.180958	0.197035	0.180958	
-0.181774	-0.197477	-0.181774	0.181774	0.197477	0.181774	
-0.182582	-0.197896	-0.182582	0.182582	0.197896	0.182582	
-0.183382	-0.198291	-0.183382	0.183382	0.198291	0.183382	
-0.184174	-0.198664	-0.184174	0.184174	0.198664	0.184174	
-0.184956	-0.199015	-0.184956	0.184956	0.199015	0.184956	
-0.18573	-0.199343	-0.18573	0.18573	0.199343	0.18573	
-0.186494	-0.19965	-0.186494	0.186494	0.19965	0.186494	
-0.187249	-0.199935	-0.187249	0.187249	0.199935	0.187249	
-0.187994	-0.200199	-0.187994	0.187994	0.200199	0.187994	
-0.188729	-0.200443	-0.188729	0.188729	0.200443	0.188729	
-0.189453	-0.200667	-0.189453	0.189453	0.200667	0.189453	
-0.190166	-0.200871	-0.190166	0.190166	0.200871	0.190166	
-0.190869	-0.201055	-0.190869	0.190869	0.201055	0.190869	
-0.19156	-0.201221	-0.19156	0.19156	0.201221	0.19156	
-0.19224	-0.201367	-0.19224	0.19224	0.201367	0.19224	
-0.192908	-0.201496	-0.192908	0.192908	0.201496	0.192908	
-0.193564	-0.201606	-0.193564	0.193564	0.201606	0.193564	
-0.194207	-0.201699	-0.194207	0.194207	0.201699	0.194207	
-0.194838	-0.201775	-0.194838	0.194838	0.201775	0.194838	
-0.195456	-0.201835	-0.195456	0.195456	0.201835	0.195456	
-0.196061	-0.201878	-0.196061	0.196061	0.201878	0.196061	
-0.196652	-0.201905	-0.196652	0.196652	0.201905	0.196652	
-0.19723	-0.201917	-0.19723	0.19723	0.201917	0.19723	
-0.197793	-0.201913	-0.197793	0.197793	0.201913	0.197793	
-0.198342	-0.201895	-0.198342	0.198342	0.201895	0.198342	
-0.198877	-0.201863	-0.198877	0.198877	0.201863	0.198877	
-0.199396	-0.201817	-0.199396	0.199396	0.201817	0.199396	
-0.199901	-0.201757	-0.199901	0.199901	0.201757	0.199901	
-0.20039	-0.201684	-0.20039	0.20039	0.201684	0.20039	
-0.200863	-0.201599	-0.200863	0.200863	0.201599	0.200863	
-0.201321	-0.201501	-0.201321	0.201321	0.201501	0.201321	
-0.201762	-0.201391	-0.201762	0.201762	0.201391	0.201762	
-0.202187	-0.20127	-0.202187	0.202187	0.20127	0.202187	
-0.202595	-0.201138	-0.202595	0.202595	0.201138	0.202595	
-0.202986	-0.200996	-0.202986	0.202986	0.200996	0.202986	
-0.20336	-0.200843	-0.20336	0.20336	0.200843	0.20336	
-0.203717	-0.20068	-0.203717	0.203717	0.20068	0.203717	
-0.204056	-0.200508	-0.204056	0.204056	0.200508	0.204056	
-0.204376	-0.200326	-0.204376	0.204376	0.200326	0.204376	
-0.204679	-0.200136	-0.204679	0.204679	0.200136	0.204679	
-0.204963	-0.199938	-0.204963	0.204963	0.199938	0.204963	
-0.205229	-0.199731	-0.205229	0.205229	0.199731	0.205229	
-0.205475	-0.199518	-0.205475	0.205475	0.199518	0.205475	
-0.205703	-0.199297	-0.205703	0.205703	0.199297	0.205703	
-0.205911	-0.199069	-0.205911	0.205911	0.199069	0.205911	
-0.206099	-0.198835	-0.206099	0.206099	0.198835	0.206099	
-0.206268	-0.198595	-0.206268	0.206268	0.198595	0.206268	
-0.206417	-0.198349	-0.206417	0.206417	0.198349	0.206417	
-0.206545	-0.198099	-0.206545	0.206545	0.198099	0.206545	
-0.206653	-0.197843	-0.206653	0.206653	0.197843	0.206653	
-0.206741	-0.197583	-0.206741	0.206741	0.197583	0.206741	
-0.206807	-0.197318	-0.206807	0.206807	0.197318	0.206807	
-0.206853	-0.19705	-0.206853	0.206853	0.19705	0.206853	
-0.206877	-0.196778	-0.206877	0.206877	0.196778	0.206877	
-0.206881	-0.196503	-0.206881	0.206881	0.196503	0.206881	
-0.206862	-0.196226	-0.206862	0.206862	0.196226	0.206862	
-0.206822	-0.195946	-0.206822	0.206822	0.195946	0.206822	
-0.20676	-0.195664	-0.20676	0.20676	0.195664	0.20676	
-0.206676	-0.19538	-0.206676	0.206676	0.19538	0.206676	
-0.20657	-0.195095	-0.20657	0.20657	0.195095	0.20657	
-0.206441	-0.194809	-0.206441	0.206441	0.194809	0.206441	
-0.20629	-0.194522	-0.20629	0.20629	0.194522	0.20629	
-0.206117	-0.194234	-0.206117	0.206117	0.194234	0.206117	
-0.205921	-0.193947	-0.205921	0.205921	0.193947	0.205921	
-0.205701	-0.193659	-0.205701	0.205701	0.193659	0.205701	
-0.205459	-0.193372	-0.205459	0.205459	0.193372	0.205459	
-0.205194	-0.193086	-0.205194	0.205194	0.193086	0.205194	
-0.204906	-0.192801	-0.204906	0.204906	0.192801	0.204906	
-0.204594	-0.192517	-0.204594	0.204594	0.192517	0.204594	
-0.204259	-0.192235	-0.204259	0.204259	0.192235	0.204259	
-0.203901	-0.191954	-0.203901	0.203901	0.191954	0.203901	
-0.203519	-0.191676	-0.203519	0.203519	0.191676	0.203519	
-0.203113	-0.1914	-0.203113	0.203113	0.1914	0.203113	
-0.202684	-0.191127	-0.202684	0.202684	0.191127	0.202684	
-0.202231	-0.190857	-0.202231	0.202231	0.190857	0.202231	
-0.201754	-0.19059	-0.201754	0.201754	0.19059	0.201754	
-0.201254	-0.190326	-0.201254	0.201254	0.190326	0.201254	
-0.200729	-0.190066	-0.200729	0.200729	0.190066	0.200729	
-0.200181	-0.18981	-0.200181	0.200181	0.18981	0.200181	
-0.199609	-0.189557	-0.199609	0.199609	0.189557	0.199609	
-0.199013	-0.18931	-0.199013	0.199013	0.18931	0.199013	
-0.198392	-0.189066	-0.198392	0.198392	0.189066	0.198392	
-0.197748	-0.188828	-0.197748	0.197748	0.188828	0.197748	
-0.19708	-0.188594	-0.19708	0.19708	0.188594	0.19708	
-0.196389	-0.188365	-0.196389	0.196389	0.188365	0.196389	
-0.195673	-0.188142	-0.195673	0.195673	0.188142	0.195673	
-0.194933	-0.187924	-0.194933	0.194933	0.187924	0.194933	
-0.19417	-0.187711	-0.19417	0.19417	0.187711	0.19417	
-0.193382	-0.187504	-0.193382	0.193382	0.187504	0.193382	
-0.192571	-0.187304	-0.192571	0.192571	0.187304	0.192571	
-0.191737	-0.187109	-0.191737	0.191737	0.187109	0.191737	
-0.190878	-0.186921	-0.190878	0.190878	0.186921	0.190878	
-0.189996	-0.186739	-0.189996	0.189996	0.186739	0.189996	
-0.189091	-0.186563	-0.189091	0.189091	0.186563	0.189091	
-0.188162	-0.186394	-0.188162	0.188162	0.186394	0.188162	
-0.18721	-0.186232	-0.18721	0.18721	0.186232	0.18721	
-0.186235	-0.186076	-0.186235	0.186235	0.186076	0.186235	
-0.185236	-0.185928	-0.185236	0.185236	0.185928	0.185236	
-0.184215	-0.185786	-0.184215	0.184215	0.185786	0.184215	
-0.183171	-0.185652	-0.183171	0.183171	0.185652	0.183171	
-0.182104	-0.185525	-0.182104	0.182104	0.185525	0.182104	
-0.181014	-0.185405	-0.181014	0.181014	0.185405	0.181014	
-0.179903	-0.185292	-0.179903	0.179903	0.185292	0.179903	
-0.178768	-0.185187	-0.178768	0.178768	0.185187	0.178768	
-0.177612	-0.185089	-0.177612	0.177612	0.185089	0.177612	
-0.176434	-0.184999	-0.176434	0.176434	0.184999	0.176434	
-0.175234	-0.184916	-0.175234	0.175234	0.184916	0.175234	
-0.174012	-0.184841	-0.174012	0.174012	0.184841	0.174012	
-0.172769	-0.184774	-0.172769	0.172769	0.184774	0.172769	
-0.171505	-0.184714	-0.171505	0.171505	0.184714	0.171505	
-0.17022	-0.184661	-0.17022	0.17022	0.184661	0.17022	
-0.168914	-0.184617	-0.168914	0.168914	0.184617	0.168914	
-0.167588	-0.18458	-0.167588	0.167588	0.18458	0.167588	
-0.166241	-0.184551	-0.166241	0.166241	0.184551	0.166241	
-0.164874	-0.184529	-0.164874	0.164874	0.184529	0.164874	
-0.163487	-0.184515	-0.163487	0.163487	0.184515	0.163487	
-0.162081	-0.184509	-0.162081	0.162081	0.184509	0.162081	
-0.160655	-0.18451	-0.160655	0.160655	0.18451	0.160655	
-0.15921	-0.184519	-0.15921	0.15921	0.184519	0.15921	
-0.157747	-0.184535	-0.157747	0.157747	0.184535	0.157747	
-0.156265	-0.184559	-0.156265	0.156265	0.184559	0.156265	
-0.154764	-0.18459	-0.154764	0.154764	0.18459	0.154764	
-0.153246	-0.184629	-0.153246	0.153246	0.184629	0.153246	
-0.15171	-0.184674	-0.15171	0.15171	0.184674	0.15171	
-0.150156	-0.184727	-0.150156	0.150156	0.184727	0.150156	
-0.148585	-0.184787	-0.148585	0.148585	0.184787	0.148585	
-0.146998	-0.184855	-0.146998	0.146998	0.184855	0.146998	
-0.145394	-0.184929	-0.145394	0.145394	0.184929	0.145394	
-0.143774	-0.18501	-0.143774	0.143774	0.18501	0.143774	
-0.142138	-0.185098	-0.142138	0.142138	0.185098	0.142138	
-0.140487	-0.185192	-0.140487	0.140487	0.185192	0.140487	
-0.138821	-0.185293	-0.138821	0.138821	0.185293	0.138821	
-0.13714	-0.185401	-0.13714	0.13714	0.185401	0.13714	
-0.135444	-0.185515	-0.135444	0.135444	0.185515	0.135444	
-0.133735	-0.185635	-0.133735	0.133735	0.185635	0.133735	
-0.132011	-0.185761	-0.132011	0.132011	0.185761	0.132011	
-0.130275	-0.185893	-0.130275	0.130275	0.185893	0.130275	
-0.128525	-0.186031	-0.128525	0.128525	0.186031	0.128525	
-0.126763	-0.186175	-0.126763	0.126763	0.186175	0.126763	
-0.124988	-0.186324	-0.124988	0.124988	0.186324	0.124988	
-0.123202	-0.186478	-0.123202	0.123202	0.186478	0.123202	
-0.121405	-0.186638	-0.121405	0.121405	0.186638	0.121405	
-0.119596	-0.186803	-0.119596	0.119596	0.186803	0.119596	
-0.117777	-0.186973	-0.117777	0.117777	0.186973	0.117777	
-0.115947	-0.187147	-0.115947	0.115947	0.187147	0.115947	
-0.114108	-0.187327	-0.114108	0.114108	0.187327	0.114108	
-0.11226	-0.18751	-0.11226	0.11226	0.18751	0.11226	
-0.110402	-0.187698	-0.110402	0.110402	0.187698	0.110402	
-0.108536	-0.18789	-0.108536	0.108536	0.18789	0.108536	
-0.106662	-0.188085	-0.106662	0.106662	0.188085	0.106662	
-0.10478	-0.188284	-0.10478	0.10478	0.188284	0.10478	
-0.102891	-0.188487	-0.102891	0.102891	0.188487	0.102891	
-0.100995	-0.188693	-0.100995	0.100995	0.188693	0.100995	
-0.0990925	-0.188902	-0.0990925	0.0990925	0.188902	0.0990925	
-0.0971842	-0.189114	-0.0971842	0.0971842	0.189114	0.0971842	
-0.0952704	-0.189329	-0.0952704	0.0952704	0.189329	0.0952704	
-0.0933516	-0.189546	-0.0933516	0.0933516	0.189546	0.0933516	
-0.0914282	-0.189766	-0.0914282	0.0914282	0.189766	0.0914282	
-0.0895007	-0.189988	-0.0895007	0.0895007	0.189988	0.0895007	
-0.0875694	-0.190211	-0.0875694	0.0875694	0.190211	0.0875694	
-0.085635	-0.190436	-0.085635	0.085635	0.190436	0.085635	
-0.0836977	-0.190663	-0.0836977	0.0836977	0.190663	0.0836977	
-0.0817582	-0.190891	-0.0817582	0.0817582	0.190891	0.0817582	
-0.0798167	-0.191119	-0.0798167	0.0798167	0.191119	0.0798167	
-0.0778739	-0.191349	-0.0778739	0.0778739	0.191349	0.0778739	
-0.0759302	-0.191579	-0.0759302	0.0759302	0.191579	0.0759302	
-0.0739861	-0.19181	-0.0739861	0.0739861	0.19181	0.0739861	
-0.0720419	-0.192041	-0.0720419	0.0720419	0.192041	0.0720419	
-0.0700982	-0.192271	-0.0700982	0.0700982	0.192271	0.0700982	
-0.0681555	-0.192501	-0.0681555	0.0681555	0.192501	0.0681555	
-0.0662141	-0.192731	-0.0662141	0.0662141	0.192731	0.0662141	
-0.0642747	-0.19296	-0.0642747	0.0642747	0.19296	0.0642747	
-0.0623376	-0.193188	-0.0623376	0.0623376	0.193188	0.0623376	
-0.0604033	-0.193415	-0.0604033	0.0604033	0.193415	0.0604033	
-0.0584724	-0.19364	-0.0584724	0.0584724	0.19364	0.0584724	
-0.0565452	-0.193864	-0.0565452	0.0565452	0.193864	0.0565452	
-0.0546222	-0.194086	-0.0546222	0.0546222	0.194086	0.0546222	
-0.0527039	-0.194306	-0.0527039	0.0527039	0.194306	0.0527039	
-0.0507908	-0.194523	-0.0507908	0.0507908	0.194523	0.0507908	
-0.0488834	-0.194738	-0.0488834	0.0488834	0.194738	0.0488834	
-0.046982	-0.19495	-0.046982	0.046982	0.19495	0.046982	
-0.0450873	-0.195159	-0.0450873	0.0450873	0.195159	0.0450873	
-0.0431995	-0.195365	-0.0431995	0.0431995	0.195365	0.0431995	
-0.0413193	-0.195568	-0.0413193	0.0413193	0.195568	0.0413193	
-0.039447	-0.195766	-0.039447	0.039447	0.195766	0.039447	
-0.0375832	-0.195961	-0.0375832	0.0375832	0.195961	0.0375832	
-0.0357282	-0.196152	-0.0357282	0.0357282	0.196152	0.0357282	
-0.0338826	-0.196339	-0.0338826	0.0338826	0.196339	0.0338826	
-0.0320468	-0.196521	-0.0320468	0.0320468	0.196521	0.0320468	
-0.0302212	-0.196698	-0.0302212	0.0302212	0.196698	0.0302212	
-0.0284063	-0.19687	-0.0284063	0.0284063	0.19687	0.0284063	
-0.0266025	-0.197037	-0.0266025	0.0266025	0.197037	0.0266025	
-0.0248103	-0.197199	-0.0248103	0.0248103	0.197199	0.0248103	
-0.0230302	-0.197355	-0.0230302	0.0230302	0.197355	0.0230302	
-0.0212625	-0.197506	-0.0212625	0.0212625	0.197506	0.0212625	
-0.0195077	-0.197651	-0.0195077	0.0195077	0.197651	0.0195077	
-0.0177662	-0.197789	-0.0177662	0.0177662	0.197789	0.0177662	
-0.0160385	-0.197921	-0.0160385	0.0160385	0.197921	0.0160385	
-0.014325	-0.198047	-0.014325	0.014325	0.198047	0.014325	
-0.0126261	-0.198165	-0.0126261	0.0126261	0.198165	0.0126261	
-0.0109422	-0.198277	-0.0109422	0.0109422	0.198277	0.0109422	
-0.00927374	-0.198382	-0.00927374	0.00927374	0.198382	0.00927374	
-0.00762113	-0.19848	-0.00762113	0.00762113	0.19848	0.00762113	
-0.00598477	-0.19857	-0.00598477	0.00598477	0.19857	0.00598477	
-0.00436507	-0.198652	-0.00436507	0.00436507	0.198652	0.00436507	
-0.00276241	-0.198727	-0.00276241	0.00276241	0.198727	0.00276241	
-0.0011772	-0.198794	-0.0011772	0.0011772	0.198794	0.0011772	
0.000390191	-0.198852	0.000390191	-0.000390191	0.198852	-0.000390191	
0.00193937	-0.198903	0.00193937	-0.00193937	0.198903	-0.00193937	
0.00346996	-0.198945	0.00346996	-0.00346996	0.198945	-0.00346996	
0.00498159	-0.198978	0.00498159	-0.00498159	0.198978	-0.00498159	
0.0064739	-0.199003	0.0064739	-0.0064739	0.199003	-0.0064739	
0.00794652	-0.199018	0.00794652	-0.00794652	0.199018	-0.00794652	
0.00939909	-0.199025	0.00939909	-0.00939909	0.199025	-0.00939909	
0.0108313	-0.199023	0.0108313	-0.0108313	0.199023	-0.0108313	
0.0122427	-0.199011	0.0122427	-0.0122427	0.199011	-0.0122427	
0.0136331	-0.19899	0.0136331	-0.0136331	0.19899	-0.0136331	
0.015002	-0.19896	0.015002	-0.015002	0.19896	-0.015002	
0.0163492	-0.19892	0.0163492	-0.0163492	0.19892	-0.0163492	
0.0176744	-0.19887	0.0176744	-0.0176744	0.19887	-0.0176744	
0.0189772	-0.19881	0.0189772	-0.0189772	0.19881	-0.0189772	
0.0202573	-0.19874	0.0202573	-0.0202573	0.19874	-0.0202573	
0.0215144	-0.198661	0.0215144	-0.0215144	0.198661	-0.0215144	
0.0227482	-0.198571	0.0227482	-0.0227482	0.198571	-0.0227482	
0.0239584	-0.198471	0.0239584	-0.0239584	0.198471	-0.0239584	
0.0251448	-0.19836	0.0251448	-0.0251448	0.19836	-0.0251448	
0.0263071	-0.19824	0.0263071	-0.0263071	0.19824	-0.0263071	
0.027445	-0.198108	0.027445	-0.027445	0.198108	-0.027445	
0.0285582	-0.197967	0.0285582	-0.0285582	0.197967	-0.0285582	
0.0296464	-0.197814	0.0296464	-0.0296464	0.197814	-0.0296464	
0.0307096	-0.197651	0.0307096	-0.0307096	0.197651	-0.0307096	
0.0317473	-0.197477	0.0317473	-0.0317473	0.197477	-0.0317473	
0.0327594	-0.197293	0.0327594	-0.0327594	0.197293	-0.0327594	
0.0337456	-0.197098	0.0337456	-0.0337456	0.197098	-0.0337456	
0.0347057	-0.196892	0.0347057	-0.0347057	0.196892	-0.0347057	
0.0356395	-0.196675	0.0356395	-0.0356395	0.196675	-0.0356395	
0.0365469	-0.196447	0.0365469	-0.0365469	0.196447	-0.0365469	
0.0374275	-0.196208	0.0374275	-0.0374275	0.196208	-0.0374275	
0.0382812	-0.195958	0.0382812	-0.0382812	0.195958	-0.0382812	
0.0391079	-0.195697	0.0391079	-0.0391079	0.195697	-0.0391079	
0.0399073	-0.195426	0.0399073	-0.0399073	0.195426	-0.0399073	
0.0406794	-0.195143	0.0406794	-0.0406794	0.195143	-0.0406794	
0.0414238	-0.19485	0.0414238	-0.0414238	0.19485	-0.0414238	
0.0421406	-0.194545	0.0421406	-0.0421406	0.194545	-0.0421406	
0.0428294	-0.19423	0.0428294	-0.0428294	0.19423	-0.0428294	
0.0434903	-0.193903	0.0434903	-0.0434903	0.193903	-0.0434903	
0.0441231	-0.193566	0.0441231	-0.0441231	0.193566	-0.0441231	
0.0447276	-0.193218	0.0447276	-0.0447276	0.193218	-0.0447276	
0.0453038	-0.192859	0.0453038	-0.0453038	0.192859	-0.0453038	
0.0458515	-0.192489	0.0458515	-0.0458515	0.192489	-0.0458515	
0.0463707	-0.192109	0.0463707	-0.0463707	0.192109	-0.0463707	
0.0468612	-0.191718	0.0468612	-0.0468612	0.191718	-0.0468612	
0.047323	-0.191316	0.047323	-0.047323	0.191316	-0.047323	
0.0477561	-0.190904	0.0477561	-0.0477561	0.190904	-0.0477561	
0.0481602	-0.190481	0.0481602	-0.0481602	0.190481	-0.0481602	
0.0485355	-0.190048	0.0485355	-0.0485355	0.190048	-0.0485355	
0.0488819	-0.189604	0.0488819	-0.0488819	0.189604	-0.0488819	
0.0491992	-0.189151	0.0491992	-0.0491992	0.189151	-0.0491992	
0.0494876	-0.188687	0.0494876	-0.0494876	0.188687	-0.0494876	
0.0497469	-0.188213	0.0497469	-0.0497469	0.188213	-0.0497469	
0.0499772	-0.187729	0.0499772	-0.0499772	0.187729	-0.0499772	
0.0501784	-0.187235	0.0501784	-0.0501784	0.187235	-0.0501784	
0.0503505	-0.186731	0.0503505	-0.0503505	0.186731	-0.0503505	
0.0504936	-0.186218	0.0504936	-0.0504936	0.186218	-0.0504936	
0.0506077	-0.185695	0.0506077	-0.0506077	0.185695	-0.0506077	
0.0506928	-0.185163	0.0506928	-0.0506928	0.185163	-0.0506928	
0.0507489	-0.184621	0.0507489	-0.0507489	0.184621	-0.0507489	
0.0507761	-0.184071	0.0507761	-0.0507761	0.184071	-0.0507761	
0.0507745	-0.183511	0.0507745	-0.0507745	0.183511	-0.0507745	
0.050744	-0.182942	0.050744	-0.050744	0.182942	-0.050744	
0.0506848	-0.182365	0.0506848	-0.0506848	0.182365	-0.0506848	
0.0505969	-0.181779	0.0505969	-0.0505969	0.181779	-0.0505969	
0.0504805	-0.181185	0.0504805	-0.0504805	0.181185	-0.0504805	
0.0503355	-0.180582	0.0503355	-0.0503355	0.180582	-0.0503355	
0.0501622	-0.179972	0.0501622	-0.0501622	0.179972	-0.0501622	
0.0499605	-0.179353	0.0499605	-0.0499605	0.179353	-0.0499605	
0.0497307	-0.178727	0.0497307	-0.0497307	0.178727	-0.0497307	
0.0494729	-0.178093	0.0494729	-0.0494729	0.178093	-0.0494729	
0.0491871	-0.177451	0.0491871	-0.0491871	0.177451	-0.0491871	
0.0488735	-0.176803	0.0488735	-0.0488735	0.176803	-0.0488735	
0.0485323	-0.176147	0.0485323	-0.0485323	0.176147	-0.0485323	
0.0481635	-0.175485	0.0481635	-0.0481635	0.175485	-0.0481635	
0.0477675	-0.174816	0.0477675	-0.0477675	0.174816	-0.0477675	
0.0473443	-0.17414	0.0473443	-0.0473443	0.17414	-0.0473443	
0.046894	-0.173458	0.046894	-0.046894	0.173458	-0.046894	
0.046417	-0.17277	0.046417	-0.046417	0.17277	-0.046417	
0.0459133	-0.172077	0.0459133	-0.0459133	0.172077	-0.0459133	
0.0453832	-0.171377	0.0453832	-0.0453832	0.171377	-0.0453832	
0.0448269	-0.170672	0.0448269	-0.0448269	0.170672	-0.0448269	
0.0442445	-0.169963	0.0442445	-0.0442445	0.169963	-0.0442445	
0.0436363	-0.169248	0.0436363	-0.0436363	0.169248	-0.0436363	
0.0430025	-0.168528	0.0430025	-0.0430025	0.168528	-0.0430025	
0.0423434	-0.167804	0.0423434	-0.0423434	0.167804	-0.0423434	
0.0416592	-0.167075	0.0416592	-0.0416592	0.167075	-0.0416592	
0.04095	-0.166343	0.04095	-0.04095	0.166343	-0.04095	
0.0402162	-0.165606	0.0402162	-0.0402162	0.165606	-0.0402162	
0.0394581	-0.164867	0.0394581	-0.0394581	0.164867	-0.0394581	
0.0386758	-0.164123	0.0386758	-0.0386758	0.164123	-0.0386758	
0.0378696	-0.163377	0.0378696	-0.0378696	0.163377	-0.0378696	
0.0370399	-0.162628	0.0370399	-0.0370399	0.162628	-0.0370399	
0.0361868	-0.161876	0.0361868	-0.0361868	0.161876	-0.0361868	
0.0353107	-0.161122	0.0353107	-0.0353107	0.161122	-0.0353107	
0.0344119	-0.160365	0.0344119	-0.0344119	0.160365	-0.0344119	
0.0334906	-0.159607	0.0334906	-0.0334906	0.159607	-0.0334906	
0.0325472	-0.158847	0.0325472	-0.0325472	0.158847	-0.0325472	
0.031582	-0.158086	0.031582	-0.031582	0.158086	-0.031582	
0.0305952	-0.157324	0.0305952	-0.0305952	0.157324	-0.0305952	
0.0295872	-0.15656	0.0295872	-0.0295872	0.15656	-0.0295872	
0.0285584	-0.155797	0.0285584	-0.0285584	0.155797	-0.0285584	
0.0275089	-0.155033	0.0275089	-0.0275089	0.155033	-0.0275089	
0.0264392	-0.154269	0.0264392	-0.0264392	0.154269	-0.0264392	
0.0253496	-0.153505	0.0253496	-0.0253496	0.153505	-0.0253496	
0.0242405	-0.152741	0.0242405	-0.0242405	0.152741	-0.0242405	
0.0231121	-0.151978	0.0231121	-0.0231121	0.151978	-0.0231121	
0.0219649	-0.151216	0.0219649	-0.0219649	0.151216	-0.0219649	
0.0207991	-0.150456	0.0207991	-0.0207991	0.150456	-0.0207991	
0.0196152	-0.149697	0.0196152	-0.0196152	0.149697	-0.0196152	
0.0184135	-0.148939	0.0184135	-0.0184135	0.148939	-0.0184135	
0.0171943	-0.148184	0.0171943	-0.0171943	0.148184	-0.0171943	
0.0159581	-0.147431	0.0159581	-0.0159581	0.147431	-0.0159581	
0.0147052	-0.14668	0.0147052	-0.0147052	0.14668	-0.0147052	
0.0134359	-0.145933	0.0134359	-0.0134359	0.145933	-0.0134359	
0.0121507	-0.145188	0.0121507	-0.0121507	0.145188	-0.0121507	
0.0108499	-0.144447	0.0108499	-0.0108499	0.144447	-0.0108499	
0.00953397	-0.143709	0.00953397	-0.00953397	0.143709	-0.00953397	
0.00820322	-0.142975	0.00820322	-0.00820322	0.142975	-0.00820322	
0.00685805	-0.142245	0.00685805	-0.00685805	0.142245	-0.00685805	
0.00549888	-0.14152	0.00549888	-0.00549888	0.14152	-0.00549888	
0.00412608	-0.140799	0.00412608	-0.00412608	0.140799	-0.00412608	
0.00274007	-0.140083	0.00274007	-0.00274007	0.140083	-0.00274007	
0.00134122	-0.139373	0.00134122	-0.00134122	0.139373	-0.00134122	
-7.00414e-05	-0.138667	-7.00414e-05	7.00414e-05	0.138667	7.00414e-05	
-0.00149333	-0.137968	-0.00149333	0.00149333	0.137968	0.00149333	
-0.00292822	-0.137274	-0.00292822	0.00292822	0.137274	0.00292822	
-0.00437433	-0.136586	-0.00437433	0.00437433	0.136586	0.00437433	
-0.00583123	-0.135905	-0.00583123	0.00583123	0.135905	0.00583123	
-0.00729853	-0.13523	-0.00729853	0.00729853	0.13523	0.00729853	
-0.0087758	-0.134562	-0.0087758	0.0087758	0.134562	0.0087758	
-0.0102626	-0.133902	-0.0102626	0.0102626	0.133902	0.0102626	
-0.0117586	-0.133248	-0.0117586	0.0117586	0.133248	0.0117586	
-0.0132634	-0.132603	-0.0132634	0.0132634	0.132603	0.0132634	
-0.0147764	-0.131965	-0.0147764	0.0147764	0.131965	0.0147764	
-0.0162974	-0.131335	-0.0162974	0.0162974	0.131335	0.0162974	
-0.0178258	-0.130713	-0.0178258	0.0178258	0.130713	0.0178258	
-0.0193614	-0.1301	-0.0193614	0.0193614	0.1301	0.0193614	
-0.0209035	-0.129496	-0.0209035	0.0209035	0.129496	0.0209035	
-0.022452	-0.1289	-0.022452	0.022452	0.1289	0.022452	
-0.0240062	-0.128314	-0.0240062	0.0240062	0.128314	0.0240062	
-0.0255659	-0.127737	-0.0255659	0.0255659	0.127737	0.0255659	
-0.0271306	-0.12717	-0.0271306	0.0271306	0.12717	0.0271306	
-0.0286998	-0.126612	-0.0286998	0.0286998	0.126612	0.0286998	
-0.0302732	-0.126065	-0.0302732	0.0302732	0.126065	0.0302732	
-0.0318503	-0.125528	-0.0318503	0.0318503	0.125528	0.0318503	
-0.0334308	-0.125001	-0.0334308	0.0334308	0.125001	0.0334308	
-0.0350142	-0.124484	-0.0350142	0.0350142	0.124484	0.0350142	
-0.0366002	-0.123979	-0.0366002	0.0366002	0.123979	0.0366002	
-0.0381882	-0.123484	-0.0381882	0.0381882	0.123484	0.0381882	
-0.0397779	-0.123001	-0.0397779	0.0397779	0.123001	0.0397779	
-0.0413689	-0.122529	-0.0413689	0.0413689	0.122529	0.0413689	
-0.0429607	-0.122068	-0.0429607	0.0429607	0.122068	0.0429607	
-0.0445531	-0.121619	-0.0445531	0.0445531	0.121619	0.0445531	
-0.0461455	-0.121182	-0.0461455	0.0461455	0.121182	0.0461455	
-0.0477376	-0.120757	-0.0477376	0.0477376	0.120757	0.0477376	
-0.0493289	-0.120344	-0.0493289	0.0493289	0.120344	0.0493289	
-0.0509192	-0.119943	-0.0509192	0.0509192	0.119943	0.0509192	
-0.0525079	-0.119555	-0.0525079	0.0525079	0.119555	0.0525079	
-0.0540947	-0.119179	-0.0540947	0.0540947	0.119179	0.0540947	
-0.0556792	-0.118817	-0.0556792	0.0556792	0.118817	0.0556792	
-0.057261	-0.118467	-0.057261	0.057261	0.118467	0.057261	
-0.0588398	-0.11813	-0.0588398	0.0588398	0.11813	0.0588398	
-0.0604151	-0.117806	-0.0604151	0.0604151	0.117806	0.0604151	
-0.0619866	-0.117495	-0.0619866	0.0619866	0.117495	0.0619866	
-0.0635538	-0.117198	-0.0635538	0.0635538	0.117198	0.0635538	
-0.0651165	-0.116914	-0.0651165	0.0651165	0.116914	0.0651165	
-0.0666743	-0.116644	-0.0666743	0.0666743	0.116644	0.0666743	
-0.0682267	-0.116387	-0.0682267	0.0682267	0.116387	0.0682267	
-0.0697735	-0.116144	-0.0697735	0.0697735	0.116144	0.0697735	
-0.0713143	-0.115915	-0.0713143	0.0713143	0.115915	0.0713143	
-0.0728487	-0.115701	-0.0728487	0.0728487	0.115701	0.0728487	
-0.0743763	-0.1155	-0.0743763	0.0743763	0.1155	0.0743763	
-0.0758969	-0.115313	-0.0758969	0.0758969	0.115313	0.0758969	
-0.07741	-0.11514	-0.07741	0.07741	0.11514	0.07741	
-0.0789154	-0.114982	-0.0789154	0.0789154	0.114982	0.0789154	
-0.0804127	-0.114838	-0.0804127	0.0804127	0.114838	0.0804127	
-0.0819016	-0.114708	-0.0819016	0.0819016	0.114708	0.0819016	
-0.0833817	-0.114593	-0.0833817	0.0833817	0.114593	0.0833817	
-0.0848527	-0.114492	-0.0848527	0.0848527	0.114492	0.0848527	
-0.0863144	-0.114405	-0.0863144	0.0863144	0.114405	0.0863144	
-0.0877664	-0.114334	-0.0877664	0.0877664	0.114334	0.0877664	
-0.0892083	-0.114276	-0.0892083	0.0892083	0.114276	0.0892083	
-0.09064	-0.114233	-0.09064	0.09064	0.114233	0.09064	
-0.092061	-0.114205	-0.092061	0.092061	0.114205	0.092061	
-0.0934711	-0.114192	-0.0934711	0.0934711	0.114192	0.0934711	
-0.09487	-0.114193	-0.09487	0.09487	0.114193	0.09487	
-0.0962575	-0.114208	-0.0962575	0.0962575	0.114208	0.0962575	
-0.0976332	-0.114239	-0.0976332	0.0976332	0.114239	0.0976332	
-0.0989969	-0.114283	-0.0989969	0.0989969	0.114283	0.0989969	
-0.100348	-0.114343	-0.100348	0.100348	0.114343	0.100348	
-0.101687	-0.114417	-0.101687	0.101687	0.114417	0.101687	
-0.103013	-0.114505	-0.103013	0.103013	0.114505	0.103013	
-0.104326	-0.114608	-0.104326	0.104326	0.114608	0.104326	
-0.105626	-0.114726	-0.105626	0.105626	0.114726	0.105626	
-0.106912	-0.114858	-0.106912	0.106912	0.114858	0.106912	
-0.108184	-0.115004	-0.108184	0.108184	0.115004	0.108184	
-0.109442	-0.115164	-0.109442	0.109442	0.115164	0.109442	
-0.110686	-0.115339	-0.110686	0.110686	0.115339	0.110686	
-0.111916	-0.115528	-0.111916	0.111916	0.115528	0.111916	
-0.11313	-0.115731	-0.11313	0.11313	0.115731	0.11313	
-0.11433	-0.115948	-0.11433	0.11433	0.115948	0.11433	
-0.115515	-0.116179	-0.115515	0.115515	0.116179	0.115515	
-0.116685	-0.116424	-0.116685	0.116685	0.116424	0.116685	
-0.117839	-0.116682	-0.117839	0.117839	0.116682	0.117839	
-0.118977	-0.116955	-0.118977	0.118977	0.116955	0.118977	
-0.1201	-0.117241	-0.1201	0.1201	0.117241	0.1201	
-0.121206	-0.11754	-0.121206	0.121206	0.11754	0.121206	
-0.122296	-0.117853	-0.122296	0.122296	0.117853	0.122296	
-0.12337	-0.118179	-0.12337	0.12337	0.118179	0.12337	
-0.124428	-0.118518	-0.124428	0.124428	0.118518	0.124428	
-0.125468	-0.11887	-0.125468	0.125468	0.11887	0.125468	
-0.126492	-0.119234	-0.126492	0.126492	0.119234	0.126492	
-0.127499	-0.119612	-0.127499	0.127499	0.119612	0.127499	
-0.128489	-0.120002	-0.128489	0.128489	0.120002	0.128489	
-0.129462	-0.120405	-0.129462	0.129462	0.120405	0.129462	
-0.130417	-0.12082	-0.130417	0.130417	0.12082	0.130417	
-0.131355	-0.121246	-0.131355	0.131355	0.121246	0.131355	
-0.132276	-0.121685	-0.132276	0.132276	0.121685	0.132276	
-0.133179	-0.122136	-0.133179	0.133179	0.122136	0.133179	
-0.134064	-0.122598	-0.134064	0.134064	0.122598	0.134064	
-0.134931	-0.123072	-0.134931	0.134931	0.123072	0.134931	
-0.13578	-0.123557	-0.13578	0.13578	0.123557	0.13578	
-0.136611	-0.124053	-0.136611	0.136611	0.124053	0.136611	
-0.137424	-0.12456	-0.137424	0.137424	0.12456	0.137424	
-0.138219	-0.125077	-0.138219	0.138219	0.125077	0.138219	
-0.138996	-0.125605	-0.138996	0.138996	0.125605	0.138996	
-0.139755	-0.126143	-0.139755	0.139755	0.126143	0.139755	
-0.140495	-0.126692	-0.140495	0.140495	0.126692	0.140495	
-0.141217	-0.12725	-0.141217	0.141217	0.12725	0.141217	
-0.14192	-0.127818	-0.14192	0.14192	0.127818	0.14192	
-0.142606	-0.128395	-0.142606	0.142606	0.128395	0.142606	
-0.143272	-0.128982	-0.143272	0.143272	0.128982	0.143272	
-0.14392	-0.129577	-0.14392	0.14392	0.129577	0.14392	
-0.14455	-0.130181	-0.14455	0.14455	0.130181	0.14455	
-0.145161	-0.130794	-0.145161	0.145161	0.130794	0.145161	
-0.145754	-0.131415	-0.145754	0.145754	0.131415	0.145754	
-0.146328	-0.132044	-0.146328	0.146328	0.132044	0.146328	
-0.146883	-0.132681	-0.146883	0.146883	0.132681	0.146883	
-0.14742	-0.133325	-0.14742	0.14742	0.133325	0.14742	
-0.147939	-0.133976	-0.147939	0.147939	0.133976	0.147939	
-0.148439	-0.134635	-0.148439	0.148439	0.134635	0.148439	
-0.148921	-0.135301	-0.148921	0.148921	0.135301	0.148921	
-0.149384	-0.135973	-0.149384	0.149384	0.135973	0.149384	
-0.149829	-0.136651	-0.149829	0.149829	0.136651	0.149829	
-0.150256	-0.137335	-0.150256	0.150256	0.137335	0.150256	
-0.150665	-0.138025	-0.150665	0.150665	0.138025	0.150665	
-0.151055	-0.13872	-0.151055	0.151055	0.13872	0.151055	
-0.151427	-0.139421	-0.151427	0.151427	0.139421	0.151427	
-0.151781	-0.140126	-0.151781	0.151781	0.140126	0.151781	
-0.152117	-0.140836	-0.152117	0.152117	0.140836	0.152117	
-0.152435	-0.14155	-0.152435	0.152435	0.14155	0.152435	
-0.152735	-0.142269	-0.152735	0.152735	0.142269	0.152735	
-0.153017	-0.142991	-0.153017	0.153017	0.142991	0.153017	
-0.153282	-0.143717	-0.153282	0.153282	0.143717	0.153282	
-0.153529	-0.144446	-0.153529	0.153529	0.144446	0.153529	
-0.153758	-0.145177	-0.153758	0.153758	0.145177	0.153758	
-0.153971	-0.145912	-0.153971	0.153971	0.145912	0.153971	
-0.154165	-0.146649	-0.154165	0.154165	0.146649	0.154165	
-0.154343	-0.147387	-0.154343	0.154343	0.147387	0.154343	
-0.154503	-0.148128	-0.154503	0.154503	0.148128	0.154503	
-0.154647	-0.14887	-0.154647	0.154647	0.14887	0.154647	
-0.154773	-0.149613	-0.154773	0.154773	0.149613	0.154773	
-0.154883	-0.150356	-0.154883	0.154883	0.150356	0.154883	
-0.154976	-0.151101	-0.154976	0.154976	0.151101	0.154976	
-0.155053	-0.151845	-0.155053	0.155053	0.151845	0.155053	
-0.155114	-0.15259	-0.155114	0.155114	0.15259	0.155114	
-0.155158	-0.153334	-0.155158	0.155158	0.153334	0.155158	
-0.155186	-0.154077	-0.155186	0.155186	0.154077	0.155186	
-0.155198	-0.154819	-0.155198	0.155198	0.154819	0.155198	
-0.155194	-0.15556	-0.155194	0.155194	0.15556	0.155194	
-0.155175	-0.1563	-0.155175	0.155175	0.1563	0.155175	
-0.155141	-0.157037	-0.155141	0.155141	0.157037	0.155141	
-0.155091	-0.157772	-0.155091	0.155091	0.157772	0.155091	
-0.155026	-0.158505	-0.155026	0.155026	0.158505	0.155026	
-0.154945	-0.159235	-0.154945	0.154945	0.159235	0.154945	
-0.15485	-0.159962	-0.15485	0.15485	0.159962	0.15485	
-0.154741	-0.160685	-0.154741	0.154741	0.160685	0.154741	
-0.154617	-0.161404	-0.154617	0.154617	0.161404	0.154617	
-0.154478	-0.162119	-0.154478	0.154478	0.162119	0.154478	
-0.154326	-0.16283	-0.154326	0.154326	0.16283	0.154326	
-0.15416	-0.163537	-0.15416	0.15416	0.163537	0.15416	
-0.153979	-0.164238	-0.153979	0.153979	0.164238	0.153979	
-0.153786	-0.164934	-0.153786	0.153786	0.164934	0.153786	
-0.153578	-0.165624	-0.153578	0.153578	0.165624	0.153578	
-0.153358	-0.166308	-0.153358	0.153358	0.166308	0.153358	
-0.153125	-0.166987	-0.153125	0.153125	0.166987	0.153125	
-0.152878	-0.167658	-0.152878	0.152878	0.167658	0.152878	
-0.152619	-0.168323	-0.152619	0.152619	0.168323	0.152619	
-0.152348	-0.168981	-0.152348	0.152348	0.168981	0.152348	
-0.152065	-0.169631	-0.152065	0.152065	0.169631	0.152065	
-0.151769	-0.170274	-0.151769	0.151769	0.170274	0.151769	
-0.151461	-0.170908	-0.151461	0.151461	0.170908	0.151461	
-0.151142	-0.171534	-0.151142	0.151142	0.171534	0.151142	
-0.150812	-0.172152	-0.150812	0.150812	0.172152	0.150812	
-0.15047	-0.172761	-0.15047	0.15047	0.172761	0.15047	
-0.150117	-0.173361	-0.150117	0.150117	0.173361	0.150117	
-0.149753	-0.173951	-0.149753	0.149753	0.173951	0.149753	
-0.149379	-0.174531	-0.149379	0.149379	0.174531	0.149379	
-0.148994	-0.175102	-0.148994	0.148994	0.175102	0.148994	
-0.148599	-0.175662	-0.148599	0.148599	0.175662	0.148599	
-0.148194	-0.176211	-0.148194	0.148194	0.176211	0.148194	
-0.147779	-0.17675	-0.147779	0.147779	0.17675	0.147779	
-0.147355	-0.177278	-0.147355	0.147355	0.177278	0.147355	
-0.146921	-0.177794	-0.146921	0.146921	0.177794	0.146921	
-0.146478	-0.178298	-0.146478	0.146478	0.178298	0.146478	
-0.146025	-0.178791	-0.146025	0.146025	0.178791	0.146025	
-0.145565	-0.179271	-0.145565	0.145565	0.179271	0.145565	
-0.145095	-0.179739	-0.145095	0.145095	0.179739	0.145095	
-0.144617	-0.180195	-0.144617	0.144617	0.180195	0.144617	
-0.144132	-0.180637	-0.144132	0.144132	0.180637	0.144132	
-0.143638	-0.181066	-0.143638	0.143638	0.181066	0.143638	
-0.143136	-0.181482	-0.143136	0.143136	0.181482	0.143136	
-0.142627	-0.181884	-0.142627	0.142627	0.181884	0.142627	
-0.14211	-0.182272	-0.14211	0.14211	0.182272	0.14211	
-0.141587	-0.182646	-0.141587	0.141587	0.182646	0.141587	
-0.141056	-0.183005	-0.141056	0.141056	0.183005	0.141056	
-0.140519	-0.18335	-0.140519	0.140519	0.18335	0.140519	
-0.139975	-0.18368	-0.139975	0.139975	0.18368	0.139975	
-0.139425	-0.183995	-0.139425	0.139425	0.183995	0.139425	
-0.138869	-0.184295	-0.138869	0.138869	0.184295	0.138869	
-0.138306	-0.184579	-0.138306	0.138306	0.184579	0.138306	
-0.137739	-0.184847	-0.137739	0.137739	0.184847	0.137739	
-0.137165	-0.1851	-0.137165	0.137165	0.1851	0.137165	
-0.136586	-0.185336	-0.136586	0.136586	0.185336	0.136586	
-0.136002	-0.185556	-0.136002	0.136002	0.185556	0.136002	
-0.135414	-0.185759	-0.135414	0.135414	0.185759	0.135414	
-0.13482	-0.185946	-0.13482	0.13482	0.185946	0.13482	
-0.134222	-0.186116	-0.134222	0.134222	0.186116	0.134222	
-0.133619	-0.186269	-0.133619	0.133619	0.186269	0.133619	
-0.133012	-0.186404	-0.133012	0.133012	0.186404	0.133012	
-0.132402	-0.186522	-0.132402	0.132402	0.186522	0.132402	
-0.131787	-0.186622	-0.131787	0.131787	0.186622	0.131787	
-0.131169	-0.186705	-0.131169	0.131169	0.186705	0.131169	
-0.130547	-0.186769	-0.130547	0.130547	0.186769	0.130547	
-0.129922	-0.186815	-0.129922	0.129922	0.186815	0.129922	
-0.129294	-0.186843	-0.129294	0.129294	0.186843	0.129294	
-0.128662	-0.186853	-0.128662	0.128662	0.186853	0.128662	
-0.128028	-0.186844	-0.128028	0.128028	0.186844	0.128028	
-0.127392	-0.186817	-0.127392	0.127392	0.186817	0.127392	
-0.126753	-0.18677	-0.126753	0.126753	0.18677	0.126753	
-0.126111	-0.186705	-0.126111	0.126111	0.186705	0.126111	
-0.125468	-0.18662	-0.125468	0.125468	0.18662	0.125468	
-0.124822	-0.186516	-0.124822	0.124822	0.186516	0.124822	
-0.124175	-0.186393	-0.124175	0.124175	0.186393	0.124175	
-0.123526	-0.18625	-0.123526	0.123526	0.18625	0.123526	
-0.122875	-0.186088	-0.122875	0.122875	0.186088	0.122875	
-0.122223	-0.185906	-0.122223	0.122223	0.185906	0.122223	
-0.12157	-0.185704	-0.12157	0.12157	0.185704	0.12157	
-0.120916	-0.185482	-0.120916	0.120916	0.185482	0.120916	
-0.12026	-0.185241	-0.12026	0.12026	0.185241	0.12026	
-0.119604	-0.184979	-0.119604	0.119604	0.184979	0.119604	
-0.118947	-0.184697	-0.118947	0.118947	0.184697	0.118947	
-0.11829	-0.184395	-0.11829	0.11829	0.184395	0.11829	
-0.117632	-0.184072	-0.117632	0.117632	0.184072	0.117632	
-0.116974	-0.18373	-0.116974	0.116974	0.18373	0.116974	
-0.116315	-0.183366	-0.116315	0.116315	0.183366	0.116315	
-0.115657	-0.182983	-0.115657	0.115657	0.182983	0.115657	
-0.114998	-0.182578	-0.114998	0.114998	0.182578	0.114998	
-0.11434	-0.182154	-0.11434	0.11434	0.182154	0.11434	
-0.113682	-0.181708	-0.113682	0.113682	0.181708	0.113682	
-0.113024	-0.181242	-0.113024	0.113024	0.181242	0.113024	
-0.112366	-0.180755	-0.112366	0.112366	0.180755	0.112366	
-0.11171	-0.180248	-0.11171	0.11171	0.180248	0.11171	
-0.111053	-0.179719	-0.111053	0.111053	0.179719	0.111053	
-0.110398	-0.17917	-0.110398	0.110398	0.17917	0.110398	
-0.109743	-0.1786	-0.109743	0.109743	0.1786	0.109743	
-0.10909	-0.17801	-0.10909	0.10909	0.17801	0.10909	
-0.108437	-0.177398	-0.108437	0.108437	0.177398	0.108437	
-0.107785	-0.176766	-0.107785	0.107785	0.176766	0.107785	
-0.107135	-0.176113	-0.107135	0.107135	0.176113	0.107135	
-0.106485	-0.175439	-0.106485	0.106485	0.175439	0.106485	
-0.105837	-0.174744	-0.105837	0.105837	0.174744	0.105837	
-0.10519	-0.174029	-0.10519	0.10519	0.174029	0.10519	
-0.104545	-0.173293	-0.104545	0.104545	0.173293	0.104545	
-0.103901	-0.172536	-0.103901	0.103901	0.172536	0.103901	
-0.103259	-0.171758	-0.103259	0.103259	0.171758	0.103259	
-0.102618	-0.17096	-0.102618	0.102618	0.17096	0.102618	
-0.101979	-0.170141	-0.101979	0.101979	0.170141	0.101979	
-0.101341	-0.169302	-0.101341	0.101341	0.169302	0.101341	
-0.100705	-0.168442	-0.100705	0.100705	0.168442	0.100705	
-0.100071	-0.167562	-0.100071	0.100071	0.167562	0.100071	
-0.0994389	-0.166661	-0.0994389	0.0994389	0.166661	0.0994389	
-0.0988084	-0.16574	-0.0988084	0.0988084	0.16574	0.0988084	
-0.0981798	-0.164799	-0.0981798	0.0981798	0.164799	0.0981798	
-0.097553	-0.163837	-0.097553	0.097553	0.163837	0.097553	
-0.0969281	-0.162856	-0.0969281	0.0969281	0.162856	0.0969281	
-0.0963051	-0.161854	-0.0963051	0.0963051	0.161854	0.0963051	
-0.095684	-0.160833	-0.095684	0.095684	0.160833	0.095684	
-0.0950649	-0.159791	-0.0950649	0.0950649	0.159791	0.0950649	
-0.0944478	-0.15873	-0.0944478	0.0944478	0.15873	0.0944478	
-0.0938326	-0.157649	-0.0938326	0.0938326	0.157649	0.0938326	
-0.0932193	-0.156549	-0.0932193	0.0932193	0.156549	0.0932193	
-0.092608	-0.155429	-0.092608	0.092608	0.155429	0.092608	
-0.0919987	-0.15429	-0.0919987	0.0919987	0.15429	0.0919987	
-0.0913914	-0.153132	-0.0913914	0.0913914	0.153132	0.0913914	
-0.090786	-0.151954	-0.090786	0.090786	0.151954	0.090786	
-0.0901825	-0.150758	-0.0901825	0.0901825	0.150758	0.0901825	
-0.089581	-0.149543	-0.089581	0.089581	0.149543	0.089581	
-0.0889814	-0.148309	-0.0889814	0.0889814	0.148309	0.0889814	
-0.0883836	-0.147056	-0.0883836	0.0883836	0.147056	0.0883836	
-0.0877878	-0.145785	-0.0877878	0.0877878	0.145785	0.0877878	
-0.0871937	-0.144496	-0.0871937	0.0871937	0.144496	0.0871937	
-0.0866015	-0.143189	-0.0866015	0.0866015	0.143189	0.0866015	
-0.0860111	-0.141863	-0.0860111	0.0860111	0.141863	0.0860111	
-0.0854225	-0.14052	-0.0854225	0.0854225	0.14052	0.0854225	
-0.0848355	-0.139159	-0.0848355	0.0848355	0.139159	0.0848355	
-0.0842503	-0.13778	-0.0842503	0.0842503	0.13778	0.0842503	
-0.0836667	-0.136385	-0.0836667	0.0836667	0.136385	0.0836667	
-0.0830846	-0.134971	-0.0830846	0.0830846	0.134971	0.0830846	
-0.0825042	-0.133541	-0.0825042	0.0825042	0.133541	0.0825042	
-0.0819252	-0.132094	-0.0819252	0.0819252	0.132094	0.0819252	
-0.0813477	-0.130631	-0.0813477	0.0813477	0.130631	0.0813477	
-0.0807716	-0.12915	-0.0807716	0.0807716	0.12915	0.0807716	
-0.0801968	-0.127654	-0.0801968	0.0801968	0.127654	0.0801968	
-0.0796234	-0.126141	-0.0796234	0.0796234	0.126141	0.0796234	
-0.0790511	-0.124613	-0.0790511	0.0790511	0.124613	0.0790511	
-0.07848	-0.123068	-0.07848	0.07848	0.123068	0.07848	
-0.0779101	-0.121508	-0.0779101	0.0779101	0.121508	0.0779101	
-0.0773412	-0.119933	-0.0773412	0.0773412	0.119933	0.0773412	
-0.0767732	-0.118343	-0.0767732	0.0767732	0.118343	0.0767732	
-0.0762062	-0.116737	-0.0762062	0.0762062	0.116737	0.0762062	
-0.07564	-0.115117	-0.07564	0.07564	0.115117	0.07564	
-0.0750745	-0.113482	-0.0750745	0.0750745	0.113482	0.0750745	
-0.0745098	-0.111833	-0.0745098	0.0745098	0.111833	0.0745098	
-0.0739456	-0.11017	-0.0739456	0.0739456	0.11017	0.0739456	
-0.073382	-0.108493	-0.073382	0.073382	0.108493	0.073382	
-0.0728188	-0.106802	-0.0728188	0.0728188	0.106802	0.0728188	
-0.072256	-0.105098	-0.072256	0.072256	0.105098	0.072256	
