# mu=0.3
# lamb=0
# N=8
# m=0
# dim=70
#T=10
#dt=0.01
0.5	0.5	0.5	0.5	-0.5	-0.5	-0.5	-0.5	
0.499975	0.5	0.5	0.499975	-0.499975	-0.5	-0.5	-0.499975	
0.4999	0.5	0.5	0.4999	-0.4999	-0.5	-0.5	-0.4999	
0.499775	0.5	0.5	0.499775	-0.499775	-0.5	-0.5	-0.499775	
0.4996	0.5	0.5	0.4996	-0.4996	-0.5	-0.5	-0.4996	
0.499375	0.5	0.5	0.499375	-0.499375	-0.5	-0.5	-0.499375	
0.499101	0.5	0.5	0.499101	-0.499101	-0.5	-0.5	-0.499101	
0.498776	0.5	0.5	0.498776	-0.498776	-0.5	-0.5	-0.498776	
0.498402	0.499999	0.499999	0.498402	-0.498402	-0.499999	-0.499999	-0.498402	
0.497978	0.499999	0.499999	0.497978	-0.497978	-0.499999	-0.499999	-0.497978	
0.497505	0.499998	0.499998	0.497505	-0.497505	-0.499998	-0.499998	-0.497505	
0.496982	0.499998	0.499998	0.496982	-0.496982	-0.499998	-0.499998	-0.496982	
0.49641	0.499997	0.499997	0.49641	-0.49641	-0.499997	-0.499997	-0.49641	
0.495789	0.499996	0.499996	0.495789	-0.495789	-0.499996	-0.499996	-0.495789	
0.495119	0.499994	0.499994	0.495119	-0.495119	-0.499994	-0.499994	-0.495119	
0.4944	0.499992	0.499992	0.4944	-0.4944	-0.499992	-0.499992	-0.4944	
0.493632	0.49999	0.49999	0.493632	-0.493632	-0.49999	-0.49999	-0.493632	
0.492816	0.499987	0.499987	0.492816	-0.492816	-0.499987	-0.499987	-0.492816	
0.491951	0.499984	0.499984	0.491951	-0.491951	-0.499984	-0.499984	-0.491951	
0.491038	0.49998	0.49998	0.491038	-0.491038	-0.49998	-0.49998	-0.491038	
0.490078	0.499975	0.499975	0.490078	-0.490078	-0.499975	-0.499975	-0.490078	
0.489069	0.49997	0.49997	0.489069	-0.489069	-0.49997	-0.49997	-0.489069	
0.488014	0.499964	0.499964	0.488014	-0.488014	-0.499964	-0.499964	-0.488014	
0.486911	0.499957	0.499957	0.486911	-0.486911	-0.499957	-0.499957	-0.486911	
0.485761	0.499949	0.499949	0.485761	-0.485761	-0.499949	-0.499949	-0.485761	
0.484564	0.499939	0.499939	0.484564	-0.484564	-0.499939	-0.499939	-0.484564	
0.483321	0.499929	0.499929	0.483321	-0.483321	-0.499929	-0.499929	-0.483321	
0.482032	0.499918	0.499918	0.482032	-0.482032	-0.499918	-0.499918	-0.482032	
0.480697	0.499905	0.499905	0.480697	-0.480697	-0.499905	-0.499905	-0.480697	
0.479317	0.499891	0.499891	0.479317	-0.479317	-0.499891	-0.499891	-0.479317	
0.477891	0.499875	0.499875	0.477891	-0.477891	-0.499875	-0.499875	-0.477891	
0.476421	0.499857	0.499857	0.476421	-0.476421	-0.499857	-0.499857	-0.476421	
0.474906	0.499838	0.499838	0.474906	-0.474906	-0.499838	-0.499838	-0.474906	
0.473347	0.499817	0.499817	0.473347	-0.473347	-0.499817	-0.499817	-0.473347	
0.471744	0.499794	0.499794	0.471744	-0.471744	-0.499794	-0.499794	-0.471744	
0.470098	0.499769	0.499769	0.470098	-0.470098	-0.499769	-0.499769	-0.470098	
0.468409	0.499741	0.499741	0.468409	-0.468409	-0.499741	-0.499741	-0.468409	
0.466677	0.499712	0.499712	0.466677	-0.466677	-0.499712	-0.499712	-0.466677	
0.464902	0.49968	0.49968	0.464902	-0.464902	-0.49968	-0.49968	-0.464902	
0.463086	0.499645	0.499645	0.463086	-0.463086	-0.499645	-0.499645	-0.463086	
0.461229	0.499607	0.499607	0.461229	-0.461229	-0.499607	-0.499607	-0.461229	
0.45933	0.499567	0.499567	0.45933	-0.45933	-0.499567	-0.499567	-0.45933	
0.457391	0.499524	0.499524	0.457391	-0.457391	-0.499524	-0.499524	-0.457391	
0.455412	0.499477	0.499477	0.455412	-0.455412	-0.499477	-0.499477	-0.455412	
0.453393	0.499427	0.499427	0.453393	-0.453393	-0.499427	-0.499427	-0.453393	
0.451335	0.499374	0.499374	0.451335	-0.451335	-0.499374	-0.499374	-0.451335	
0.449238	0.499317	0.499317	0.449238	-0.449238	-0.499317	-0.499317	-0.449238	
0.447103	0.499257	0.499257	0.447103	-0.447103	-0.499257	-0.499257	-0.447103	
0.444931	0.499192	0.499192	0.444931	-0.444931	-0.499192	-0.499192	-0.444931	
0.442721	0.499124	0.499124	0.442721	-0.442721	-0.499124	-0.499124	-0.442721	
0.440474	0.499051	0.499051	0.440474	-0.440474	-0.499051	-0.499051	-0.440474	
0.438191	0.498974	0.498974	0.438191	-0.438191	-0.498974	-0.498974	-0.438191	
0.435872	0.498893	0.498893	0.435872	-0.435872	-0.498893	-0.498893	-0.435872	
0.433518	0.498807	0.498807	0.433518	-0.433518	-0.498807	-0.498807	-0.433518	
0.43113	0.498716	0.498716	0.43113	-0.43113	-0.498716	-0.498716	-0.43113	
0.428707	0.49862	0.49862	0.428707	-0.428707	-0.49862	-0.49862	-0.428707	
0.426251	0.498518	0.498518	0.426251	-0.426251	-0.498518	-0.498518	-0.426251	
0.423762	0.498412	0.498412	0.423762	-0.423762	-0.498412	-0.498412	-0.423762	
0.42124	0.4983	0.4983	0.42124	-0.42124	-0.4983	-0.4983	-0.42124	
0.418686	0.498182	0.498182	0.418686	-0.418686	-0.498182	-0.498182	-0.418686	
0.416102	0.498058	0.498058	0.416102	-0.416102	-0.498058	-0.498058	-0.416102	
0.413486	0.497928	0.497928	0.413486	-0.413486	-0.497928	-0.497928	-0.413486	
0.41084	0.497792	0.497792	0.41084	-0.41084	-0.497792	-0.497792	-0.41084	
0.408165	0.497649	0.497649	0.408165	-0.408165	-0.497649	-0.497649	-0.408165	
0.405461	0.4975	0.4975	0.405461	-0.405461	-0.4975	-0.4975	-0.405461	
0.402729	0.497344	0.497344	0.402729	-0.402729	-0.497344	-0.497344	-0.402729	
0.399968	0.497181	0.497181	0.399968	-0.399968	-0.497181	-0.497181	-0.399968	
0.397181	0.497011	0.497011	0.397181	-0.397181	-0.497011	-0.497011	-0.397181	
0.394367	0.496834	0.496834	0.394367	-0.394367	-0.496834	-0.496834	-0.394367	
0.391528	0.496649	0.496649	0.391528	-0.391528	-0.496649	-0.496649	-0.391528	
0.388663	0.496456	0.496456	0.388663	-0.388663	-0.496456	-0.496456	-0.388663	
0.385774	0.496255	0.496255	0.385774	-0.385774	-0.496255	-0.496255	-0.385774	
0.382861	0.496046	0.496046	0.382861	-0.382861	-0.496046	-0.496046	-0.382861	
0.379924	0.495829	0.495829	0.379924	-0.379924	-0.495829	-0.495829	-0.379924	
0.376965	0.495603	0.495603	0.376965	-0.376965	-0.495603	-0.495603	-0.376965	
0.373984	0.495369	0.495369	0.373984	-0.373984	-0.495369	-0.495369	-0.373984	
0.370981	0.495125	0.495125	0.370981	-0.370981	-0.495125	-0.495125	-0.370981	
0.367958	0.494873	0.494873	0.367958	-0.367958	-0.494873	-0.494873	-0.367958	
0.364915	0.494611	0.494611	0.364915	-0.364915	-0.494611	-0.494611	-0.364915	
0.361852	0.494339	0.494339	0.361852	-0.361852	-0.494339	-0.494339	-0.361852	
0.358771	0.494058	0.494058	0.358771	-0.358771	-0.494058	-0.494058	-0.358771	
0.355672	0.493767	0.493767	0.355672	-0.355672	-0.493767	-0.493767	-0.355672	
0.352556	0.493466	0.493466	0.352556	-0.352556	-0.493466	-0.493466	-0.352556	
0.349423	0.493154	0.493154	0.349423	-0.349423	-0.493154	-0.493154	-0.349423	
0.346274	0.492832	0.492832	0.346274	-0.346274	-0.492832	-0.492832	-0.346274	
0.343109	0.4925	0.4925	0.343109	-0.343109	-0.4925	-0.4925	-0.343109	
0.33993	0.492156	0.492156	0.33993	-0.33993	-0.492156	-0.492156	-0.33993	
0.336737	0.491801	0.491801	0.336737	-0.336737	-0.491801	-0.491801	-0.336737	
0.333531	0.491435	0.491435	0.333531	-0.333531	-0.491435	-0.491435	-0.333531	
0.330313	0.491058	0.491058	0.330313	-0.330313	-0.491058	-0.491058	-0.330313	
0.327082	0.490668	0.490668	0.327082	-0.327082	-0.490668	-0.490668	-0.327082	
0.323841	0.490267	0.490267	0.323841	-0.323841	-0.490267	-0.490267	-0.323841	
0.320589	0.489854	0.489854	0.320589	-0.320589	-0.489854	-0.489854	-0.320589	
0.317327	0.489428	0.489428	0.317327	-0.317327	-0.489428	-0.489428	-0.317327	
0.314056	0.48899	0.48899	0.314056	-0.314056	-0.48899	-0.48899	-0.314056	
0.310777	0.488539	0.488539	0.310777	-0.310777	-0.488539	-0.488539	-0.310777	
0.307489	0.488075	0.488075	0.307489	-0.307489	-0.488075	-0.488075	-0.307489	
0.304195	0.487598	0.487598	0.304195	-0.304195	-0.487598	-0.487598	-0.304195	
0.300895	0.487108	0.487108	0.300895	-0.300895	-0.487108	-0.487108	-0.300895	
0.297589	0.486604	0.486604	0.297589	-0.297589	-0.486604	-0.486604	-0.297589	
0.294278	0.486087	0.486087	0.294278	-0.294278	-0.486087	-0.486087	-0.294278	
0.290963	0.485556	0.485556	0.290963	-0.290963	-0.485556	-0.485556	-0.290963	
0.287644	0.48501	0.48501	0.287644	-0.287644	-0.48501	-0.48501	-0.287644	
0.284322	0.484451	0.484451	0.284322	-0.284322	-0.484451	-0.484451	-0.284322	
0.280998	0.483877	0.483877	0.280998	-0.280998	-0.483877	-0.483877	-0.280998	
0.277673	0.483288	0.483288	0.277673	-0.277673	-0.483288	-0.483288	-0.277673	
0.274346	0.482685	0.482685	0.274346	-0.274346	-0.482685	-0.482685	-0.274346	
0.27102	0.482067	0.482067	0.27102	-0.27102	-0.482067	-0.482067	-0.27102	
0.267694	0.481433	0.481433	0.267694	-0.267694	-0.481433	-0.481433	-0.267694	
0.264369	0.480784	0.480784	0.264369	-0.264369	-0.480784	-0.480784	-0.264369	
0.261046	0.48012	0.48012	0.261046	-0.261046	-0.48012	-0.48012	-0.261046	
0.257726	0.47944	0.47944	0.257726	-0.257726	-0.47944	-0.47944	-0.257726	
0.254408	0.478744	0.478744	0.254408	-0.254408	-0.478744	-0.478744	-0.254408	
0.251095	0.478032	0.478032	0.251095	-0.251095	-0.478032	-0.478032	-0.251095	
0.247786	0.477303	0.477303	0.247786	-0.247786	-0.477303	-0.477303	-0.247786	
0.244482	0.476559	0.476559	0.244482	-0.244482	-0.476559	-0.476559	-0.244482	
0.241184	0.475798	0.475798	0.241184	-0.241184	-0.475798	-0.475798	-0.241184	
0.237893	0.47502	0.47502	0.237893	-0.237893	-0.47502	-0.47502	-0.237893	
0.234608	0.474225	0.474225	0.234608	-0.234608	-0.474225	-0.474225	-0.234608	
0.231331	0.473413	0.473413	0.231331	-0.231331	-0.473413	-0.473413	-0.231331	
0.228063	0.472584	0.472584	0.228063	-0.228063	-0.472584	-0.472584	-0.228063	
0.224803	0.471738	0.471738	0.224803	-0.224803	-0.471738	-0.471738	-0.224803	
0.221553	0.470874	0.470874	0.221553	-0.221553	-0.470874	-0.470874	-0.221553	
0.218314	0.469993	0.469993	0.218314	-0.218314	-0.469993	-0.469993	-0.218314	
0.215085	0.469093	0.469093	0.215085	-0.215085	-0.469093	-0.469093	-0.215085	
0.211868	0.468176	0.468176	0.211868	-0.211868	-0.468176	-0.468176	-0.211868	
0.208662	0.467241	0.467241	0.208662	-0.208662	-0.467241	-0.467241	-0.208662	
0.20547	0.466287	0.466287	0.20547	-0.20547	-0.466287	-0.466287	-0.20547	
0.20229	0.465316	0.465316	0.20229	-0.20229	-0.465316	-0.465316	-0.20229	
0.199125	0.464325	0.464325	0.199125	-0.199125	-0.464325	-0.464325	-0.199125	
0.195973	0.463316	0.463316	0.195973	-0.195973	-0.463316	-0.463316	-0.195973	
0.192837	0.462289	0.462289	0.192837	-0.192837	-0.462289	-0.462289	-0.192837	
0.189716	0.461242	0.461242	0.189716	-0.189716	-0.461242	-0.461242	-0.189716	
0.186612	0.460177	0.460177	0.186612	-0.186612	-0.460177	-0.460177	-0.186612	
0.183524	0.459092	0.459092	0.183524	-0.183524	-0.459092	-0.459092	-0.183524	
0.180453	0.457988	0.457988	0.180453	-0.180453	-0.457988	-0.457988	-0.180453	
0.1774	0.456865	0.456865	0.1774	-0.1774	-0.456865	-0.456865	-0.1774	
0.174365	0.455722	0.455722	0.174365	-0.174365	-0.455722	-0.455722	-0.174365	
0.171349	0.45456	0.45456	0.171349	-0.171349	-0.45456	-0.45456	-0.171349	
0.168353	0.453378	0.453378	0.168353	-0.168353	-0.453378	-0.453378	-0.168353	
0.165376	0.452177	0.452177	0.165376	-0.165376	-0.452177	-0.452177	-0.165376	
0.162419	0.450955	0.450955	0.162419	-0.162419	-0.450955	-0.450955	-0.162419	
0.159484	0.449714	0.449714	0.159484	-0.159484	-0.449714	-0.449714	-0.159484	
0.15657	0.448453	0.448453	0.15657	-0.15657	-0.448453	-0.448453	-0.15657	
0.153677	0.447171	0.447171	0.153677	-0.153677	-0.447171	-0.447171	-0.153677	
0.150807	0.44587	0.44587	0.150807	-0.150807	-0.44587	-0.44587	-0.150807	
0.14796	0.444548	0.444548	0.14796	-0.14796	-0.444548	-0.444548	-0.14796	
0.145135	0.443206	0.443206	0.145135	-0.145135	-0.443206	-0.443206	-0.145135	
0.142335	0.441843	0.441843	0.142335	-0.142335	-0.441843	-0.441843	-0.142335	
0.139558	0.44046	0.44046	0.139558	-0.139558	-0.44046	-0.44046	-0.139558	
0.136806	0.439057	0.439057	0.136806	-0.136806	-0.439057	-0.439057	-0.136806	
0.134079	0.437633	0.437633	0.134079	-0.134079	-0.437633	-0.437633	-0.134079	
0.131378	0.436188	0.436188	0.131378	-0.131378	-0.436188	-0.436188	-0.131378	
0.128702	0.434723	0.434723	0.128702	-0.128702	-0.434723	-0.434723	-0.128702	
0.126052	0.433237	0.433237	0.126052	-0.126052	-0.433237	-0.433237	-0.126052	
0.123429	0.43173	0.43173	0.123429	-0.123429	-0.43173	-0.43173	-0.123429	
0.120833	0.430202	0.430202	0.120833	-0.120833	-0.430202	-0.430202	-0.120833	
0.118264	0.428654	0.428654	0.118264	-0.118264	-0.428654	-0.428654	-0.118264	
0.115723	0.427084	0.427084	0.115723	-0.115723	-0.427084	-0.427084	-0.115723	
0.11321	0.425494	0.425494	0.11321	-0.11321	-0.425494	-0.425494	-0.11321	
0.110725	0.423883	0.423883	0.110725	-0.110725	-0.423883	-0.423883	-0.110725	
0.108269	0.422251	0.422251	0.108269	-0.108269	-0.422251	-0.422251	-0.108269	
0.105842	0.420598	0.420598	0.105842	-0.105842	-0.420598	-0.420598	-0.105842	
0.103444	0.418924	0.418924	0.103444	-0.103444	-0.418924	-0.418924	-0.103444	
0.101077	0.417229	0.417229	0.101077	-0.101077	-0.417229	-0.417229	-0.101077	
0.0987385	0.415513	0.415513	0.0987385	-0.0987385	-0.415513	-0.415513	-0.0987385	
0.0964307	0.413777	0.413777	0.0964307	-0.0964307	-0.413777	-0.413777	-0.0964307	
0.0941534	0.412019	0.412019	0.0941534	-0.0941534	-0.412019	-0.412019	-0.0941534	
0.0919069	0.41024	0.41024	0.0919069	-0.0919069	-0.41024	-0.41024	-0.0919069	
0.0896914	0.408441	0.408441	0.0896914	-0.0896914	-0.408441	-0.408441	-0.0896914	
0.0875072	0.40662	0.40662	0.0875072	-0.0875072	-0.40662	-0.40662	-0.0875072	
0.0853546	0.404779	0.404779	0.0853546	-0.0853546	-0.404779	-0.404779	-0.0853546	
0.0832337	0.402917	0.402917	0.0832337	-0.0832337	-0.402917	-0.402917	-0.0832337	
0.0811448	0.401034	0.401034	0.0811448	-0.0811448	-0.401034	-0.401034	-0.0811448	
0.0790881	0.39913	0.39913	0.0790881	-0.0790881	-0.39913	-0.39913	-0.0790881	
0.0770638	0.397206	0.397206	0.0770638	-0.0770638	-0.397206	-0.397206	-0.0770638	
0.075072	0.395261	0.395261	0.075072	-0.075072	-0.395261	-0.395261	-0.075072	
0.073113	0.393295	0.393295	0.073113	-0.073113	-0.393295	-0.393295	-0.073113	
0.0711869	0.391309	0.391309	0.0711869	-0.0711869	-0.391309	-0.391309	-0.0711869	
0.0692938	0.389302	0.389302	0.0692938	-0.0692938	-0.389302	-0.389302	-0.0692938	
0.0674341	0.387275	0.387275	0.0674341	-0.0674341	-0.387275	-0.387275	-0.0674341	
0.0656076	0.385227	0.385227	0.0656076	-0.0656076	-0.385227	-0.385227	-0.0656076	
0.0638147	0.383159	0.383159	0.0638147	-0.0638147	-0.383159	-0.383159	-0.0638147	
0.0620554	0.381071	0.381071	0.0620554	-0.0620554	-0.381071	-0.381071	-0.0620554	
0.0603298	0.378963	0.378963	0.0603298	-0.0603298	-0.378963	-0.378963	-0.0603298	
0.058638	0.376835	0.376835	0.058638	-0.058638	-0.376835	-0.376835	-0.058638	
0.0569801	0.374686	0.374686	0.0569801	-0.0569801	-0.374686	-0.374686	-0.0569801	
0.0553563	0.372518	0.372518	0.0553563	-0.0553563	-0.372518	-0.372518	-0.0553563	
0.0537664	0.37033	0.37033	0.0537664	-0.0537664	-0.37033	-0.37033	-0.0537664	
0.0522107	0.368123	0.368123	0.0522107	-0.0522107	-0.368123	-0.368123	-0.0522107	
0.0506892	0.365895	0.365895	0.0506892	-0.0506892	-0.365895	-0.365895	-0.0506892	
0.0492019	0.363649	0.363649	0.0492019	-0.0492019	-0.363649	-0.363649	-0.0492019	
0.0477488	0.361383	0.361383	0.0477488	-0.0477488	-0.361383	-0.361383	-0.0477488	
0.04633	0.359097	0.359097	0.04633	-0.04633	-0.359097	-0.359097	-0.04633	
0.0449454	0.356793	0.356793	0.0449454	-0.0449454	-0.356793	-0.356793	-0.0449454	
0.0435951	0.35447	0.35447	0.0435951	-0.0435951	-0.35447	-0.35447	-0.0435951	
0.042279	0.352127	0.352127	0.042279	-0.042279	-0.352127	-0.352127	-0.042279	
0.0409972	0.349766	0.349766	0.0409972	-0.0409972	-0.349766	-0.349766	-0.0409972	
0.0397496	0.347387	0.347387	0.0397496	-0.0397496	-0.347387	-0.347387	-0.0397496	
0.0385362	0.344989	0.344989	0.0385362	-0.0385362	-0.344989	-0.344989	-0.0385362	
0.0373569	0.342573	0.342573	0.0373569	-0.0373569	-0.342573	-0.342573	-0.0373569	
0.0362117	0.340138	0.340138	0.0362117	-0.0362117	-0.340138	-0.340138	-0.0362117	
0.0351004	0.337686	0.337686	0.0351004	-0.0351004	-0.337686	-0.337686	-0.0351004	
0.0340231	0.335216	0.335216	0.0340231	-0.0340231	-0.335216	-0.335216	-0.0340231	
0.0329796	0.332728	0.332728	0.0329796	-0.0329796	-0.332728	-0.332728	-0.0329796	
0.0319699	0.330222	0.330222	0.0319699	-0.0319699	-0.330222	-0.330222	-0.0319699	
0.0309938	0.3277	0.3277	0.0309938	-0.0309938	-0.3277	-0.3277	-0.0309938	
0.0300512	0.32516	0.32516	0.0300512	-0.0300512	-0.32516	-0.32516	-0.0300512	
0.029142	0.322603	0.322603	0.029142	-0.029142	-0.322603	-0.322603	-0.029142	
0.0282662	0.320029	0.320029	0.0282662	-0.0282662	-0.320029	-0.320029	-0.0282662	
0.0274234	0.317439	0.317439	0.0274234	-0.0274234	-0.317439	-0.317439	-0.0274234	
0.0266136	0.314832	0.314832	0.0266136	-0.0266136	-0.314832	-0.314832	-0.0266136	
0.0258367	0.312209	0.312209	0.0258367	-0.0258367	-0.312209	-0.312209	-0.0258367	
0.0250924	0.30957	0.30957	0.0250924	-0.0250924	-0.30957	-0.30957	-0.0250924	
0.0243807	0.306915	0.306915	0.0243807	-0.0243807	-0.306915	-0.306915	-0.0243807	
0.0237012	0.304245	0.304245	0.0237012	-0.0237012	-0.304245	-0.304245	-0.0237012	
0.0230539	0.301559	0.301559	0.0230539	-0.0230539	-0.301559	-0.301559	-0.0230539	
0.0224384	0.298858	0.298858	0.0224384	-0.0224384	-0.298858	-0.298858	-0.0224384	
0.0218547	0.296141	0.296141	0.0218547	-0.0218547	-0.296141	-0.296141	-0.0218547	
0.0213025	0.29341	0.29341	0.0213025	-0.0213025	-0.29341	-0.29341	-0.0213025	
0.0207816	0.290665	0.290665	0.0207816	-0.0207816	-0.290665	-0.290665	-0.0207816	
0.0202917	0.287905	0.287905	0.0202917	-0.0202917	-0.287905	-0.287905	-0.0202917	
0.0198326	0.285131	0.285131	0.0198326	-0.0198326	-0.285131	-0.285131	-0.0198326	
0.0194041	0.282343	0.282343	0.0194041	-0.0194041	-0.282343	-0.282343	-0.0194041	
0.0190059	0.279541	0.279541	0.0190059	-0.0190059	-0.279541	-0.279541	-0.0190059	
0.0186377	0.276726	0.276726	0.0186377	-0.0186377	-0.276726	-0.276726	-0.0186377	
0.0182993	0.273897	0.273897	0.0182993	-0.0182993	-0.273897	-0.273897	-0.0182993	
0.0179904	0.271056	0.271056	0.0179904	-0.0179904	-0.271056	-0.271056	-0.0179904	
0.0177108	0.268202	0.268202	0.0177108	-0.0177108	-0.268202	-0.268202	-0.0177108	
0.01746	0.265335	0.265335	0.01746	-0.01746	-0.265335	-0.265335	-0.01746	
0.017238	0.262456	0.262456	0.017238	-0.017238	-0.262456	-0.262456	-0.017238	
0.0170442	0.259565	0.259565	0.0170442	-0.0170442	-0.259565	-0.259565	-0.0170442	
0.0168785	0.256663	0.256663	0.0168785	-0.0168785	-0.256663	-0.256663	-0.0168785	
0.0167405	0.253749	0.253749	0.0167405	-0.0167405	-0.253749	-0.253749	-0.0167405	
0.0166298	0.250823	0.250823	0.0166298	-0.0166298	-0.250823	-0.250823	-0.0166298	
0.0165463	0.247887	0.247887	0.0165463	-0.0165463	-0.247887	-0.247887	-0.0165463	
0.0164894	0.24494	0.24494	0.0164894	-0.0164894	-0.24494	-0.24494	-0.0164894	
0.016459	0.241982	0.241982	0.016459	-0.016459	-0.241982	-0.241982	-0.016459	
0.0164546	0.239015	0.239015	0.0164546	-0.0164546	-0.239015	-0.239015	-0.0164546	
0.0164759	0.236037	0.236037	0.0164759	-0.0164759	-0.236037	-0.236037	-0.0164759	
0.0165225	0.23305	0.23305	0.0165225	-0.0165225	-0.23305	-0.23305	-0.0165225	
0.0165941	0.230053	0.230053	0.0165941	-0.0165941	-0.230053	-0.230053	-0.0165941	
0.0166903	0.227047	0.227047	0.0166903	-0.0166903	-0.227047	-0.227047	-0.0166903	
0.0168107	0.224033	0.224033	0.0168107	-0.0168107	-0.224033	-0.224033	-0.0168107	
0.016955	0.221009	0.221009	0.016955	-0.016955	-0.221009	-0.221009	-0.016955	
0.0171228	0.217978	0.217978	0.0171228	-0.0171228	-0.217978	-0.217978	-0.0171228	
0.0173137	0.214939	0.214939	0.0173137	-0.0173137	-0.214939	-0.214939	-0.0173137	
0.0175272	0.211891	0.211891	0.0175272	-0.0175272	-0.211891	-0.211891	-0.0175272	
0.0177631	0.208837	0.208837	0.0177631	-0.0177631	-0.208837	-0.208837	-0.0177631	
0.0180209	0.205775	0.205775	0.0180209	-0.0180209	-0.205775	-0.205775	-0.0180209	
0.0183001	0.202706	0.202706	0.0183001	-0.0183001	-0.202706	-0.202706	-0.0183001	
0.0186005	0.199631	0.199631	0.0186005	-0.0186005	-0.199631	-0.199631	-0.0186005	
0.0189215	0.19655	0.19655	0.0189215	-0.0189215	-0.19655	-0.19655	-0.0189215	
0.0192629	0.193462	0.193462	0.0192629	-0.0192629	-0.193462	-0.193462	-0.0192629	
0.019624	0.190369	0.190369	0.019624	-0.019624	-0.190369	-0.190369	-0.019624	
0.0200046	0.187271	0.187271	0.0200046	-0.0200046	-0.187271	-0.187271	-0.0200046	
0.0204042	0.184167	0.184167	0.0204042	-0.0204042	-0.184167	-0.184167	-0.0204042	
0.0208224	0.181059	0.181059	0.0208224	-0.0208224	-0.181059	-0.181059	-0.0208224	
0.0212587	0.177946	0.177946	0.0212587	-0.0212587	-0.177946	-0.177946	-0.0212587	
0.0217128	0.174828	0.174828	0.0217128	-0.0217128	-0.174828	-0.174828	-0.0217128	
0.0221841	0.171707	0.171707	0.0221841	-0.0221841	-0.171707	-0.171707	-0.0221841	
0.0226723	0.168582	0.168582	0.0226723	-0.0226723	-0.168582	-0.168582	-0.0226723	
0.0231768	0.165454	0.165454	0.0231768	-0.0231768	-0.165454	-0.165454	-0.0231768	
0.0236974	0.162323	0.162323	0.0236974	-0.0236974	-0.162323	-0.162323	-0.0236974	
0.0242334	0.159189	0.159189	0.0242334	-0.0242334	-0.159189	-0.159189	-0.0242334	
0.0247845	0.156053	0.156053	0.0247845	-0.0247845	-0.156053	-0.156053	-0.0247845	
0.0253503	0.152914	0.152914	0.0253503	-0.0253503	-0.152914	-0.152914	-0.0253503	
0.0259302	0.149774	0.149774	0.0259302	-0.0259302	-0.149774	-0.149774	-0.0259302	
0.0265238	0.146632	0.146632	0.0265238	-0.0265238	-0.146632	-0.146632	-0.0265238	
0.0271307	0.143489	0.143489	0.0271307	-0.0271307	-0.143489	-0.143489	-0.0271307	
0.0277504	0.140345	0.140345	0.0277504	-0.0277504	-0.140345	-0.140345	-0.0277504	
0.0283825	0.137201	0.137201	0.0283825	-0.0283825	-0.137201	-0.137201	-0.0283825	
0.0290265	0.134056	0.134056	0.0290265	-0.0290265	-0.134056	-0.134056	-0.0290265	
0.029682	0.130911	0.130911	0.029682	-0.029682	-0.130911	-0.130911	-0.029682	
0.0303485	0.127766	0.127766	0.0303485	-0.0303485	-0.127766	-0.127766	-0.0303485	
0.0310255	0.124622	0.124622	0.0310255	-0.0310255	-0.124622	-0.124622	-0.0310255	
0.0317126	0.121479	0.121479	0.0317126	-0.0317126	-0.121479	-0.121479	-0.0317126	
0.0324094	0.118336	0.118336	0.0324094	-0.0324094	-0.118336	-0.118336	-0.0324094	
0.0331153	0.115196	0.115196	0.0331153	-0.0331153	-0.115196	-0.115196	-0.0331153	
0.03383	0.112057	0.112057	0.03383	-0.03383	-0.112057	-0.112057	-0.03383	
0.0345529	0.10892	0.10892	0.0345529	-0.0345529	-0.10892	-0.10892	-0.0345529	
0.0352837	0.105786	0.105786	0.0352837	-0.0352837	-0.105786	-0.105786	-0.0352837	
0.0360218	0.102654	0.102654	0.0360218	-0.0360218	-0.102654	-0.102654	-0.0360218	
0.0367669	0.099525	0.099525	0.0367669	-0.0367669	-0.099525	-0.099525	-0.0367669	
0.0375184	0.0963994	0.0963994	0.0375184	-0.0375184	-0.0963994	-0.0963994	-0.0375184	
0.038276	0.0932774	0.0932774	0.038276	-0.038276	-0.0932774	-0.0932774	-0.038276	
0.0390391	0.0901591	0.0901591	0.0390391	-0.0390391	-0.0901591	-0.0901591	-0.0390391	
0.0398073	0.087045	0.087045	0.0398073	-0.0398073	-0.087045	-0.087045	-0.0398073	
0.0405803	0.0839353	0.0839353	0.0405803	-0.0405803	-0.0839353	-0.0839353	-0.0405803	
0.0413574	0.0808303	0.0808303	0.0413574	-0.0413574	-0.0808303	-0.0808303	-0.0413574	
0.0421384	0.0777303	0.0777303	0.0421384	-0.0421384	-0.0777303	-0.0777303	-0.0421384	
0.0429227	0.0746356	0.0746356	0.0429227	-0.0429227	-0.0746356	-0.0746356	-0.0429227	
0.04371	0.0715464	0.0715464	0.04371	-0.04371	-0.0715464	-0.0715464	-0.04371	
0.0444997	0.0684631	0.0684631	0.0444997	-0.0444997	-0.0684631	-0.0684631	-0.0444997	
0.0452915	0.0653859	0.0653859	0.0452915	-0.0452915	-0.0653859	-0.0653859	-0.0452915	
0.0460849	0.0623152	0.0623152	0.0460849	-0.0460849	-0.0623152	-0.0623152	-0.0460849	
0.0468795	0.0592511	0.0592511	0.0468795	-0.0468795	-0.0592511	-0.0592511	-0.0468795	
0.0476749	0.056194	0.056194	0.0476749	-0.0476749	-0.056194	-0.056194	-0.0476749	
0.0484707	0.0531441	0.0531441	0.0484707	-0.0484707	-0.0531441	-0.0531441	-0.0484707	
0.0492664	0.0501018	0.0501018	0.0492664	-0.0492664	-0.0501018	-0.0501018	-0.0492664	
0.0500616	0.0470672	0.0470672	0.0500616	-0.0500616	-0.0470672	-0.0470672	-0.0500616	
0.0508559	0.0440407	0.0440407	0.0508559	-0.0508559	-0.0440407	-0.0440407	-0.0508559	
0.0516489	0.0410226	0.0410226	0.0516489	-0.0516489	-0.0410226	-0.0410226	-0.0516489	
0.0524403	0.038013	0.038013	0.0524403	-0.0524403	-0.038013	-0.038013	-0.0524403	
0.0532295	0.0350123	0.0350123	0.0532295	-0.0532295	-0.0350123	-0.0350123	-0.0532295	
0.0540162	0.0320207	0.0320207	0.0540162	-0.0540162	-0.0320207	-0.0320207	-0.0540162	
0.0548001	0.0290386	0.0290386	0.0548001	-0.0548001	-0.0290386	-0.0290386	-0.0548001	
0.0555807	0.026066	0.026066	0.0555807	-0.0555807	-0.026066	-0.026066	-0.0555807	
0.0563576	0.0231034	0.0231034	0.0563576	-0.0563576	-0.0231034	-0.0231034	-0.0563576	
0.0571305	0.0201509	0.0201509	0.0571305	-0.0571305	-0.0201509	-0.0201509	-0.0571305	
0.0578989	0.0172088	0.0172088	0.0578989	-0.0578989	-0.0172088	-0.0172088	-0.0578989	
0.0586626	0.0142774	0.0142774	0.0586626	-0.0586626	-0.0142774	-0.0142774	-0.0586626	
0.0594211	0.0113569	0.0113569	0.0594211	-0.0594211	-0.0113569	-0.0113569	-0.0594211	
0.0601741	0.00844749	0.00844749	0.0601741	-0.0601741	-0.00844749	-0.00844749	-0.0601741	
0.0609213	0.00554951	0.00554951	0.0609213	-0.0609213	-0.00554951	-0.00554951	-0.0609213	
0.0616622	0.00266315	0.00266315	0.0616622	-0.0616622	-0.00266315	-0.00266315	-0.0616622	
0.0623965	-0.000211335	-0.000211335	0.0623965	-0.0623965	0.000211335	0.000211335	-0.0623965	
0.0631239	-0.00307372	-0.00307372	0.0631239	-0.0631239	0.00307372	0.00307372	-0.0631239	
0.0638441	-0.00592378	-0.00592378	0.0638441	-0.0638441	0.00592378	0.00592378	-0.0638441	
0.0645567	-0.00876128	-0.00876128	0.0645567	-0.0645567	0.00876128	0.00876128	-0.0645567	
0.0652614	-0.011586	-0.011586	0.0652614	-0.0652614	0.011586	0.011586	-0.0652614	
0.0659578	-0.0143977	-0.0143977	0.0659578	-0.0659578	0.0143977	0.0143977	-0.0659578	
0.0666457	-0.0171962	-0.0171962	0.0666457	-0.0666457	0.0171962	0.0171962	-0.0666457	
0.0673248	-0.0199812	-0.0199812	0.0673248	-0.0673248	0.0199812	0.0199812	-0.0673248	
0.0679947	-0.0227526	-0.0227526	0.0679947	-0.0679947	0.0227526	0.0227526	-0.0679947	
0.0686551	-0.02551	-0.02551	0.0686551	-0.0686551	0.02551	0.02551	-0.0686551	
0.0693058	-0.0282534	-0.0282534	0.0693058	-0.0693058	0.0282534	0.0282534	-0.0693058	
0.0699464	-0.0309826	-0.0309826	0.0699464	-0.0699464	0.0309826	0.0309826	-0.0699464	
0.0705767	-0.0336972	-0.0336972	0.0705767	-0.0705767	0.0336972	0.0336972	-0.0705767	
0.0711964	-0.0363971	-0.0363971	0.0711964	-0.0711964	0.0363971	0.0363971	-0.0711964	
0.0718053	-0.0390822	-0.0390822	0.0718053	-0.0718053	0.0390822	0.0390822	-0.0718053	
0.072403	-0.0417521	-0.0417521	0.072403	-0.072403	0.0417521	0.0417521	-0.072403	
0.0729893	-0.0444068	-0.0444068	0.0729893	-0.0729893	0.0444068	0.0444068	-0.0729893	
0.073564	-0.0470461	-0.0470461	0.073564	-0.073564	0.0470461	0.0470461	-0.073564	
0.0741268	-0.0496696	-0.0496696	0.0741268	-0.0741268	0.0496696	0.0496696	-0.0741268	
0.0746775	-0.0522774	-0.0522774	0.0746775	-0.0746775	0.0522774	0.0522774	-0.0746775	
0.0752159	-0.0548692	-0.0548692	0.0752159	-0.0752159	0.0548692	0.0548692	-0.0752159	
0.0757417	-0.0574448	-0.0574448	0.0757417	-0.0757417	0.0574448	0.0574448	-0.0757417	
0.0762546	-0.060004	-0.060004	0.0762546	-0.0762546	0.060004	0.060004	-0.0762546	
0.0767546	-0.0625467	-0.0625467	0.0767546	-0.0767546	0.0625467	0.0625467	-0.0767546	
0.0772413	-0.0650728	-0.0650728	0.0772413	-0.0772413	0.0650728	0.0650728	-0.0772413	
0.0777147	-0.067582	-0.067582	0.0777147	-0.0777147	0.067582	0.067582	-0.0777147	
0.0781744	-0.0700742	-0.0700742	0.0781744	-0.0781744	0.0700742	0.0700742	-0.0781744	
0.0786204	-0.0725492	-0.0725492	0.0786204	-0.0786204	0.0725492	0.0725492	-0.0786204	
0.0790523	-0.0750069	-0.0750069	0.0790523	-0.0790523	0.0750069	0.0750069	-0.0790523	
0.0794701	-0.0774472	-0.0774472	0.0794701	-0.0794701	0.0774472	0.0774472	-0.0794701	
0.0798736	-0.0798699	-0.0798699	0.0798736	-0.0798736	0.0798699	0.0798699	-0.0798736	
0.0802627	-0.0822749	-0.0822749	0.0802627	-0.0802627	0.0822749	0.0822749	-0.0802627	
0.0806371	-0.0846619	-0.0846619	0.0806371	-0.0806371	0.0846619	0.0846619	-0.0806371	
0.0809967	-0.087031	-0.087031	0.0809967	-0.0809967	0.087031	0.087031	-0.0809967	
0.0813415	-0.0893819	-0.0893819	0.0813415	-0.0813415	0.0893819	0.0893819	-0.0813415	
0.0816712	-0.0917146	-0.0917146	0.0816712	-0.0816712	0.0917146	0.0917146	-0.0816712	
0.0819857	-0.0940289	-0.0940289	0.0819857	-0.0819857	0.0940289	0.0940289	-0.0819857	
0.0822849	-0.0963246	-0.0963246	0.0822849	-0.0822849	0.0963246	0.0963246	-0.0822849	
0.0825688	-0.0986018	-0.0986018	0.0825688	-0.0825688	0.0986018	0.0986018	-0.0825688	
0.0828371	-0.10086	-0.10086	0.0828371	-0.0828371	0.10086	0.10086	-0.0828371	
0.0830898	-0.1031	-0.1031	0.0830898	-0.0830898	0.1031	0.1031	-0.0830898	
0.0833269	-0.10532	-0.10532	0.0833269	-0.0833269	0.10532	0.10532	-0.0833269	
0.0835481	-0.107522	-0.107522	0.0835481	-0.0835481	0.107522	0.107522	-0.0835481	
0.0837535	-0.109704	-0.109704	0.0837535	-0.0837535	0.109704	0.109704	-0.0837535	
0.083943	-0.111867	-0.111867	0.083943	-0.083943	0.111867	0.111867	-0.083943	
0.0841165	-0.114011	-0.114011	0.0841165	-0.0841165	0.114011	0.114011	-0.0841165	
0.0842739	-0.116135	-0.116135	0.0842739	-0.0842739	0.116135	0.116135	-0.0842739	
0.0844152	-0.11824	-0.11824	0.0844152	-0.0844152	0.11824	0.11824	-0.0844152	
0.0845404	-0.120325	-0.120325	0.0845404	-0.0845404	0.120325	0.120325	-0.0845404	
0.0846493	-0.122391	-0.122391	0.0846493	-0.0846493	0.122391	0.122391	-0.0846493	
0.0847421	-0.124437	-0.124437	0.0847421	-0.0847421	0.124437	0.124437	-0.0847421	
0.0848186	-0.126463	-0.126463	0.0848186	-0.0848186	0.126463	0.126463	-0.0848186	
0.0848789	-0.128469	-0.128469	0.0848789	-0.0848789	0.128469	0.128469	-0.0848789	
0.0849229	-0.130455	-0.130455	0.0849229	-0.0849229	0.130455	0.130455	-0.0849229	
0.0849506	-0.132421	-0.132421	0.0849506	-0.0849506	0.132421	0.132421	-0.0849506	
0.084962	-0.134367	-0.134367	0.084962	-0.084962	0.134367	0.134367	-0.084962	
0.0849572	-0.136293	-0.136293	0.0849572	-0.0849572	0.136293	0.136293	-0.0849572	
0.0849361	-0.138198	-0.138198	0.0849361	-0.0849361	0.138198	0.138198	-0.0849361	
0.0848988	-0.140084	-0.140084	0.0848988	-0.0848988	0.140084	0.140084	-0.0848988	
0.0848453	-0.141949	-0.141949	0.0848453	-0.0848453	0.141949	0.141949	-0.0848453	
0.0847756	-0.143794	-0.143794	0.0847756	-0.0847756	0.143794	0.143794	-0.0847756	
0.0846898	-0.145618	-0.145618	0.0846898	-0.0846898	0.145618	0.145618	-0.0846898	
0.0845879	-0.147422	-0.147422	0.0845879	-0.0845879	0.147422	0.147422	-0.0845879	
0.0844699	-0.149206	-0.149206	0.0844699	-0.0844699	0.149206	0.149206	-0.0844699	
0.084336	-0.150969	-0.150969	0.084336	-0.084336	0.150969	0.150969	-0.084336	
0.0841862	-0.152712	-0.152712	0.0841862	-0.0841862	0.152712	0.152712	-0.0841862	
0.0840205	-0.154434	-0.154434	0.0840205	-0.0840205	0.154434	0.154434	-0.0840205	
0.083839	-0.156136	-0.156136	0.083839	-0.083839	0.156136	0.156136	-0.083839	
0.0836419	-0.157817	-0.157817	0.0836419	-0.0836419	0.157817	0.157817	-0.0836419	
0.0834292	-0.159478	-0.159478	0.0834292	-0.0834292	0.159478	0.159478	-0.0834292	
0.0832009	-0.161118	-0.161118	0.0832009	-0.0832009	0.161118	0.161118	-0.0832009	
0.0829573	-0.162738	-0.162738	0.0829573	-0.0829573	0.162738	0.162738	-0.0829573	
0.0826983	-0.164337	-0.164337	0.0826983	-0.0826983	0.164337	0.164337	-0.0826983	
0.0824242	-0.165916	-0.165916	0.0824242	-0.0824242	0.165916	0.165916	-0.0824242	
0.082135	-0.167474	-0.167474	0.082135	-0.082135	0.167474	0.167474	-0.082135	
0.0818308	-0.169011	-0.169011	0.0818308	-0.0818308	0.169011	0.169011	-0.0818308	
0.0815118	-0.170528	-0.170528	0.0815118	-0.0815118	0.170528	0.170528	-0.0815118	
0.0811781	-0.172024	-0.172024	0.0811781	-0.0811781	0.172024	0.172024	-0.0811781	
0.0808298	-0.1735	-0.1735	0.0808298	-0.0808298	0.1735	0.1735	-0.0808298	
0.0804671	-0.174956	-0.174956	0.0804671	-0.0804671	0.174956	0.174956	-0.0804671	
0.0800902	-0.176391	-0.176391	0.0800902	-0.0800902	0.176391	0.176391	-0.0800902	
0.0796991	-0.177805	-0.177805	0.0796991	-0.0796991	0.177805	0.177805	-0.0796991	
0.079294	-0.179199	-0.179199	0.079294	-0.079294	0.179199	0.179199	-0.079294	
0.0788751	-0.180573	-0.180573	0.0788751	-0.0788751	0.180573	0.180573	-0.0788751	
0.0784426	-0.181926	-0.181926	0.0784426	-0.0784426	0.181926	0.181926	-0.0784426	
0.0779966	-0.183259	-0.183259	0.0779966	-0.0779966	0.183259	0.183259	-0.0779966	
0.0775373	-0.184572	-0.184572	0.0775373	-0.0775373	0.184572	0.184572	-0.0775373	
0.0770649	-0.185865	-0.185865	0.0770649	-0.0770649	0.185865	0.185865	-0.0770649	
0.0765796	-0.187137	-0.187137	0.0765796	-0.0765796	0.187137	0.187137	-0.0765796	
0.0760815	-0.188389	-0.188389	0.0760815	-0.0760815	0.188389	0.188389	-0.0760815	
0.0755708	-0.189621	-0.189621	0.0755708	-0.0755708	0.189621	0.189621	-0.0755708	
0.0750478	-0.190834	-0.190834	0.0750478	-0.0750478	0.190834	0.190834	-0.0750478	
0.0745126	-0.192026	-0.192026	0.0745126	-0.0745126	0.192026	0.192026	-0.0745126	
0.0739654	-0.193198	-0.193198	0.0739654	-0.0739654	0.193198	0.193198	-0.0739654	
0.0734065	-0.19435	-0.19435	0.0734065	-0.0734065	0.19435	0.19435	-0.0734065	
0.072836	-0.195483	-0.195483	0.072836	-0.072836	0.195483	0.195483	-0.072836	
0.0722543	-0.196595	-0.196595	0.0722543	-0.0722543	0.196595	0.196595	-0.0722543	
0.0716613	-0.197688	-0.197688	0.0716613	-0.0716613	0.197688	0.197688	-0.0716613	
0.0710575	-0.198762	-0.198762	0.0710575	-0.0710575	0.198762	0.198762	-0.0710575	
0.0704431	-0.199816	-0.199816	0.0704431	-0.0704431	0.199816	0.199816	-0.0704431	
0.0698181	-0.20085	-0.20085	0.0698181	-0.0698181	0.20085	0.20085	-0.0698181	
0.069183	-0.201865	-0.201865	0.069183	-0.069183	0.201865	0.201865	-0.069183	
0.0685379	-0.20286	-0.20286	0.0685379	-0.0685379	0.20286	0.20286	-0.0685379	
0.067883	-0.203837	-0.203837	0.067883	-0.067883	0.203837	0.203837	-0.067883	
0.0672186	-0.204794	-0.204794	0.0672186	-0.0672186	0.204794	0.204794	-0.0672186	
0.066545	-0.205732	-0.205732	0.066545	-0.066545	0.205732	0.205732	-0.066545	
0.0658623	-0.206651	-0.206651	0.0658623	-0.0658623	0.206651	0.206651	-0.0658623	
0.0651709	-0.207551	-0.207551	0.0651709	-0.0651709	0.207551	0.207551	-0.0651709	
0.0644709	-0.208433	-0.208433	0.0644709	-0.0644709	0.208433	0.208433	-0.0644709	
0.0637626	-0.209295	-0.209295	0.0637626	-0.0637626	0.209295	0.209295	-0.0637626	
0.0630463	-0.210139	-0.210139	0.0630463	-0.0630463	0.210139	0.210139	-0.0630463	
0.0623222	-0.210965	-0.210965	0.0623222	-0.0623222	0.210965	0.210965	-0.0623222	
0.0615906	-0.211771	-0.211771	0.0615906	-0.0615906	0.211771	0.211771	-0.0615906	
0.0608518	-0.21256	-0.21256	0.0608518	-0.0608518	0.21256	0.21256	-0.0608518	
0.0601059	-0.21333	-0.21333	0.0601059	-0.0601059	0.21333	0.21333	-0.0601059	
0.0593533	-0.214082	-0.214082	0.0593533	-0.0593533	0.214082	0.214082	-0.0593533	
0.0585942	-0.214816	-0.214816	0.0585942	-0.0585942	0.214816	0.214816	-0.0585942	
0.0578289	-0.215532	-0.215532	0.0578289	-0.0578289	0.215532	0.215532	-0.0578289	
0.0570577	-0.21623	-0.21623	0.0570577	-0.0570577	0.21623	0.21623	-0.0570577	
0.0562807	-0.216911	-0.216911	0.0562807	-0.0562807	0.216911	0.216911	-0.0562807	
0.0554983	-0.217573	-0.217573	0.0554983	-0.0554983	0.217573	0.217573	-0.0554983	
0.0547108	-0.218218	-0.218218	0.0547108	-0.0547108	0.218218	0.218218	-0.0547108	
0.0539184	-0.218846	-0.218846	0.0539184	-0.0539184	0.218846	0.218846	-0.0539184	
0.0531214	-0.219456	-0.219456	0.0531214	-0.0531214	0.219456	0.219456	-0.0531214	
0.05232	-0.220049	-0.220049	0.05232	-0.05232	0.220049	0.220049	-0.05232	
0.0515146	-0.220625	-0.220625	0.0515146	-0.0515146	0.220625	0.220625	-0.0515146	
0.0507053	-0.221184	-0.221184	0.0507053	-0.0507053	0.221184	0.221184	-0.0507053	
0.0498926	-0.221726	-0.221726	0.0498926	-0.0498926	0.221726	0.221726	-0.0498926	
0.0490765	-0.222251	-0.222251	0.0490765	-0.0490765	0.222251	0.222251	-0.0490765	
0.0482575	-0.22276	-0.22276	0.0482575	-0.0482575	0.22276	0.22276	-0.0482575	
0.0474357	-0.223252	-0.223252	0.0474357	-0.0474357	0.223252	0.223252	-0.0474357	
0.0466115	-0.223727	-0.223727	0.0466115	-0.0466115	0.223727	0.223727	-0.0466115	
0.0457851	-0.224186	-0.224186	0.0457851	-0.0457851	0.224186	0.224186	-0.0457851	
0.0449568	-0.224629	-0.224629	0.0449568	-0.0449568	0.224629	0.224629	-0.0449568	
0.0441269	-0.225056	-0.225056	0.0441269	-0.0441269	0.225056	0.225056	-0.0441269	
0.0432956	-0.225467	-0.225467	0.0432956	-0.0432956	0.225467	0.225467	-0.0432956	
0.0424632	-0.225862	-0.225862	0.0424632	-0.0424632	0.225862	0.225862	-0.0424632	
0.0416299	-0.226241	-0.226241	0.0416299	-0.0416299	0.226241	0.226241	-0.0416299	
0.0407961	-0.226605	-0.226605	0.0407961	-0.0407961	0.226605	0.226605	-0.0407961	
0.039962	-0.226953	-0.226953	0.039962	-0.039962	0.226953	0.226953	-0.039962	
0.0391279	-0.227286	-0.227286	0.0391279	-0.0391279	0.227286	0.227286	-0.0391279	
0.038294	-0.227603	-0.227603	0.038294	-0.038294	0.227603	0.227603	-0.038294	
0.0374605	-0.227906	-0.227906	0.0374605	-0.0374605	0.227906	0.227906	-0.0374605	
0.0366279	-0.228193	-0.228193	0.0366279	-0.0366279	0.228193	0.228193	-0.0366279	
0.0357962	-0.228466	-0.228466	0.0357962	-0.0357962	0.228466	0.228466	-0.0357962	
0.0349658	-0.228723	-0.228723	0.0349658	-0.0349658	0.228723	0.228723	-0.0349658	
0.0341369	-0.228966	-0.228966	0.0341369	-0.0341369	0.228966	0.228966	-0.0341369	
0.0333098	-0.229195	-0.229195	0.0333098	-0.0333098	0.229195	0.229195	-0.0333098	
0.0324848	-0.229409	-0.229409	0.0324848	-0.0324848	0.229409	0.229409	-0.0324848	
0.031662	-0.229609	-0.229609	0.031662	-0.031662	0.229609	0.229609	-0.031662	
0.0308418	-0.229795	-0.229795	0.0308418	-0.0308418	0.229795	0.229795	-0.0308418	
0.0300244	-0.229966	-0.229966	0.0300244	-0.0300244	0.229966	0.229966	-0.0300244	
0.02921	-0.230124	-0.230124	0.02921	-0.02921	0.230124	0.230124	-0.02921	
0.0283988	-0.230268	-0.230268	0.0283988	-0.0283988	0.230268	0.230268	-0.0283988	
0.0275912	-0.230399	-0.230399	0.0275912	-0.0275912	0.230399	0.230399	-0.0275912	
0.0267873	-0.230515	-0.230515	0.0267873	-0.0267873	0.230515	0.230515	-0.0267873	
0.0259874	-0.230619	-0.230619	0.0259874	-0.0259874	0.230619	0.230619	-0.0259874	
0.0251918	-0.230709	-0.230709	0.0251918	-0.0251918	0.230709	0.230709	-0.0251918	
0.0244006	-0.230786	-0.230786	0.0244006	-0.0244006	0.230786	0.230786	-0.0244006	
0.023614	-0.230849	-0.230849	0.023614	-0.023614	0.230849	0.230849	-0.023614	
0.0228324	-0.2309	-0.2309	0.0228324	-0.0228324	0.2309	0.2309	-0.0228324	
0.0220559	-0.230938	-0.230938	0.0220559	-0.0220559	0.230938	0.230938	-0.0220559	
0.0212848	-0.230963	-0.230963	0.0212848	-0.0212848	0.230963	0.230963	-0.0212848	
0.0205192	-0.230976	-0.230976	0.0205192	-0.0205192	0.230976	0.230976	-0.0205192	
0.0197594	-0.230976	-0.230976	0.0197594	-0.0197594	0.230976	0.230976	-0.0197594	
0.0190056	-0.230964	-0.230964	0.0190056	-0.0190056	0.230964	0.230964	-0.0190056	
0.018258	-0.23094	-0.23094	0.018258	-0.018258	0.23094	0.23094	-0.018258	
0.0175168	-0.230904	-0.230904	0.0175168	-0.0175168	0.230904	0.230904	-0.0175168	
0.0167822	-0.230855	-0.230855	0.0167822	-0.0167822	0.230855	0.230855	-0.0167822	
0.0160544	-0.230795	-0.230795	0.0160544	-0.0160544	0.230795	0.230795	-0.0160544	
0.0153336	-0.230723	-0.230723	0.0153336	-0.0153336	0.230723	0.230723	-0.0153336	
0.01462	-0.230639	-0.230639	0.01462	-0.01462	0.230639	0.230639	-0.01462	
0.0139138	-0.230544	-0.230544	0.0139138	-0.0139138	0.230544	0.230544	-0.0139138	
0.0132151	-0.230437	-0.230437	0.0132151	-0.0132151	0.230437	0.230437	-0.0132151	
0.0125242	-0.230319	-0.230319	0.0125242	-0.0125242	0.230319	0.230319	-0.0125242	
0.0118412	-0.23019	-0.23019	0.0118412	-0.0118412	0.23019	0.23019	-0.0118412	
0.0111663	-0.230049	-0.230049	0.0111663	-0.0111663	0.230049	0.230049	-0.0111663	
0.0104997	-0.229898	-0.229898	0.0104997	-0.0104997	0.229898	0.229898	-0.0104997	
0.00984143	-0.229736	-0.229736	0.00984143	-0.00984143	0.229736	0.229736	-0.00984143	
0.0091918	-0.229563	-0.229563	0.0091918	-0.0091918	0.229563	0.229563	-0.0091918	
0.00855092	-0.229379	-0.229379	0.00855092	-0.00855092	0.229379	0.229379	-0.00855092	
0.00791894	-0.229185	-0.229185	0.00791894	-0.00791894	0.229185	0.229185	-0.00791894	
0.00729601	-0.22898	-0.22898	0.00729601	-0.00729601	0.22898	0.22898	-0.00729601	
0.00668229	-0.228765	-0.228765	0.00668229	-0.00668229	0.228765	0.228765	-0.00668229	
0.0060779	-0.228539	-0.228539	0.0060779	-0.0060779	0.228539	0.228539	-0.0060779	
0.00548299	-0.228304	-0.228304	0.00548299	-0.00548299	0.228304	0.228304	-0.00548299	
0.00489769	-0.228058	-0.228058	0.00489769	-0.00489769	0.228058	0.228058	-0.00489769	
0.00432213	-0.227803	-0.227803	0.00432213	-0.00432213	0.227803	0.227803	-0.00432213	
0.00375645	-0.227537	-0.227537	0.00375645	-0.00375645	0.227537	0.227537	-0.00375645	
0.00320075	-0.227262	-0.227262	0.00320075	-0.00320075	0.227262	0.227262	-0.00320075	
0.00265516	-0.226977	-0.226977	0.00265516	-0.00265516	0.226977	0.226977	-0.00265516	
0.00211979	-0.226683	-0.226683	0.00211979	-0.00211979	0.226683	0.226683	-0.00211979	
0.00159475	-0.226379	-0.226379	0.00159475	-0.00159475	0.226379	0.226379	-0.00159475	
0.00108015	-0.226066	-0.226066	0.00108015	-0.00108015	0.226066	0.226066	-0.00108015	
0.000576075	-0.225743	-0.225743	0.000576075	-0.000576075	0.225743	0.225743	-0.000576075	
8.26351e-05	-0.225411	-0.225411	8.26351e-05	-8.26351e-05	0.225411	0.225411	-8.26351e-05	
-0.000400082	-0.22507	-0.22507	-0.000400082	0.000400082	0.22507	0.22507	0.000400082	
-0.00087199	-0.22472	-0.22472	-0.00087199	0.00087199	0.22472	0.22472	0.00087199	
-0.001333	-0.224361	-0.224361	-0.001333	0.001333	0.224361	0.224361	0.001333	
-0.00178305	-0.223993	-0.223993	-0.00178305	0.00178305	0.223993	0.223993	0.00178305	
-0.00222204	-0.223617	-0.223617	-0.00222204	0.00222204	0.223617	0.223617	0.00222204	
-0.00264992	-0.223231	-0.223231	-0.00264992	0.00264992	0.223231	0.223231	0.00264992	
-0.00306662	-0.222837	-0.222837	-0.00306662	0.00306662	0.222837	0.222837	0.00306662	
-0.00347207	-0.222435	-0.222435	-0.00347207	0.00347207	0.222435	0.222435	0.00347207	
-0.00386622	-0.222024	-0.222024	-0.00386622	0.00386622	0.222024	0.222024	0.00386622	
-0.00424902	-0.221605	-0.221605	-0.00424902	0.00424902	0.221605	0.221605	0.00424902	
-0.00462041	-0.221177	-0.221177	-0.00462041	0.00462041	0.221177	0.221177	0.00462041	
-0.00498036	-0.220741	-0.220741	-0.00498036	0.00498036	0.220741	0.220741	0.00498036	
-0.00532882	-0.220297	-0.220297	-0.00532882	0.00532882	0.220297	0.220297	0.00532882	
-0.00566576	-0.219845	-0.219845	-0.00566576	0.00566576	0.219845	0.219845	0.00566576	
-0.00599115	-0.219385	-0.219385	-0.00599115	0.00599115	0.219385	0.219385	0.00599115	
-0.00630496	-0.218916	-0.218916	-0.00630496	0.00630496	0.218916	0.218916	0.00630496	
-0.00660717	-0.21844	-0.21844	-0.00660717	0.00660717	0.21844	0.21844	0.00660717	
-0.00689776	-0.217956	-0.217956	-0.00689776	0.00689776	0.217956	0.217956	0.00689776	
-0.00717672	-0.217465	-0.217465	-0.00717672	0.00717672	0.217465	0.217465	0.00717672	
-0.00744404	-0.216965	-0.216965	-0.00744404	0.00744404	0.216965	0.216965	0.00744404	
-0.0076997	-0.216458	-0.216458	-0.0076997	0.0076997	0.216458	0.216458	0.0076997	
-0.00794372	-0.215944	-0.215944	-0.00794372	0.00794372	0.215944	0.215944	0.00794372	
-0.00817609	-0.215422	-0.215422	-0.00817609	0.00817609	0.215422	0.215422	0.00817609	
-0.00839682	-0.214892	-0.214892	-0.00839682	0.00839682	0.214892	0.214892	0.00839682	
-0.00860593	-0.214355	-0.214355	-0.00860593	0.00860593	0.214355	0.214355	0.00860593	
-0.00880342	-0.213811	-0.213811	-0.00880342	0.00880342	0.213811	0.213811	0.00880342	
-0.00898933	-0.213259	-0.213259	-0.00898933	0.00898933	0.213259	0.213259	0.00898933	
-0.00916366	-0.212701	-0.212701	-0.00916366	0.00916366	0.212701	0.212701	0.00916366	
-0.00932645	-0.212135	-0.212135	-0.00932645	0.00932645	0.212135	0.212135	0.00932645	
-0.00947774	-0.211561	-0.211561	-0.00947774	0.00947774	0.211561	0.211561	0.00947774	
-0.00961755	-0.210981	-0.210981	-0.00961755	0.00961755	0.210981	0.210981	0.00961755	
-0.00974593	-0.210394	-0.210394	-0.00974593	0.00974593	0.210394	0.210394	0.00974593	
-0.00986291	-0.2098	-0.2098	-0.00986291	0.00986291	0.2098	0.2098	0.00986291	
-0.00996856	-0.209199	-0.209199	-0.00996856	0.00996856	0.209199	0.209199	0.00996856	
-0.0100629	-0.20859	-0.20859	-0.0100629	0.0100629	0.20859	0.20859	0.0100629	
-0.010146	-0.207975	-0.207975	-0.010146	0.010146	0.207975	0.207975	0.010146	
-0.010218	-0.207354	-0.207354	-0.010218	0.010218	0.207354	0.207354	0.010218	
-0.0102788	-0.206725	-0.206725	-0.0102788	0.0102788	0.206725	0.206725	0.0102788	
-0.0103286	-0.20609	-0.20609	-0.0103286	0.0103286	0.20609	0.20609	0.0103286	
-0.0103674	-0.205448	-0.205448	-0.0103674	0.0103674	0.205448	0.205448	0.0103674	
-0.0103953	-0.204799	-0.204799	-0.0103953	0.0103953	0.204799	0.204799	0.0103953	
-0.0104123	-0.204144	-0.204144	-0.0104123	0.0104123	0.204144	0.204144	0.0104123	
-0.0104186	-0.203482	-0.203482	-0.0104186	0.0104186	0.203482	0.203482	0.0104186	
-0.0104143	-0.202814	-0.202814	-0.0104143	0.0104143	0.202814	0.202814	0.0104143	
-0.0103994	-0.202139	-0.202139	-0.0103994	0.0103994	0.202139	0.202139	0.0103994	
-0.0103739	-0.201457	-0.201457	-0.0103739	0.0103739	0.201457	0.201457	0.0103739	
-0.0103381	-0.20077	-0.20077	-0.0103381	0.0103381	0.20077	0.20077	0.0103381	
-0.010292	-0.200075	-0.200075	-0.010292	0.010292	0.200075	0.200075	0.010292	
-0.0102357	-0.199375	-0.199375	-0.0102357	0.0102357	0.199375	0.199375	0.0102357	
-0.0101693	-0.198668	-0.198668	-0.0101693	0.0101693	0.198668	0.198668	0.0101693	
-0.0100929	-0.197954	-0.197954	-0.0100929	0.0100929	0.197954	0.197954	0.0100929	
-0.0100067	-0.197235	-0.197235	-0.0100067	0.0100067	0.197235	0.197235	0.0100067	
-0.00991062	-0.196509	-0.196509	-0.00991062	0.00991062	0.196509	0.196509	0.00991062	
-0.00980493	-0.195776	-0.195776	-0.00980493	0.00980493	0.195776	0.195776	0.00980493	
-0.00968971	-0.195038	-0.195038	-0.00968971	0.00968971	0.195038	0.195038	0.00968971	
-0.00956507	-0.194293	-0.194293	-0.00956507	0.00956507	0.194293	0.194293	0.00956507	
-0.00943114	-0.193542	-0.193542	-0.00943114	0.00943114	0.193542	0.193542	0.00943114	
-0.00928805	-0.192785	-0.192785	-0.00928805	0.00928805	0.192785	0.192785	0.00928805	
-0.00913591	-0.192022	-0.192022	-0.00913591	0.00913591	0.192022	0.192022	0.00913591	
-0.00897488	-0.191253	-0.191253	-0.00897488	0.00897488	0.191253	0.191253	0.00897488	
-0.00880507	-0.190477	-0.190477	-0.00880507	0.00880507	0.190477	0.190477	0.00880507	
-0.00862662	-0.189696	-0.189696	-0.00862662	0.00862662	0.189696	0.189696	0.00862662	
-0.00843967	-0.188908	-0.188908	-0.00843967	0.00843967	0.188908	0.188908	0.00843967	
-0.00824436	-0.188114	-0.188114	-0.00824436	0.00824436	0.188114	0.188114	0.00824436	
-0.00804083	-0.187314	-0.187314	-0.00804083	0.00804083	0.187314	0.187314	0.00804083	
-0.00782923	-0.186509	-0.186509	-0.00782923	0.00782923	0.186509	0.186509	0.00782923	
-0.0076097	-0.185697	-0.185697	-0.0076097	0.0076097	0.185697	0.185697	0.0076097	
-0.00738239	-0.184879	-0.184879	-0.00738239	0.00738239	0.184879	0.184879	0.00738239	
-0.00714745	-0.184055	-0.184055	-0.00714745	0.00714745	0.184055	0.184055	0.00714745	
-0.00690503	-0.183226	-0.183226	-0.00690503	0.00690503	0.183226	0.183226	0.00690503	
-0.00665529	-0.18239	-0.18239	-0.00665529	0.00665529	0.18239	0.18239	0.00665529	
-0.00639838	-0.181548	-0.181548	-0.00639838	0.00639838	0.181548	0.181548	0.00639838	
-0.00613446	-0.180701	-0.180701	-0.00613446	0.00613446	0.180701	0.180701	0.00613446	
-0.00586369	-0.179847	-0.179847	-0.00586369	0.00586369	0.179847	0.179847	0.00586369	
-0.00558622	-0.178988	-0.178988	-0.00558622	0.00558622	0.178988	0.178988	0.00558622	
-0.00530222	-0.178122	-0.178122	-0.00530222	0.00530222	0.178122	0.178122	0.00530222	
-0.00501184	-0.177251	-0.177251	-0.00501184	0.00501184	0.177251	0.177251	0.00501184	
-0.00471527	-0.176374	-0.176374	-0.00471527	0.00471527	0.176374	0.176374	0.00471527	
-0.00441265	-0.175491	-0.175491	-0.00441265	0.00441265	0.175491	0.175491	0.00441265	
-0.00410415	-0.174602	-0.174602	-0.00410415	0.00410415	0.174602	0.174602	0.00410415	
-0.00378995	-0.173708	-0.173708	-0.00378995	0.00378995	0.173708	0.173708	0.00378995	
-0.0034702	-0.172807	-0.172807	-0.0034702	0.0034702	0.172807	0.172807	0.0034702	
-0.00314508	-0.171901	-0.171901	-0.00314508	0.00314508	0.171901	0.171901	0.00314508	
-0.00281476	-0.170989	-0.170989	-0.00281476	0.00281476	0.170989	0.170989	0.00281476	
-0.00247941	-0.170071	-0.170071	-0.00247941	0.00247941	0.170071	0.170071	0.00247941	
-0.0021392	-0.169147	-0.169147	-0.0021392	0.0021392	0.169147	0.169147	0.0021392	
-0.00179429	-0.168217	-0.168217	-0.00179429	0.00179429	0.168217	0.168217	0.00179429	
-0.00144487	-0.167282	-0.167282	-0.00144487	0.00144487	0.167282	0.167282	0.00144487	
-0.0010911	-0.166341	-0.166341	-0.0010911	0.0010911	0.166341	0.166341	0.0010911	
-0.000733164	-0.165394	-0.165394	-0.000733164	0.000733164	0.165394	0.165394	0.000733164	
-0.000371223	-0.164442	-0.164442	-0.000371223	0.000371223	0.164442	0.164442	0.000371223	
-5.45611e-06	-0.163483	-0.163483	-5.45611e-06	5.45611e-06	0.163483	0.163483	5.45611e-06	
0.000363965	-0.162519	-0.162519	0.000363965	-0.000363965	0.162519	0.162519	-0.000363965	
0.000736866	-0.161549	-0.161549	0.000736866	-0.000736866	0.161549	0.161549	-0.000736866	
0.00111307	-0.160574	-0.160574	0.00111307	-0.00111307	0.160574	0.160574	-0.00111307	
0.00149241	-0.159593	-0.159593	0.00149241	-0.00149241	0.159593	0.159593	-0.00149241	
0.00187472	-0.158606	-0.158606	0.00187472	-0.00187472	0.158606	0.158606	-0.00187472	
0.00225981	-0.157613	-0.157613	0.00225981	-0.00225981	0.157613	0.157613	-0.00225981	
0.00264751	-0.156615	-0.156615	0.00264751	-0.00264751	0.156615	0.156615	-0.00264751	
0.00303766	-0.155611	-0.155611	0.00303766	-0.00303766	0.155611	0.155611	-0.00303766	
0.00343008	-0.154601	-0.154601	0.00343008	-0.00343008	0.154601	0.154601	-0.00343008	
0.00382459	-0.153586	-0.153586	0.00382459	-0.00382459	0.153586	0.153586	-0.00382459	
0.00422104	-0.152565	-0.152565	0.00422104	-0.00422104	0.152565	0.152565	-0.00422104	
0.00461925	-0.151539	-0.151539	0.00461925	-0.00461925	0.151539	0.151539	-0.00461925	
0.00501905	-0.150507	-0.150507	0.00501905	-0.00501905	0.150507	0.150507	-0.00501905	
0.00542026	-0.149469	-0.149469	0.00542026	-0.00542026	0.149469	0.149469	-0.00542026	
0.00582274	-0.148426	-0.148426	0.00582274	-0.00582274	0.148426	0.148426	-0.00582274	
0.0062263	-0.147377	-0.147377	0.0062263	-0.0062263	0.147377	0.147377	-0.0062263	
0.00663078	-0.146322	-0.146322	0.00663078	-0.00663078	0.146322	0.146322	-0.00663078	
0.00703602	-0.145263	-0.145263	0.00703602	-0.00703602	0.145263	0.145263	-0.00703602	
0.00744185	-0.144197	-0.144197	0.00744185	-0.00744185	0.144197	0.144197	-0.00744185	
0.00784811	-0.143126	-0.143126	0.00784811	-0.00784811	0.143126	0.143126	-0.00784811	
0.00825465	-0.14205	-0.14205	0.00825465	-0.00825465	0.14205	0.14205	-0.00825465	
0.00866129	-0.140968	-0.140968	0.00866129	-0.00866129	0.140968	0.140968	-0.00866129	
0.00906789	-0.139881	-0.139881	0.00906789	-0.00906789	0.139881	0.139881	-0.00906789	
0.00947428	-0.138788	-0.138788	0.00947428	-0.00947428	0.138788	0.138788	-0.00947428	
0.00988031	-0.13769	-0.13769	0.00988031	-0.00988031	0.13769	0.13769	-0.00988031	
0.0102858	-0.136587	-0.136587	0.0102858	-0.0102858	0.136587	0.136587	-0.0102858	
0.0106907	-0.135478	-0.135478	0.0106907	-0.0106907	0.135478	0.135478	-0.0106907	
0.0110947	-0.134364	-0.134364	0.0110947	-0.0110947	0.134364	0.134364	-0.0110947	
0.0114978	-0.133244	-0.133244	0.0114978	-0.0114978	0.133244	0.133244	-0.0114978	
0.0118997	-0.132119	-0.132119	0.0118997	-0.0118997	0.132119	0.132119	-0.0118997	
0.0123004	-0.130989	-0.130989	0.0123004	-0.0123004	0.130989	0.130989	-0.0123004	
0.0126997	-0.129854	-0.129854	0.0126997	-0.0126997	0.129854	0.129854	-0.0126997	
0.0130975	-0.128713	-0.128713	0.0130975	-0.0130975	0.128713	0.128713	-0.0130975	
0.0134936	-0.127568	-0.127568	0.0134936	-0.0134936	0.127568	0.127568	-0.0134936	
0.0138878	-0.126417	-0.126417	0.0138878	-0.0138878	0.126417	0.126417	-0.0138878	
0.0142801	-0.125261	-0.125261	0.0142801	-0.0142801	0.125261	0.125261	-0.0142801	
0.0146703	-0.1241	-0.1241	0.0146703	-0.0146703	0.1241	0.1241	-0.0146703	
0.0150583	-0.122934	-0.122934	0.0150583	-0.0150583	0.122934	0.122934	-0.0150583	
0.015444	-0.121763	-0.121763	0.015444	-0.015444	0.121763	0.121763	-0.015444	
0.0158272	-0.120586	-0.120586	0.0158272	-0.0158272	0.120586	0.120586	-0.0158272	
0.0162078	-0.119405	-0.119405	0.0162078	-0.0162078	0.119405	0.119405	-0.0162078	
0.0165856	-0.118219	-0.118219	0.0165856	-0.0165856	0.118219	0.118219	-0.0165856	
0.0169607	-0.117028	-0.117028	0.0169607	-0.0169607	0.117028	0.117028	-0.0169607	
0.0173327	-0.115832	-0.115832	0.0173327	-0.0173327	0.115832	0.115832	-0.0173327	
0.0177017	-0.114632	-0.114632	0.0177017	-0.0177017	0.114632	0.114632	-0.0177017	
0.0180676	-0.113426	-0.113426	0.0180676	-0.0180676	0.113426	0.113426	-0.0180676	
0.0184301	-0.112216	-0.112216	0.0184301	-0.0184301	0.112216	0.112216	-0.0184301	
0.0187893	-0.111001	-0.111001	0.0187893	-0.0187893	0.111001	0.111001	-0.0187893	
0.0191449	-0.109782	-0.109782	0.0191449	-0.0191449	0.109782	0.109782	-0.0191449	
0.019497	-0.108557	-0.108557	0.019497	-0.019497	0.108557	0.108557	-0.019497	
0.0198454	-0.107329	-0.107329	0.0198454	-0.0198454	0.107329	0.107329	-0.0198454	
0.0201899	-0.106095	-0.106095	0.0201899	-0.0201899	0.106095	0.106095	-0.0201899	
0.0205306	-0.104858	-0.104858	0.0205306	-0.0205306	0.104858	0.104858	-0.0205306	
0.0208673	-0.103616	-0.103616	0.0208673	-0.0208673	0.103616	0.103616	-0.0208673	
0.0212	-0.102369	-0.102369	0.0212	-0.0212	0.102369	0.102369	-0.0212	
0.0215285	-0.101118	-0.101118	0.0215285	-0.0215285	0.101118	0.101118	-0.0215285	
0.0218528	-0.0998631	-0.0998631	0.0218528	-0.0218528	0.0998631	0.0998631	-0.0218528	
0.0221728	-0.0986038	-0.0986038	0.0221728	-0.0221728	0.0986038	0.0986038	-0.0221728	
0.0224884	-0.0973403	-0.0973403	0.0224884	-0.0224884	0.0973403	0.0973403	-0.0224884	
0.0227996	-0.0960727	-0.0960727	0.0227996	-0.0227996	0.0960727	0.0960727	-0.0227996	
0.0231063	-0.094801	-0.094801	0.0231063	-0.0231063	0.094801	0.094801	-0.0231063	
0.0234084	-0.0935254	-0.0935254	0.0234084	-0.0234084	0.0935254	0.0935254	-0.0234084	
0.0237058	-0.0922458	-0.0922458	0.0237058	-0.0237058	0.0922458	0.0922458	-0.0237058	
0.0239985	-0.0909623	-0.0909623	0.0239985	-0.0239985	0.0909623	0.0909623	-0.0239985	
0.0242865	-0.089675	-0.089675	0.0242865	-0.0242865	0.089675	0.089675	-0.0242865	
0.0245697	-0.0883839	-0.0883839	0.0245697	-0.0245697	0.0883839	0.0883839	-0.0245697	
0.024848	-0.0870892	-0.0870892	0.024848	-0.024848	0.0870892	0.0870892	-0.024848	
0.0251213	-0.0857909	-0.0857909	0.0251213	-0.0251213	0.0857909	0.0857909	-0.0251213	
0.0253898	-0.0844889	-0.0844889	0.0253898	-0.0253898	0.0844889	0.0844889	-0.0253898	
0.0256532	-0.0831835	-0.0831835	0.0256532	-0.0256532	0.0831835	0.0831835	-0.0256532	
0.0259116	-0.0818747	-0.0818747	0.0259116	-0.0259116	0.0818747	0.0818747	-0.0259116	
0.026165	-0.0805625	-0.0805625	0.026165	-0.026165	0.0805625	0.0805625	-0.026165	
0.0264132	-0.0792471	-0.0792471	0.0264132	-0.0264132	0.0792471	0.0792471	-0.0264132	
0.0266563	-0.0779284	-0.0779284	0.0266563	-0.0266563	0.0779284	0.0779284	-0.0266563	
0.0268943	-0.0766066	-0.0766066	0.0268943	-0.0268943	0.0766066	0.0766066	-0.0268943	
0.0271271	-0.0752818	-0.0752818	0.0271271	-0.0271271	0.0752818	0.0752818	-0.0271271	
0.0273547	-0.073954	-0.073954	0.0273547	-0.0273547	0.073954	0.073954	-0.0273547	
0.0275772	-0.0726232	-0.0726232	0.0275772	-0.0275772	0.0726232	0.0726232	-0.0275772	
0.0277944	-0.0712897	-0.0712897	0.0277944	-0.0277944	0.0712897	0.0712897	-0.0277944	
0.0280064	-0.0699534	-0.0699534	0.0280064	-0.0280064	0.0699534	0.0699534	-0.0280064	
0.0282131	-0.0686144	-0.0686144	0.0282131	-0.0282131	0.0686144	0.0686144	-0.0282131	
0.0284146	-0.0672728	-0.0672728	0.0284146	-0.0284146	0.0672728	0.0672728	-0.0284146	
0.0286109	-0.0659288	-0.0659288	0.0286109	-0.0286109	0.0659288	0.0659288	-0.0286109	
0.028802	-0.0645823	-0.0645823	0.028802	-0.028802	0.0645823	0.0645823	-0.028802	
0.0289879	-0.0632335	-0.0632335	0.0289879	-0.0289879	0.0632335	0.0632335	-0.0289879	
0.0291685	-0.0618825	-0.0618825	0.0291685	-0.0291685	0.0618825	0.0618825	-0.0291685	
0.029344	-0.0605293	-0.0605293	0.029344	-0.029344	0.0605293	0.0605293	-0.029344	
0.0295143	-0.059174	-0.059174	0.0295143	-0.0295143	0.059174	0.059174	-0.0295143	
0.0296795	-0.0578168	-0.0578168	0.0296795	-0.0296795	0.0578168	0.0578168	-0.0296795	
0.0298395	-0.0564577	-0.0564577	0.0298395	-0.0298395	0.0564577	0.0564577	-0.0298395	
0.0299944	-0.0550967	-0.0550967	0.0299944	-0.0299944	0.0550967	0.0550967	-0.0299944	
0.0301443	-0.0537341	-0.0537341	0.0301443	-0.0301443	0.0537341	0.0537341	-0.0301443	
0.0302891	-0.0523699	-0.0523699	0.0302891	-0.0302891	0.0523699	0.0523699	-0.0302891	
0.0304289	-0.0510042	-0.0510042	0.0304289	-0.0304289	0.0510042	0.0510042	-0.0304289	
0.0305637	-0.049637	-0.049637	0.0305637	-0.0305637	0.049637	0.049637	-0.0305637	
0.0306936	-0.0482685	-0.0482685	0.0306936	-0.0306936	0.0482685	0.0482685	-0.0306936	
0.0308187	-0.0468988	-0.0468988	0.0308187	-0.0308187	0.0468988	0.0468988	-0.0308187	
0.0309389	-0.045528	-0.045528	0.0309389	-0.0309389	0.045528	0.045528	-0.0309389	
0.0310544	-0.0441562	-0.0441562	0.0310544	-0.0310544	0.0441562	0.0441562	-0.0310544	
0.0311651	-0.0427835	-0.0427835	0.0311651	-0.0311651	0.0427835	0.0427835	-0.0311651	
0.0312711	-0.0414099	-0.0414099	0.0312711	-0.0312711	0.0414099	0.0414099	-0.0312711	
0.0313726	-0.0400357	-0.0400357	0.0313726	-0.0313726	0.0400357	0.0400357	-0.0313726	
0.0314695	-0.0386608	-0.0386608	0.0314695	-0.0314695	0.0386608	0.0386608	-0.0314695	
0.0315619	-0.0372854	-0.0372854	0.0315619	-0.0315619	0.0372854	0.0372854	-0.0315619	
0.03165	-0.0359097	-0.0359097	0.03165	-0.03165	0.0359097	0.0359097	-0.03165	
0.0317336	-0.0345336	-0.0345336	0.0317336	-0.0317336	0.0345336	0.0345336	-0.0317336	
0.0318131	-0.0331574	-0.0331574	0.0318131	-0.0318131	0.0331574	0.0331574	-0.0318131	
0.0318883	-0.031781	-0.031781	0.0318883	-0.0318883	0.031781	0.031781	-0.0318883	
0.0319594	-0.0304048	-0.0304048	0.0319594	-0.0319594	0.0304048	0.0304048	-0.0319594	
0.0320265	-0.0290286	-0.0290286	0.0320265	-0.0320265	0.0290286	0.0290286	-0.0320265	
0.0320897	-0.0276527	-0.0276527	0.0320897	-0.0320897	0.0276527	0.0276527	-0.0320897	
0.032149	-0.0262772	-0.0262772	0.032149	-0.032149	0.0262772	0.0262772	-0.032149	
0.0322045	-0.0249022	-0.0249022	0.0322045	-0.0322045	0.0249022	0.0249022	-0.0322045	
0.0322564	-0.0235278	-0.0235278	0.0322564	-0.0322564	0.0235278	0.0235278	-0.0322564	
0.0323047	-0.022154	-0.022154	0.0323047	-0.0323047	0.022154	0.022154	-0.0323047	
0.0323495	-0.0207811	-0.0207811	0.0323495	-0.0323495	0.0207811	0.0207811	-0.0323495	
0.0323909	-0.0194092	-0.0194092	0.0323909	-0.0323909	0.0194092	0.0194092	-0.0323909	
0.032429	-0.0180382	-0.0180382	0.032429	-0.032429	0.0180382	0.0180382	-0.032429	
0.032464	-0.0166685	-0.0166685	0.032464	-0.032464	0.0166685	0.0166685	-0.032464	
0.0324958	-0.0153	-0.0153	0.0324958	-0.0324958	0.0153	0.0153	-0.0324958	
0.0325248	-0.013933	-0.013933	0.0325248	-0.0325248	0.013933	0.013933	-0.0325248	
0.0325508	-0.0125674	-0.0125674	0.0325508	-0.0325508	0.0125674	0.0125674	-0.0325508	
0.0325741	-0.0112035	-0.0112035	0.0325741	-0.0325741	0.0112035	0.0112035	-0.0325741	
0.0325948	-0.00984135	-0.00984135	0.0325948	-0.0325948	0.00984135	0.00984135	-0.0325948	
0.0326129	-0.00848107	-0.00848107	0.0326129	-0.0326129	0.00848107	0.00848107	-0.0326129	
0.0326287	-0.00712278	-0.00712278	0.0326287	-0.0326287	0.00712278	0.00712278	-0.0326287	
0.0326422	-0.00576661	-0.00576661	0.0326422	-0.0326422	0.00576661	0.00576661	-0.0326422	
0.0326535	-0.00441267	-0.00441267	0.0326535	-0.0326535	0.00441267	0.00441267	-0.0326535	
0.0326628	-0.00306109	-0.00306109	0.0326628	-0.0326628	0.00306109	0.00306109	-0.0326628	
0.0326702	-0.00171198	-0.00171198	0.0326702	-0.0326702	0.00171198	0.00171198	-0.0326702	
0.0326758	-0.000365465	-0.000365465	0.0326758	-0.0326758	0.000365465	0.000365465	-0.0326758	
0.0326798	0.000978328	0.000978328	0.0326798	-0.0326798	-0.000978328	-0.000978328	-0.0326798	
0.0326822	0.00231928	0.00231928	0.0326822	-0.0326822	-0.00231928	-0.00231928	-0.0326822	
0.0326832	0.00365727	0.00365727	0.0326832	-0.0326832	-0.00365727	-0.00365727	-0.0326832	
0.032683	0.00499218	0.00499218	0.032683	-0.032683	-0.00499218	-0.00499218	-0.032683	
0.0326816	0.00632389	0.00632389	0.0326816	-0.0326816	-0.00632389	-0.00632389	-0.0326816	
0.0326792	0.00765226	0.00765226	0.0326792	-0.0326792	-0.00765226	-0.00765226	-0.0326792	
0.032676	0.00897719	0.00897719	0.032676	-0.032676	-0.00897719	-0.00897719	-0.032676	
0.0326721	0.0102985	0.0102985	0.0326721	-0.0326721	-0.0102985	-0.0102985	-0.0326721	
0.0326676	0.0116162	0.0116162	0.0326676	-0.0326676	-0.0116162	-0.0116162	-0.0326676	
0.0326626	0.01293	0.01293	0.0326626	-0.0326626	-0.01293	-0.01293	-0.0326626	
0.0326573	0.0142399	0.0142399	0.0326573	-0.0326573	-0.0142399	-0.0142399	-0.0326573	
0.0326519	0.0155458	0.0155458	0.0326519	-0.0326519	-0.0155458	-0.0155458	-0.0326519	
0.0326465	0.0168474	0.0168474	0.0326465	-0.0326465	-0.0168474	-0.0168474	-0.0326465	
0.0326411	0.0181448	0.0181448	0.0326411	-0.0326411	-0.0181448	-0.0181448	-0.0326411	
0.0326361	0.0194377	0.0194377	0.0326361	-0.0326361	-0.0194377	-0.0194377	-0.0326361	
0.0326314	0.020726	0.020726	0.0326314	-0.0326314	-0.020726	-0.020726	-0.0326314	
0.0326273	0.0220097	0.0220097	0.0326273	-0.0326273	-0.0220097	-0.0220097	-0.0326273	
0.0326239	0.0232886	0.0232886	0.0326239	-0.0326239	-0.0232886	-0.0232886	-0.0326239	
0.0326214	0.0245626	0.0245626	0.0326214	-0.0326214	-0.0245626	-0.0245626	-0.0326214	
0.0326198	0.0258316	0.0258316	0.0326198	-0.0326198	-0.0258316	-0.0258316	-0.0326198	
0.0326194	0.0270953	0.0270953	0.0326194	-0.0326194	-0.0270953	-0.0270953	-0.0326194	
0.0326203	0.0283539	0.0283539	0.0326203	-0.0326203	-0.0283539	-0.0283539	-0.0326203	
0.0326226	0.029607	0.029607	0.0326226	-0.0326226	-0.029607	-0.029607	-0.0326226	
0.0326265	0.0308546	0.0308546	0.0326265	-0.0326265	-0.0308546	-0.0308546	-0.0326265	
0.0326321	0.0320965	0.0320965	0.0326321	-0.0326321	-0.0320965	-0.0320965	-0.0326321	
0.0326396	0.0333327	0.0333327	0.0326396	-0.0326396	-0.0333327	-0.0333327	-0.0326396	
0.0326491	0.034563	0.034563	0.0326491	-0.0326491	-0.034563	-0.034563	-0.0326491	
0.0326608	0.0357874	0.0357874	0.0326608	-0.0326608	-0.0357874	-0.0357874	-0.0326608	
0.0326748	0.0370056	0.0370056	0.0326748	-0.0326748	-0.0370056	-0.0370056	-0.0326748	
0.0326913	0.0382176	0.0382176	0.0326913	-0.0326913	-0.0382176	-0.0382176	-0.0326913	
0.0327103	0.0394233	0.0394233	0.0327103	-0.0327103	-0.0394233	-0.0394233	-0.0327103	
0.0327322	0.0406225	0.0406225	0.0327322	-0.0327322	-0.0406225	-0.0406225	-0.0327322	
0.0327569	0.0418151	0.0418151	0.0327569	-0.0327569	-0.0418151	-0.0418151	-0.0327569	
0.0327847	0.043001	0.043001	0.0327847	-0.0327847	-0.043001	-0.043001	-0.0327847	
0.0328156	0.0441802	0.0441802	0.0328156	-0.0328156	-0.0441802	-0.0441802	-0.0328156	
0.0328499	0.0453524	0.0453524	0.0328499	-0.0328499	-0.0453524	-0.0453524	-0.0328499	
0.0328877	0.0465176	0.0465176	0.0328877	-0.0328877	-0.0465176	-0.0465176	-0.0328877	
0.0329291	0.0476757	0.0476757	0.0329291	-0.0329291	-0.0476757	-0.0476757	-0.0329291	
0.0329743	0.0488265	0.0488265	0.0329743	-0.0329743	-0.0488265	-0.0488265	-0.0329743	
0.0330233	0.04997	0.04997	0.0330233	-0.0330233	-0.04997	-0.04997	-0.0330233	
0.0330764	0.051106	0.051106	0.0330764	-0.0330764	-0.051106	-0.051106	-0.0330764	
0.0331337	0.0522344	0.0522344	0.0331337	-0.0331337	-0.0522344	-0.0522344	-0.0331337	
0.0331953	0.0533551	0.0533551	0.0331953	-0.0331953	-0.0533551	-0.0533551	-0.0331953	
0.0332614	0.0544681	0.0544681	0.0332614	-0.0332614	-0.0544681	-0.0544681	-0.0332614	
0.033332	0.0555732	0.0555732	0.033332	-0.033332	-0.0555732	-0.0555732	-0.033332	
0.0334074	0.0566702	0.0566702	0.0334074	-0.0334074	-0.0566702	-0.0566702	-0.0334074	
0.0334876	0.0577592	0.0577592	0.0334876	-0.0334876	-0.0577592	-0.0577592	-0.0334876	
0.0335728	0.05884	0.05884	0.0335728	-0.0335728	-0.05884	-0.05884	-0.0335728	
0.0336631	0.0599125	0.0599125	0.0336631	-0.0336631	-0.0599125	-0.0599125	-0.0336631	
0.0337587	0.0609766	0.0609766	0.0337587	-0.0337587	-0.0609766	-0.0609766	-0.0337587	
0.0338596	0.0620321	0.0620321	0.0338596	-0.0338596	-0.0620321	-0.0620321	-0.0338596	
0.0339661	0.0630791	0.0630791	0.0339661	-0.0339661	-0.0630791	-0.0630791	-0.0339661	
0.0340781	0.0641174	0.0641174	0.0340781	-0.0340781	-0.0641174	-0.0641174	-0.0340781	
0.0341959	0.0651469	0.0651469	0.0341959	-0.0341959	-0.0651469	-0.0651469	-0.0341959	
0.0343196	0.0661675	0.0661675	0.0343196	-0.0343196	-0.0661675	-0.0661675	-0.0343196	
0.0344492	0.0671792	0.0671792	0.0344492	-0.0344492	-0.0671792	-0.0671792	-0.0344492	
0.0345849	0.0681818	0.0681818	0.0345849	-0.0345849	-0.0681818	-0.0681818	-0.0345849	
0.0347269	0.0691752	0.0691752	0.0347269	-0.0347269	-0.0691752	-0.0691752	-0.0347269	
0.0348751	0.0701594	0.0701594	0.0348751	-0.0348751	-0.0701594	-0.0701594	-0.0348751	
0.0350298	0.0711342	0.0711342	0.0350298	-0.0350298	-0.0711342	-0.0711342	-0.0350298	
0.035191	0.0720997	0.0720997	0.035191	-0.035191	-0.0720997	-0.0720997	-0.035191	
0.0353588	0.0730556	0.0730556	0.0353588	-0.0353588	-0.0730556	-0.0730556	-0.0353588	
0.0355334	0.0740019	0.0740019	0.0355334	-0.0355334	-0.0740019	-0.0740019	-0.0355334	
0.0357148	0.0749386	0.0749386	0.0357148	-0.0357148	-0.0749386	-0.0749386	-0.0357148	
0.0359032	0.0758655	0.0758655	0.0359032	-0.0359032	-0.0758655	-0.0758655	-0.0359032	
0.0360986	0.0767826	0.0767826	0.0360986	-0.0360986	-0.0767826	-0.0767826	-0.0360986	
0.0363012	0.0776898	0.0776898	0.0363012	-0.0363012	-0.0776898	-0.0776898	-0.0363012	
0.0365109	0.0785871	0.0785871	0.0365109	-0.0365109	-0.0785871	-0.0785871	-0.0365109	
0.036728	0.0794742	0.0794742	0.036728	-0.036728	-0.0794742	-0.0794742	-0.036728	
0.0369524	0.0803513	0.0803513	0.0369524	-0.0369524	-0.0803513	-0.0803513	-0.0369524	
0.0371844	0.0812181	0.0812181	0.0371844	-0.0371844	-0.0812181	-0.0812181	-0.0371844	
0.0374239	0.0820747	0.0820747	0.0374239	-0.0374239	-0.0820747	-0.0820747	-0.0374239	
0.037671	0.0829209	0.0829209	0.037671	-0.037671	-0.0829209	-0.0829209	-0.037671	
0.0379258	0.0837567	0.0837567	0.0379258	-0.0379258	-0.0837567	-0.0837567	-0.0379258	
0.0381884	0.0845821	0.0845821	0.0381884	-0.0381884	-0.0845821	-0.0845821	-0.0381884	
0.0384589	0.0853969	0.0853969	0.0384589	-0.0384589	-0.0853969	-0.0853969	-0.0384589	
0.0387373	0.0862011	0.0862011	0.0387373	-0.0387373	-0.0862011	-0.0862011	-0.0387373	
0.0390236	0.0869947	0.0869947	0.0390236	-0.0390236	-0.0869947	-0.0869947	-0.0390236	
0.039318	0.0877776	0.0877776	0.039318	-0.039318	-0.0877776	-0.0877776	-0.039318	
0.0396204	0.0885497	0.0885497	0.0396204	-0.0396204	-0.0885497	-0.0885497	-0.0396204	
0.0399311	0.089311	0.089311	0.0399311	-0.0399311	-0.089311	-0.089311	-0.0399311	
0.0402499	0.0900614	0.0900614	0.0402499	-0.0402499	-0.0900614	-0.0900614	-0.0402499	
0.0405769	0.0908009	0.0908009	0.0405769	-0.0405769	-0.0908009	-0.0908009	-0.0405769	
0.0409122	0.0915294	0.0915294	0.0409122	-0.0409122	-0.0915294	-0.0915294	-0.0409122	
0.0412559	0.0922469	0.0922469	0.0412559	-0.0412559	-0.0922469	-0.0922469	-0.0412559	
0.0416079	0.0929533	0.0929533	0.0416079	-0.0416079	-0.0929533	-0.0929533	-0.0416079	
0.0419683	0.0936486	0.0936486	0.0419683	-0.0419683	-0.0936486	-0.0936486	-0.0419683	
0.0423372	0.0943327	0.0943327	0.0423372	-0.0423372	-0.0943327	-0.0943327	-0.0423372	
0.0427145	0.0950057	0.0950057	0.0427145	-0.0427145	-0.0950057	-0.0950057	-0.0427145	
0.0431003	0.0956674	0.0956674	0.0431003	-0.0431003	-0.0956674	-0.0956674	-0.0431003	
0.0434946	0.0963179	0.0963179	0.0434946	-0.0434946	-0.0963179	-0.0963179	-0.0434946	
0.0438973	0.096957	0.096957	0.0438973	-0.0438973	-0.096957	-0.096957	-0.0438973	
0.0443087	0.0975848	0.0975848	0.0443087	-0.0443087	-0.0975848	-0.0975848	-0.0443087	
0.0447285	0.0982013	0.0982013	0.0447285	-0.0447285	-0.0982013	-0.0982013	-0.0447285	
0.0451569	0.0988063	0.0988063	0.0451569	-0.0451569	-0.0988063	-0.0988063	-0.0451569	
0.0455939	0.0993999	0.0993999	0.0455939	-0.0455939	-0.0993999	-0.0993999	-0.0455939	
0.0460394	0.0999821	0.0999821	0.0460394	-0.0460394	-0.0999821	-0.0999821	-0.0460394	
0.0464934	0.100553	0.100553	0.0464934	-0.0464934	-0.100553	-0.100553	-0.0464934	
0.046956	0.101112	0.101112	0.046956	-0.046956	-0.101112	-0.101112	-0.046956	
0.0474271	0.10166	0.10166	0.0474271	-0.0474271	-0.10166	-0.10166	-0.0474271	
0.0479067	0.102196	0.102196	0.0479067	-0.0479067	-0.102196	-0.102196	-0.0479067	
0.0483948	0.10272	0.10272	0.0483948	-0.0483948	-0.10272	-0.10272	-0.0483948	
0.0488914	0.103233	0.103233	0.0488914	-0.0488914	-0.103233	-0.103233	-0.0488914	
0.0493964	0.103735	0.103735	0.0493964	-0.0493964	-0.103735	-0.103735	-0.0493964	
0.0499098	0.104225	0.104225	0.0499098	-0.0499098	-0.104225	-0.104225	-0.0499098	
0.0504316	0.104703	0.104703	0.0504316	-0.0504316	-0.104703	-0.104703	-0.0504316	
0.0509617	0.10517	0.10517	0.0509617	-0.0509617	-0.10517	-0.10517	-0.0509617	
0.0515002	0.105625	0.105625	0.0515002	-0.0515002	-0.105625	-0.105625	-0.0515002	
0.0520468	0.106068	0.106068	0.0520468	-0.0520468	-0.106068	-0.106068	-0.0520468	
0.0526017	0.1065	0.1065	0.0526017	-0.0526017	-0.1065	-0.1065	-0.0526017	
0.0531648	0.106921	0.106921	0.0531648	-0.0531648	-0.106921	-0.106921	-0.0531648	
0.0537359	0.107329	0.107329	0.0537359	-0.0537359	-0.107329	-0.107329	-0.0537359	
0.0543151	0.107726	0.107726	0.0543151	-0.0543151	-0.107726	-0.107726	-0.0543151	
0.0549022	0.108112	0.108112	0.0549022	-0.0549022	-0.108112	-0.108112	-0.0549022	
0.0554973	0.108486	0.108486	0.0554973	-0.0554973	-0.108486	-0.108486	-0.0554973	
0.0561001	0.108848	0.108848	0.0561001	-0.0561001	-0.108848	-0.108848	-0.0561001	
0.0567108	0.109199	0.109199	0.0567108	-0.0567108	-0.109199	-0.109199	-0.0567108	
0.0573291	0.109538	0.109538	0.0573291	-0.0573291	-0.109538	-0.109538	-0.0573291	
0.057955	0.109866	0.109866	0.057955	-0.057955	-0.109866	-0.109866	-0.057955	
0.0585885	0.110182	0.110182	0.0585885	-0.0585885	-0.110182	-0.110182	-0.0585885	
0.0592294	0.110487	0.110487	0.0592294	-0.0592294	-0.110487	-0.110487	-0.0592294	
0.0598776	0.110781	0.110781	0.0598776	-0.0598776	-0.110781	-0.110781	-0.0598776	
0.060533	0.111062	0.111062	0.060533	-0.060533	-0.111062	-0.111062	-0.060533	
0.0611956	0.111333	0.111333	0.0611956	-0.0611956	-0.111333	-0.111333	-0.0611956	
0.0618652	0.111592	0.111592	0.0618652	-0.0618652	-0.111592	-0.111592	-0.0618652	
0.0625417	0.11184	0.11184	0.0625417	-0.0625417	-0.11184	-0.11184	-0.0625417	
0.0632251	0.112076	0.112076	0.0632251	-0.0632251	-0.112076	-0.112076	-0.0632251	
0.0639151	0.112302	0.112302	0.0639151	-0.0639151	-0.112302	-0.112302	-0.0639151	
0.0646117	0.112516	0.112516	0.0646117	-0.0646117	-0.112516	-0.112516	-0.0646117	
0.0653148	0.112718	0.112718	0.0653148	-0.0653148	-0.112718	-0.112718	-0.0653148	
0.0660242	0.11291	0.11291	0.0660242	-0.0660242	-0.11291	-0.11291	-0.0660242	
0.0667399	0.113091	0.113091	0.0667399	-0.0667399	-0.113091	-0.113091	-0.0667399	
0.0674616	0.11326	0.11326	0.0674616	-0.0674616	-0.11326	-0.11326	-0.0674616	
0.0681892	0.113419	0.113419	0.0681892	-0.0681892	-0.113419	-0.113419	-0.0681892	
0.0689227	0.113566	0.113566	0.0689227	-0.0689227	-0.113566	-0.113566	-0.0689227	
0.0696618	0.113703	0.113703	0.0696618	-0.0696618	-0.113703	-0.113703	-0.0696618	
0.0704064	0.113828	0.113828	0.0704064	-0.0704064	-0.113828	-0.113828	-0.0704064	
0.0711564	0.113943	0.113943	0.0711564	-0.0711564	-0.113943	-0.113943	-0.0711564	
0.0719116	0.114047	0.114047	0.0719116	-0.0719116	-0.114047	-0.114047	-0.0719116	
0.0726718	0.11414	0.11414	0.0726718	-0.0726718	-0.11414	-0.11414	-0.0726718	
0.073437	0.114223	0.114223	0.073437	-0.073437	-0.114223	-0.114223	-0.073437	
0.0742069	0.114295	0.114295	0.0742069	-0.0742069	-0.114295	-0.114295	-0.0742069	
0.0749814	0.114357	0.114357	0.0749814	-0.0749814	-0.114357	-0.114357	-0.0749814	
0.0757602	0.114408	0.114408	0.0757602	-0.0757602	-0.114408	-0.114408	-0.0757602	
0.0765434	0.114449	0.114449	0.0765434	-0.0765434	-0.114449	-0.114449	-0.0765434	
0.0773305	0.114479	0.114479	0.0773305	-0.0773305	-0.114479	-0.114479	-0.0773305	
0.0781216	0.114499	0.114499	0.0781216	-0.0781216	-0.114499	-0.114499	-0.0781216	
0.0789164	0.114509	0.114509	0.0789164	-0.0789164	-0.114509	-0.114509	-0.0789164	
0.0797147	0.114508	0.114508	0.0797147	-0.0797147	-0.114508	-0.114508	-0.0797147	
0.0805163	0.114498	0.114498	0.0805163	-0.0805163	-0.114498	-0.114498	-0.0805163	
0.0813211	0.114478	0.114478	0.0813211	-0.0813211	-0.114478	-0.114478	-0.0813211	
0.0821289	0.114448	0.114448	0.0821289	-0.0821289	-0.114448	-0.114448	-0.0821289	
0.0829395	0.114408	0.114408	0.0829395	-0.0829395	-0.114408	-0.114408	-0.0829395	
0.0837526	0.114358	0.114358	0.0837526	-0.0837526	-0.114358	-0.114358	-0.0837526	
0.0845681	0.114298	0.114298	0.0845681	-0.0845681	-0.114298	-0.114298	-0.0845681	
0.0853858	0.114229	0.114229	0.0853858	-0.0853858	-0.114229	-0.114229	-0.0853858	
0.0862054	0.114151	0.114151	0.0862054	-0.0862054	-0.114151	-0.114151	-0.0862054	
0.0870268	0.114063	0.114063	0.0870268	-0.0870268	-0.114063	-0.114063	-0.0870268	
0.0878498	0.113965	0.113965	0.0878498	-0.0878498	-0.113965	-0.113965	-0.0878498	
0.0886742	0.113859	0.113859	0.0886742	-0.0886742	-0.113859	-0.113859	-0.0886742	
0.0894997	0.113743	0.113743	0.0894997	-0.0894997	-0.113743	-0.113743	-0.0894997	
0.0903261	0.113618	0.113618	0.0903261	-0.0903261	-0.113618	-0.113618	-0.0903261	
0.0911533	0.113484	0.113484	0.0911533	-0.0911533	-0.113484	-0.113484	-0.0911533	
0.0919809	0.113342	0.113342	0.0919809	-0.0919809	-0.113342	-0.113342	-0.0919809	
0.0928088	0.11319	0.11319	0.0928088	-0.0928088	-0.11319	-0.11319	-0.0928088	
0.0936368	0.11303	0.11303	0.0936368	-0.0936368	-0.11303	-0.11303	-0.0936368	
0.0944646	0.112861	0.112861	0.0944646	-0.0944646	-0.112861	-0.112861	-0.0944646	
0.0952921	0.112684	0.112684	0.0952921	-0.0952921	-0.112684	-0.112684	-0.0952921	
0.0961189	0.112498	0.112498	0.0961189	-0.0961189	-0.112498	-0.112498	-0.0961189	
0.0969449	0.112304	0.112304	0.0969449	-0.0969449	-0.112304	-0.112304	-0.0969449	
0.0977697	0.112102	0.112102	0.0977697	-0.0977697	-0.112102	-0.112102	-0.0977697	
0.0985933	0.111891	0.111891	0.0985933	-0.0985933	-0.111891	-0.111891	-0.0985933	
0.0994154	0.111673	0.111673	0.0994154	-0.0994154	-0.111673	-0.111673	-0.0994154	
0.100236	0.111447	0.111447	0.100236	-0.100236	-0.111447	-0.111447	-0.100236	
0.101054	0.111213	0.111213	0.101054	-0.101054	-0.111213	-0.111213	-0.101054	
0.10187	0.110971	0.110971	0.10187	-0.10187	-0.110971	-0.110971	-0.10187	
0.102684	0.110721	0.110721	0.102684	-0.102684	-0.110721	-0.110721	-0.102684	
0.103494	0.110465	0.110465	0.103494	-0.103494	-0.110465	-0.110465	-0.103494	
0.104302	0.1102	0.1102	0.104302	-0.104302	-0.1102	-0.1102	-0.104302	
0.105107	0.109929	0.109929	0.105107	-0.105107	-0.109929	-0.109929	-0.105107	
0.105908	0.10965	0.10965	0.105908	-0.105908	-0.10965	-0.10965	-0.105908	
0.106706	0.109364	0.109364	0.106706	-0.106706	-0.109364	-0.109364	-0.106706	
0.1075	0.109072	0.109072	0.1075	-0.1075	-0.109072	-0.109072	-0.1075	
0.108289	0.108772	0.108772	0.108289	-0.108289	-0.108772	-0.108772	-0.108289	
0.109074	0.108466	0.108466	0.109074	-0.109074	-0.108466	-0.108466	-0.109074	
0.109855	0.108153	0.108153	0.109855	-0.109855	-0.108153	-0.108153	-0.109855	
0.11063	0.107834	0.107834	0.11063	-0.11063	-0.107834	-0.107834	-0.11063	
0.111401	0.107508	0.107508	0.111401	-0.111401	-0.107508	-0.107508	-0.111401	
0.112166	0.107176	0.107176	0.112166	-0.112166	-0.107176	-0.107176	-0.112166	
0.112925	0.106838	0.106838	0.112925	-0.112925	-0.106838	-0.106838	-0.112925	
0.113679	0.106494	0.106494	0.113679	-0.113679	-0.106494	-0.106494	-0.113679	
0.114427	0.106144	0.106144	0.114427	-0.114427	-0.106144	-0.106144	-0.114427	
0.115168	0.105788	0.105788	0.115168	-0.115168	-0.105788	-0.105788	-0.115168	
0.115902	0.105427	0.105427	0.115902	-0.115902	-0.105427	-0.105427	-0.115902	
0.11663	0.10506	0.10506	0.11663	-0.11663	-0.10506	-0.10506	-0.11663	
0.117351	0.104687	0.104687	0.117351	-0.117351	-0.104687	-0.104687	-0.117351	
0.118064	0.104309	0.104309	0.118064	-0.118064	-0.104309	-0.104309	-0.118064	
0.11877	0.103926	0.103926	0.11877	-0.11877	-0.103926	-0.103926	-0.11877	
0.119468	0.103538	0.103538	0.119468	-0.119468	-0.103538	-0.103538	-0.119468	
0.120158	0.103145	0.103145	0.120158	-0.120158	-0.103145	-0.103145	-0.120158	
0.12084	0.102746	0.102746	0.12084	-0.12084	-0.102746	-0.102746	-0.12084	
0.121513	0.102344	0.102344	0.121513	-0.121513	-0.102344	-0.102344	-0.121513	
0.122177	0.101936	0.101936	0.122177	-0.122177	-0.101936	-0.101936	-0.122177	
0.122833	0.101524	0.101524	0.122833	-0.122833	-0.101524	-0.101524	-0.122833	
0.123479	0.101108	0.101108	0.123479	-0.123479	-0.101108	-0.101108	-0.123479	
0.124116	0.100687	0.100687	0.124116	-0.124116	-0.100687	-0.100687	-0.124116	
0.124743	0.100262	0.100262	0.124743	-0.124743	-0.100262	-0.100262	-0.124743	
0.12536	0.099833	0.099833	0.12536	-0.12536	-0.099833	-0.099833	-0.12536	
0.125967	0.0994001	0.0994001	0.125967	-0.125967	-0.0994001	-0.0994001	-0.125967	
0.126564	0.0989634	0.0989634	0.126564	-0.126564	-0.0989634	-0.0989634	-0.126564	
0.12715	0.098523	0.098523	0.12715	-0.12715	-0.098523	-0.098523	-0.12715	
0.127725	0.098079	0.098079	0.127725	-0.127725	-0.098079	-0.098079	-0.127725	
0.128289	0.0976316	0.0976316	0.128289	-0.128289	-0.0976316	-0.0976316	-0.128289	
0.128842	0.0971807	0.0971807	0.128842	-0.128842	-0.0971807	-0.0971807	-0.128842	
0.129383	0.0967267	0.0967267	0.129383	-0.129383	-0.0967267	-0.0967267	-0.129383	
0.129913	0.0962695	0.0962695	0.129913	-0.129913	-0.0962695	-0.0962695	-0.129913	
0.130431	0.0958093	0.0958093	0.130431	-0.130431	-0.0958093	-0.0958093	-0.130431	
0.130937	0.0953462	0.0953462	0.130937	-0.130937	-0.0953462	-0.0953462	-0.130937	
0.13143	0.0948803	0.0948803	0.13143	-0.13143	-0.0948803	-0.0948803	-0.13143	
0.131911	0.0944117	0.0944117	0.131911	-0.131911	-0.0944117	-0.0944117	-0.131911	
0.132379	0.0939406	0.0939406	0.132379	-0.132379	-0.0939406	-0.0939406	-0.132379	
0.132834	0.093467	0.093467	0.132834	-0.132834	-0.093467	-0.093467	-0.132834	
0.133276	0.0929911	0.0929911	0.133276	-0.133276	-0.0929911	-0.0929911	-0.133276	
0.133705	0.092513	0.092513	0.133705	-0.133705	-0.092513	-0.092513	-0.133705	
0.13412	0.0920327	0.0920327	0.13412	-0.13412	-0.0920327	-0.0920327	-0.13412	
0.134521	0.0915505	0.0915505	0.134521	-0.134521	-0.0915505	-0.0915505	-0.134521	
0.134908	0.0910663	0.0910663	0.134908	-0.134908	-0.0910663	-0.0910663	-0.134908	
0.135282	0.0905803	0.0905803	0.135282	-0.135282	-0.0905803	-0.0905803	-0.135282	
0.135641	0.0900927	0.0900927	0.135641	-0.135641	-0.0900927	-0.0900927	-0.135641	
0.135985	0.0896034	0.0896034	0.135985	-0.135985	-0.0896034	-0.0896034	-0.135985	
0.136315	0.0891127	0.0891127	0.136315	-0.136315	-0.0891127	-0.0891127	-0.136315	
0.136631	0.0886206	0.0886206	0.136631	-0.136631	-0.0886206	-0.0886206	-0.136631	
0.136931	0.0881272	0.0881272	0.136931	-0.136931	-0.0881272	-0.0881272	-0.136931	
0.137216	0.0876327	0.0876327	0.137216	-0.137216	-0.0876327	-0.0876327	-0.137216	
0.137485	0.087137	0.087137	0.137485	-0.137485	-0.087137	-0.087137	-0.137485	
0.13774	0.0866405	0.0866405	0.13774	-0.13774	-0.0866405	-0.0866405	-0.13774	
0.137978	0.086143	0.086143	0.137978	-0.137978	-0.086143	-0.086143	-0.137978	
0.138201	0.0856448	0.0856448	0.138201	-0.138201	-0.0856448	-0.0856448	-0.138201	
0.138408	0.0851459	0.0851459	0.138408	-0.138408	-0.0851459	-0.0851459	-0.138408	
0.138599	0.0846464	0.0846464	0.138599	-0.138599	-0.0846464	-0.0846464	-0.138599	
0.138773	0.0841464	0.0841464	0.138773	-0.138773	-0.0841464	-0.0841464	-0.138773	
0.138932	0.083646	0.083646	0.138932	-0.138932	-0.083646	-0.083646	-0.138932	
0.139074	0.0831453	0.0831453	0.139074	-0.139074	-0.0831453	-0.0831453	-0.139074	
0.139199	0.0826444	0.0826444	0.139199	-0.139199	-0.0826444	-0.0826444	-0.139199	
0.139307	0.0821434	0.0821434	0.139307	-0.139307	-0.0821434	-0.0821434	-0.139307	
0.139399	0.0816423	0.0816423	0.139399	-0.139399	-0.0816423	-0.0816423	-0.139399	
0.139473	0.0811413	0.0811413	0.139473	-0.139473	-0.0811413	-0.0811413	-0.139473	
0.139531	0.0806404	0.0806404	0.139531	-0.139531	-0.0806404	-0.0806404	-0.139531	
0.139571	0.0801398	0.0801398	0.139571	-0.139571	-0.0801398	-0.0801398	-0.139571	
0.139595	0.0796394	0.0796394	0.139595	-0.139595	-0.0796394	-0.0796394	-0.139595	
0.1396	0.0791395	0.0791395	0.1396	-0.1396	-0.0791395	-0.0791395	-0.1396	
0.139588	0.07864	0.07864	0.139588	-0.139588	-0.07864	-0.07864	-0.139588	
0.139559	0.078141	0.078141	0.139559	-0.139559	-0.078141	-0.078141	-0.139559	
0.139512	0.0776427	0.0776427	0.139512	-0.139512	-0.0776427	-0.0776427	-0.139512	
0.139447	0.077145	0.077145	0.139447	-0.139447	-0.077145	-0.077145	-0.139447	
0.139365	0.0766481	0.0766481	0.139365	-0.139365	-0.0766481	-0.0766481	-0.139365	
0.139264	0.0761521	0.0761521	0.139264	-0.139264	-0.0761521	-0.0761521	-0.139264	
0.139146	0.075657	0.075657	0.139146	-0.139146	-0.075657	-0.075657	-0.139146	
0.13901	0.0751628	0.0751628	0.13901	-0.13901	-0.0751628	-0.0751628	-0.13901	
0.138855	0.0746697	0.0746697	0.138855	-0.138855	-0.0746697	-0.0746697	-0.138855	
0.138683	0.0741777	0.0741777	0.138683	-0.138683	-0.0741777	-0.0741777	-0.138683	
0.138492	0.0736869	0.0736869	0.138492	-0.138492	-0.0736869	-0.0736869	-0.138492	
0.138283	0.0731973	0.0731973	0.138283	-0.138283	-0.0731973	-0.0731973	-0.138283	
0.138056	0.072709	0.072709	0.138056	-0.138056	-0.072709	-0.072709	-0.138056	
0.13781	0.0722221	0.0722221	0.13781	-0.13781	-0.0722221	-0.0722221	-0.13781	
0.137546	0.0717366	0.0717366	0.137546	-0.137546	-0.0717366	-0.0717366	-0.137546	
0.137264	0.0712526	0.0712526	0.137264	-0.137264	-0.0712526	-0.0712526	-0.137264	
