# mu=0.3
# lamb=0
# N=4
# m=0
# dim=6
#T=10
#dt=0.01
0.5	0.5	-0.5	-0.5	
0.499975	0.499975	-0.499975	-0.499975	
0.4999	0.4999	-0.4999	-0.4999	
0.499775	0.499775	-0.499775	-0.499775	
0.4996	0.4996	-0.4996	-0.4996	
0.499375	0.499375	-0.499375	-0.499375	
0.499101	0.499101	-0.499101	-0.499101	
0.498776	0.498776	-0.498776	-0.498776	
0.498402	0.498402	-0.498402	-0.498402	
0.497978	0.497978	-0.497978	-0.497978	
0.497504	0.497504	-0.497504	-0.497504	
0.496981	0.496981	-0.496981	-0.496981	
0.496409	0.496409	-0.496409	-0.496409	
0.495787	0.495787	-0.495787	-0.495787	
0.495117	0.495117	-0.495117	-0.495117	
0.494397	0.494397	-0.494397	-0.494397	
0.493628	0.493628	-0.493628	-0.493628	
0.492811	0.492811	-0.492811	-0.492811	
0.491946	0.491946	-0.491946	-0.491946	
0.491032	0.491032	-0.491032	-0.491032	
0.490069	0.490069	-0.490069	-0.490069	
0.489059	0.489059	-0.489059	-0.489059	
0.488002	0.488002	-0.488002	-0.488002	
0.486896	0.486896	-0.486896	-0.486896	
0.485744	0.485744	-0.485744	-0.485744	
0.484544	0.484544	-0.484544	-0.484544	
0.483298	0.483298	-0.483298	-0.483298	
0.482005	0.482005	-0.482005	-0.482005	
0.480666	0.480666	-0.480666	-0.480666	
0.479281	0.479281	-0.479281	-0.479281	
0.47785	0.47785	-0.47785	-0.47785	
0.476374	0.476374	-0.476374	-0.476374	
0.474853	0.474853	-0.474853	-0.474853	
0.473287	0.473287	-0.473287	-0.473287	
0.471677	0.471677	-0.471677	-0.471677	
0.470023	0.470023	-0.470023	-0.470023	
0.468324	0.468324	-0.468324	-0.468324	
0.466583	0.466583	-0.466583	-0.466583	
0.464798	0.464798	-0.464798	-0.464798	
0.462971	0.462971	-0.462971	-0.462971	
0.461102	0.461102	-0.461102	-0.461102	
0.45919	0.45919	-0.45919	-0.45919	
0.457238	0.457238	-0.457238	-0.457238	
0.455244	0.455244	-0.455244	-0.455244	
0.453209	0.453209	-0.453209	-0.453209	
0.451134	0.451134	-0.451134	-0.451134	
0.44902	0.44902	-0.44902	-0.44902	
0.446866	0.446866	-0.446866	-0.446866	
0.444673	0.444673	-0.444673	-0.444673	
0.442442	0.442442	-0.442442	-0.442442	
0.440172	0.440172	-0.440172	-0.440172	
0.437866	0.437866	-0.437866	-0.437866	
0.435522	0.435522	-0.435522	-0.435522	
0.433141	0.433141	-0.433141	-0.433141	
0.430725	0.430725	-0.430725	-0.430725	
0.428273	0.428273	-0.428273	-0.428273	
0.425786	0.425786	-0.425786	-0.425786	
0.423264	0.423264	-0.423264	-0.423264	
0.420709	0.420709	-0.420709	-0.420709	
0.41812	0.41812	-0.41812	-0.41812	
0.415498	0.415498	-0.415498	-0.415498	
0.412843	0.412843	-0.412843	-0.412843	
0.410157	0.410157	-0.410157	-0.410157	
0.40744	0.40744	-0.40744	-0.40744	
0.404692	0.404692	-0.404692	-0.404692	
0.401913	0.401913	-0.401913	-0.401913	
0.399105	0.399105	-0.399105	-0.399105	
0.396269	0.396269	-0.396269	-0.396269	
0.393403	0.393403	-0.393403	-0.393403	
0.39051	0.39051	-0.39051	-0.39051	
0.38759	0.38759	-0.38759	-0.38759	
0.384643	0.384643	-0.384643	-0.384643	
0.38167	0.38167	-0.38167	-0.38167	
0.378672	0.378672	-0.378672	-0.378672	
0.375649	0.375649	-0.375649	-0.375649	
0.372602	0.372602	-0.372602	-0.372602	
0.369532	0.369532	-0.369532	-0.369532	
0.366438	0.366438	-0.366438	-0.366438	
0.363323	0.363323	-0.363323	-0.363323	
0.360186	0.360186	-0.360186	-0.360186	
0.357028	0.357028	-0.357028	-0.357028	
0.353849	0.353849	-0.353849	-0.353849	
0.350651	0.350651	-0.350651	-0.350651	
0.347435	0.347435	-0.347435	-0.347435	
0.3442	0.3442	-0.3442	-0.3442	
0.340947	0.340947	-0.340947	-0.340947	
0.337677	0.337677	-0.337677	-0.337677	
0.334391	0.334391	-0.334391	-0.334391	
0.33109	0.33109	-0.33109	-0.33109	
0.327773	0.327773	-0.327773	-0.327773	
0.324443	0.324443	-0.324443	-0.324443	
0.321099	0.321099	-0.321099	-0.321099	
0.317742	0.317742	-0.317742	-0.317742	
0.314372	0.314372	-0.314372	-0.314372	
0.310992	0.310992	-0.310992	-0.310992	
0.307601	0.307601	-0.307601	-0.307601	
0.304199	0.304199	-0.304199	-0.304199	
0.300788	0.300788	-0.300788	-0.300788	
0.297369	0.297369	-0.297369	-0.297369	
0.293942	0.293942	-0.293942	-0.293942	
0.290507	0.290507	-0.290507	-0.290507	
0.287066	0.287066	-0.287066	-0.287066	
0.283619	0.283619	-0.283619	-0.283619	
0.280167	0.280167	-0.280167	-0.280167	
0.27671	0.27671	-0.27671	-0.27671	
0.27325	0.27325	-0.27325	-0.27325	
0.269787	0.269787	-0.269787	-0.269787	
0.266321	0.266321	-0.266321	-0.266321	
0.262854	0.262854	-0.262854	-0.262854	
0.259386	0.259386	-0.259386	-0.259386	
0.255918	0.255918	-0.255918	-0.255918	
0.25245	0.25245	-0.25245	-0.25245	
0.248984	0.248984	-0.248984	-0.248984	
0.24552	0.24552	-0.24552	-0.24552	
0.242058	0.242058	-0.242058	-0.242058	
0.2386	0.2386	-0.2386	-0.2386	
0.235145	0.235145	-0.235145	-0.235145	
0.231696	0.231696	-0.231696	-0.231696	
0.228252	0.228252	-0.228252	-0.228252	
0.224814	0.224814	-0.224814	-0.224814	
0.221383	0.221383	-0.221383	-0.221383	
0.21796	0.21796	-0.21796	-0.21796	
0.214545	0.214545	-0.214545	-0.214545	
0.211139	0.211139	-0.211139	-0.211139	
0.207743	0.207743	-0.207743	-0.207743	
0.204357	0.204357	-0.204357	-0.204357	
0.200982	0.200982	-0.200982	-0.200982	
0.197619	0.197619	-0.197619	-0.197619	
0.194268	0.194268	-0.194268	-0.194268	
0.190931	0.190931	-0.190931	-0.190931	
0.187607	0.187607	-0.187607	-0.187607	
0.184297	0.184297	-0.184297	-0.184297	
0.181003	0.181003	-0.181003	-0.181003	
0.177724	0.177724	-0.177724	-0.177724	
0.174462	0.174462	-0.174462	-0.174462	
0.171217	0.171217	-0.171217	-0.171217	
0.16799	0.16799	-0.16799	-0.16799	
0.164781	0.164781	-0.164781	-0.164781	
0.161591	0.161591	-0.161591	-0.161591	
0.158421	0.158421	-0.158421	-0.158421	
0.155271	0.155271	-0.155271	-0.155271	
0.152143	0.152143	-0.152143	-0.152143	
0.149035	0.149035	-0.149035	-0.149035	
0.14595	0.14595	-0.14595	-0.14595	
0.142888	0.142888	-0.142888	-0.142888	
0.139849	0.139849	-0.139849	-0.139849	
0.136834	0.136834	-0.136834	-0.136834	
0.133844	0.133844	-0.133844	-0.133844	
0.130879	0.130879	-0.130879	-0.130879	
0.12794	0.12794	-0.12794	-0.12794	
0.125028	0.125028	-0.125028	-0.125028	
0.122142	0.122142	-0.122142	-0.122142	
0.119284	0.119284	-0.119284	-0.119284	
0.116454	0.116454	-0.116454	-0.116454	
0.113652	0.113652	-0.113652	-0.113652	
0.11088	0.11088	-0.11088	-0.11088	
0.108138	0.108138	-0.108138	-0.108138	
0.105426	0.105426	-0.105426	-0.105426	
0.102745	0.102745	-0.102745	-0.102745	
0.100095	0.100095	-0.100095	-0.100095	
0.0974772	0.0974772	-0.0974772	-0.0974772	
0.0948918	0.0948918	-0.0948918	-0.0948918	
0.0923392	0.0923392	-0.0923392	-0.0923392	
0.0898201	0.0898201	-0.0898201	-0.0898201	
0.0873349	0.0873349	-0.0873349	-0.0873349	
0.0848841	0.0848841	-0.0848841	-0.0848841	
0.0824682	0.0824682	-0.0824682	-0.0824682	
0.0800876	0.0800876	-0.0800876	-0.0800876	
0.0777428	0.0777428	-0.0777428	-0.0777428	
0.0754342	0.0754342	-0.0754342	-0.0754342	
0.0731623	0.0731623	-0.0731623	-0.0731623	
0.0709276	0.0709276	-0.0709276	-0.0709276	
0.0687304	0.0687304	-0.0687304	-0.0687304	
0.0665712	0.0665712	-0.0665712	-0.0665712	
0.0644504	0.0644504	-0.0644504	-0.0644504	
0.0623684	0.0623684	-0.0623684	-0.0623684	
0.0603255	0.0603255	-0.0603255	-0.0603255	
0.0583223	0.0583223	-0.0583223	-0.0583223	
0.056359	0.056359	-0.056359	-0.056359	
0.054436	0.054436	-0.054436	-0.054436	
0.0525537	0.0525537	-0.0525537	-0.0525537	
0.0507124	0.0507124	-0.0507124	-0.0507124	
0.0489125	0.0489125	-0.0489125	-0.0489125	
0.0471543	0.0471543	-0.0471543	-0.0471543	
0.0454382	0.0454382	-0.0454382	-0.0454382	
0.0437644	0.0437644	-0.0437644	-0.0437644	
0.0421333	0.0421333	-0.0421333	-0.0421333	
0.0405451	0.0405451	-0.0405451	-0.0405451	
0.0390001	0.0390001	-0.0390001	-0.0390001	
0.0374987	0.0374987	-0.0374987	-0.0374987	
0.0360411	0.0360411	-0.0360411	-0.0360411	
0.0346275	0.0346275	-0.0346275	-0.0346275	
0.0332583	0.0332583	-0.0332583	-0.0332583	
0.0319336	0.0319336	-0.0319336	-0.0319336	
0.0306536	0.0306536	-0.0306536	-0.0306536	
0.0294187	0.0294187	-0.0294187	-0.0294187	
0.028229	0.028229	-0.028229	-0.028229	
0.0270846	0.0270846	-0.0270846	-0.0270846	
0.0259859	0.0259859	-0.0259859	-0.0259859	
0.024933	0.024933	-0.024933	-0.024933	
0.023926	0.023926	-0.023926	-0.023926	
0.0229652	0.0229652	-0.0229652	-0.0229652	
0.0220507	0.0220507	-0.0220507	-0.0220507	
0.0211825	0.0211825	-0.0211825	-0.0211825	
0.020361	0.020361	-0.020361	-0.020361	
0.0195861	0.0195861	-0.0195861	-0.0195861	
0.018858	0.018858	-0.018858	-0.018858	
0.0181768	0.0181768	-0.0181768	-0.0181768	
0.0175426	0.0175426	-0.0175426	-0.0175426	
0.0169555	0.0169555	-0.0169555	-0.0169555	
0.0164156	0.0164156	-0.0164156	-0.0164156	
0.0159229	0.0159229	-0.0159229	-0.0159229	
0.0154774	0.0154774	-0.0154774	-0.0154774	
0.0150793	0.0150793	-0.0150793	-0.0150793	
0.0147285	0.0147285	-0.0147285	-0.0147285	
0.0144251	0.0144251	-0.0144251	-0.0144251	
0.0141691	0.0141691	-0.0141691	-0.0141691	
0.0139605	0.0139605	-0.0139605	-0.0139605	
0.0137993	0.0137993	-0.0137993	-0.0137993	
0.0136855	0.0136855	-0.0136855	-0.0136855	
0.013619	0.013619	-0.013619	-0.013619	
0.0135998	0.0135998	-0.0135998	-0.0135998	
0.0136279	0.0136279	-0.0136279	-0.0136279	
0.0137033	0.0137033	-0.0137033	-0.0137033	
0.0138258	0.0138258	-0.0138258	-0.0138258	
0.0139953	0.0139953	-0.0139953	-0.0139953	
0.0142119	0.0142119	-0.0142119	-0.0142119	
0.0144754	0.0144754	-0.0144754	-0.0144754	
0.0147857	0.0147857	-0.0147857	-0.0147857	
0.0151426	0.0151426	-0.0151426	-0.0151426	
0.0155462	0.0155462	-0.0155462	-0.0155462	
0.0159961	0.0159961	-0.0159961	-0.0159961	
0.0164923	0.0164923	-0.0164923	-0.0164923	
0.0170347	0.0170347	-0.0170347	-0.0170347	
0.0176231	0.0176231	-0.0176231	-0.0176231	
0.0182572	0.0182572	-0.0182572	-0.0182572	
0.018937	0.018937	-0.018937	-0.018937	
0.0196622	0.0196622	-0.0196622	-0.0196622	
0.0204326	0.0204326	-0.0204326	-0.0204326	
0.0212481	0.0212481	-0.0212481	-0.0212481	
0.0221084	0.0221084	-0.0221084	-0.0221084	
0.0230132	0.0230132	-0.0230132	-0.0230132	
0.0239624	0.0239624	-0.0239624	-0.0239624	
0.0249557	0.0249557	-0.0249557	-0.0249557	
0.0259929	0.0259929	-0.0259929	-0.0259929	
0.0270736	0.0270736	-0.0270736	-0.0270736	
0.0281977	0.0281977	-0.0281977	-0.0281977	
0.0293647	0.0293647	-0.0293647	-0.0293647	
0.0305746	0.0305746	-0.0305746	-0.0305746	
0.0318268	0.0318268	-0.0318268	-0.0318268	
0.0331212	0.0331212	-0.0331212	-0.0331212	
0.0344574	0.0344574	-0.0344574	-0.0344574	
0.0358351	0.0358351	-0.0358351	-0.0358351	
0.037254	0.037254	-0.037254	-0.037254	
0.0387137	0.0387137	-0.0387137	-0.0387137	
0.0402139	0.0402139	-0.0402139	-0.0402139	
0.0417542	0.0417542	-0.0417542	-0.0417542	
0.0433343	0.0433343	-0.0433343	-0.0433343	
0.0449537	0.0449537	-0.0449537	-0.0449537	
0.0466122	0.0466122	-0.0466122	-0.0466122	
0.0483092	0.0483092	-0.0483092	-0.0483092	
0.0500445	0.0500445	-0.0500445	-0.0500445	
0.0518176	0.0518176	-0.0518176	-0.0518176	
0.0536282	0.0536282	-0.0536282	-0.0536282	
0.0554757	0.0554757	-0.0554757	-0.0554757	
0.0573597	0.0573597	-0.0573597	-0.0573597	
0.0592799	0.0592799	-0.0592799	-0.0592799	
0.0612358	0.0612358	-0.0612358	-0.0612358	
0.063227	0.063227	-0.063227	-0.063227	
0.0652529	0.0652529	-0.0652529	-0.0652529	
0.0673132	0.0673132	-0.0673132	-0.0673132	
0.0694073	0.0694073	-0.0694073	-0.0694073	
0.0715348	0.0715348	-0.0715348	-0.0715348	
0.0736952	0.0736952	-0.0736952	-0.0736952	
0.0758881	0.0758881	-0.0758881	-0.0758881	
0.0781129	0.0781129	-0.0781129	-0.0781129	
0.0803691	0.0803691	-0.0803691	-0.0803691	
0.0826563	0.0826563	-0.0826563	-0.0826563	
0.0849738	0.0849738	-0.0849738	-0.0849738	
0.0873213	0.0873213	-0.0873213	-0.0873213	
0.0896982	0.0896982	-0.0896982	-0.0896982	
0.0921039	0.0921039	-0.0921039	-0.0921039	
0.094538	0.094538	-0.094538	-0.094538	
0.0969998	0.0969998	-0.0969998	-0.0969998	
0.0994889	0.0994889	-0.0994889	-0.0994889	
0.102005	0.102005	-0.102005	-0.102005	
0.104547	0.104547	-0.104547	-0.104547	
0.107114	0.107114	-0.107114	-0.107114	
0.109707	0.109707	-0.109707	-0.109707	
0.112324	0.112324	-0.112324	-0.112324	
0.114964	0.114964	-0.114964	-0.114964	
0.117629	0.117629	-0.117629	-0.117629	
0.120315	0.120315	-0.120315	-0.120315	
0.123025	0.123025	-0.123025	-0.123025	
0.125755	0.125755	-0.125755	-0.125755	
0.128507	0.128507	-0.128507	-0.128507	
0.131279	0.131279	-0.131279	-0.131279	
0.13407	0.13407	-0.13407	-0.13407	
0.136881	0.136881	-0.136881	-0.136881	
0.139711	0.139711	-0.139711	-0.139711	
0.142558	0.142558	-0.142558	-0.142558	
0.145423	0.145423	-0.145423	-0.145423	
0.148304	0.148304	-0.148304	-0.148304	
0.151202	0.151202	-0.151202	-0.151202	
0.154115	0.154115	-0.154115	-0.154115	
0.157043	0.157043	-0.157043	-0.157043	
0.159985	0.159985	-0.159985	-0.159985	
0.162941	0.162941	-0.162941	-0.162941	
0.16591	0.16591	-0.16591	-0.16591	
0.168891	0.168891	-0.168891	-0.168891	
0.171884	0.171884	-0.171884	-0.171884	
0.174889	0.174889	-0.174889	-0.174889	
0.177903	0.177903	-0.177903	-0.177903	
0.180928	0.180928	-0.180928	-0.180928	
0.183961	0.183961	-0.183961	-0.183961	
0.187003	0.187003	-0.187003	-0.187003	
0.190053	0.190053	-0.190053	-0.190053	
0.193111	0.193111	-0.193111	-0.193111	
0.196175	0.196175	-0.196175	-0.196175	
0.199245	0.199245	-0.199245	-0.199245	
0.20232	0.20232	-0.20232	-0.20232	
0.205401	0.205401	-0.205401	-0.205401	
0.208485	0.208485	-0.208485	-0.208485	
0.211573	0.211573	-0.211573	-0.211573	
0.214663	0.214663	-0.214663	-0.214663	
0.217756	0.217756	-0.217756	-0.217756	
0.22085	0.22085	-0.22085	-0.22085	
0.223945	0.223945	-0.223945	-0.223945	
0.227041	0.227041	-0.227041	-0.227041	
0.230135	0.230135	-0.230135	-0.230135	
0.233229	0.233229	-0.233229	-0.233229	
0.236322	0.236322	-0.236322	-0.236322	
0.239412	0.239412	-0.239412	-0.239412	
0.242499	0.242499	-0.242499	-0.242499	
0.245582	0.245582	-0.245582	-0.245582	
0.248662	0.248662	-0.248662	-0.248662	
0.251736	0.251736	-0.251736	-0.251736	
0.254805	0.254805	-0.254805	-0.254805	
0.257868	0.257868	-0.257868	-0.257868	
0.260925	0.260925	-0.260925	-0.260925	
0.263974	0.263974	-0.263974	-0.263974	
0.267015	0.267015	-0.267015	-0.267015	
0.270048	0.270048	-0.270048	-0.270048	
0.273071	0.273071	-0.273071	-0.273071	
0.276085	0.276085	-0.276085	-0.276085	
0.279089	0.279089	-0.279089	-0.279089	
0.282081	0.282081	-0.282081	-0.282081	
0.285062	0.285062	-0.285062	-0.285062	
0.288031	0.288031	-0.288031	-0.288031	
0.290987	0.290987	-0.290987	-0.290987	
0.29393	0.29393	-0.29393	-0.29393	
0.296859	0.296859	-0.296859	-0.296859	
0.299774	0.299774	-0.299774	-0.299774	
0.302673	0.302673	-0.302673	-0.302673	
0.305557	0.305557	-0.305557	-0.305557	
0.308425	0.308425	-0.308425	-0.308425	
0.311276	0.311276	-0.311276	-0.311276	
0.314109	0.314109	-0.314109	-0.314109	
0.316925	0.316925	-0.316925	-0.316925	
0.319723	0.319723	-0.319723	-0.319723	
0.322501	0.322501	-0.322501	-0.322501	
0.32526	0.32526	-0.32526	-0.32526	
0.327999	0.327999	-0.327999	-0.327999	
0.330717	0.330717	-0.330717	-0.330717	
0.333415	0.333415	-0.333415	-0.333415	
0.336091	0.336091	-0.336091	-0.336091	
0.338744	0.338744	-0.338744	-0.338744	
0.341375	0.341375	-0.341375	-0.341375	
0.343983	0.343983	-0.343983	-0.343983	
0.346568	0.346568	-0.346568	-0.346568	
0.349128	0.349128	-0.349128	-0.349128	
0.351664	0.351664	-0.351664	-0.351664	
0.354175	0.354175	-0.354175	-0.354175	
0.35666	0.35666	-0.35666	-0.35666	
0.359119	0.359119	-0.359119	-0.359119	
0.361552	0.361552	-0.361552	-0.361552	
0.363958	0.363958	-0.363958	-0.363958	
0.366336	0.366336	-0.366336	-0.366336	
0.368687	0.368687	-0.368687	-0.368687	
0.37101	0.37101	-0.37101	-0.37101	
0.373304	0.373304	-0.373304	-0.373304	
0.375569	0.375569	-0.375569	-0.375569	
0.377804	0.377804	-0.377804	-0.377804	
0.38001	0.38001	-0.38001	-0.38001	
0.382185	0.382185	-0.382185	-0.382185	
0.38433	0.38433	-0.38433	-0.38433	
0.386443	0.386443	-0.386443	-0.386443	
0.388526	0.388526	-0.388526	-0.388526	
0.390576	0.390576	-0.390576	-0.390576	
0.392595	0.392595	-0.392595	-0.392595	
0.394581	0.394581	-0.394581	-0.394581	
0.396534	0.396534	-0.396534	-0.396534	
0.398454	0.398454	-0.398454	-0.398454	
0.40034	0.40034	-0.40034	-0.40034	
0.402193	0.402193	-0.402193	-0.402193	
0.404011	0.404011	-0.404011	-0.404011	
0.405795	0.405795	-0.405795	-0.405795	
0.407544	0.407544	-0.407544	-0.407544	
0.409259	0.409259	-0.409259	-0.409259	
0.410938	0.410938	-0.410938	-0.410938	
0.412581	0.412581	-0.412581	-0.412581	
0.414188	0.414188	-0.414188	-0.414188	
0.41576	0.41576	-0.41576	-0.41576	
0.417295	0.417295	-0.417295	-0.417295	
0.418793	0.418793	-0.418793	-0.418793	
0.420255	0.420255	-0.420255	-0.420255	
0.421679	0.421679	-0.421679	-0.421679	
0.423067	0.423067	-0.423067	-0.423067	
0.424417	0.424417	-0.424417	-0.424417	
0.425729	0.425729	-0.425729	-0.425729	
0.427003	0.427003	-0.427003	-0.427003	
0.428239	0.428239	-0.428239	-0.428239	
0.429437	0.429437	-0.429437	-0.429437	
0.430596	0.430596	-0.430596	-0.430596	
0.431717	0.431717	-0.431717	-0.431717	
0.4328	0.4328	-0.4328	-0.4328	
0.433843	0.433843	-0.433843	-0.433843	
0.434848	0.434848	-0.434848	-0.434848	
0.435813	0.435813	-0.435813	-0.435813	
0.436739	0.436739	-0.436739	-0.436739	
0.437626	0.437626	-0.437626	-0.437626	
0.438473	0.438473	-0.438473	-0.438473	
0.439281	0.439281	-0.439281	-0.439281	
0.440049	0.440049	-0.440049	-0.440049	
0.440778	0.440778	-0.440778	-0.440778	
0.441467	0.441467	-0.441467	-0.441467	
0.442116	0.442116	-0.442116	-0.442116	
0.442725	0.442725	-0.442725	-0.442725	
0.443295	0.443295	-0.443295	-0.443295	
0.443824	0.443824	-0.443824	-0.443824	
0.444314	0.444314	-0.444314	-0.444314	
0.444763	0.444763	-0.444763	-0.444763	
0.445173	0.445173	-0.445173	-0.445173	
0.445543	0.445543	-0.445543	-0.445543	
0.445873	0.445873	-0.445873	-0.445873	
0.446163	0.446163	-0.446163	-0.446163	
0.446413	0.446413	-0.446413	-0.446413	
0.446624	0.446624	-0.446624	-0.446624	
0.446794	0.446794	-0.446794	-0.446794	
0.446925	0.446925	-0.446925	-0.446925	
0.447017	0.447017	-0.447017	-0.447017	
0.447068	0.447068	-0.447068	-0.447068	
0.44708	0.44708	-0.44708	-0.44708	
0.447053	0.447053	-0.447053	-0.447053	
0.446987	0.446987	-0.446987	-0.446987	
0.446881	0.446881	-0.446881	-0.446881	
0.446736	0.446736	-0.446736	-0.446736	
0.446553	0.446553	-0.446553	-0.446553	
0.44633	0.44633	-0.44633	-0.44633	
0.446069	0.446069	-0.446069	-0.446069	
0.445769	0.445769	-0.445769	-0.445769	
0.445431	0.445431	-0.445431	-0.445431	
0.445055	0.445055	-0.445055	-0.445055	
0.44464	0.44464	-0.44464	-0.44464	
0.444188	0.444188	-0.444188	-0.444188	
0.443698	0.443698	-0.443698	-0.443698	
0.443171	0.443171	-0.443171	-0.443171	
0.442606	0.442606	-0.442606	-0.442606	
0.442004	0.442004	-0.442004	-0.442004	
0.441365	0.441365	-0.441365	-0.441365	
0.44069	0.44069	-0.44069	-0.44069	
0.439978	0.439978	-0.439978	-0.439978	
0.43923	0.43923	-0.43923	-0.43923	
0.438446	0.438446	-0.438446	-0.438446	
0.437626	0.437626	-0.437626	-0.437626	
0.436771	0.436771	-0.436771	-0.436771	
0.435881	0.435881	-0.435881	-0.435881	
0.434956	0.434956	-0.434956	-0.434956	
0.433996	0.433996	-0.433996	-0.433996	
0.433002	0.433002	-0.433002	-0.433002	
0.431974	0.431974	-0.431974	-0.431974	
0.430912	0.430912	-0.430912	-0.430912	
0.429817	0.429817	-0.429817	-0.429817	
0.428689	0.428689	-0.428689	-0.428689	
0.427528	0.427528	-0.427528	-0.427528	
0.426334	0.426334	-0.426334	-0.426334	
0.425109	0.425109	-0.425109	-0.425109	
0.423851	0.423851	-0.423851	-0.423851	
0.422562	0.422562	-0.422562	-0.422562	
0.421242	0.421242	-0.421242	-0.421242	
0.419891	0.419891	-0.419891	-0.419891	
0.41851	0.41851	-0.41851	-0.41851	
0.417099	0.417099	-0.417099	-0.417099	
0.415658	0.415658	-0.415658	-0.415658	
0.414188	0.414188	-0.414188	-0.414188	
0.412689	0.412689	-0.412689	-0.412689	
0.411162	0.411162	-0.411162	-0.411162	
0.409606	0.409606	-0.409606	-0.409606	
0.408023	0.408023	-0.408023	-0.408023	
0.406412	0.406412	-0.406412	-0.406412	
0.404775	0.404775	-0.404775	-0.404775	
0.403111	0.403111	-0.403111	-0.403111	
0.401421	0.401421	-0.401421	-0.401421	
0.399705	0.399705	-0.399705	-0.399705	
0.397964	0.397964	-0.397964	-0.397964	
0.396199	0.396199	-0.396199	-0.396199	
0.394409	0.394409	-0.394409	-0.394409	
0.392595	0.392595	-0.392595	-0.392595	
0.390758	0.390758	-0.390758	-0.390758	
0.388897	0.388897	-0.388897	-0.388897	
0.387014	0.387014	-0.387014	-0.387014	
0.385109	0.385109	-0.385109	-0.385109	
0.383183	0.383183	-0.383183	-0.383183	
0.381235	0.381235	-0.381235	-0.381235	
0.379266	0.379266	-0.379266	-0.379266	
0.377277	0.377277	-0.377277	-0.377277	
0.375269	0.375269	-0.375269	-0.375269	
0.373241	0.373241	-0.373241	-0.373241	
0.371194	0.371194	-0.371194	-0.371194	
0.369129	0.369129	-0.369129	-0.369129	
0.367046	0.367046	-0.367046	-0.367046	
0.364945	0.364945	-0.364945	-0.364945	
0.362828	0.362828	-0.362828	-0.362828	
0.360694	0.360694	-0.360694	-0.360694	
0.358545	0.358545	-0.358545	-0.358545	
0.35638	0.35638	-0.35638	-0.35638	
0.3542	0.3542	-0.3542	-0.3542	
0.352006	0.352006	-0.352006	-0.352006	
0.349797	0.349797	-0.349797	-0.349797	
0.347576	0.347576	-0.347576	-0.347576	
0.345341	0.345341	-0.345341	-0.345341	
0.343094	0.343094	-0.343094	-0.343094	
0.340835	0.340835	-0.340835	-0.340835	
0.338564	0.338564	-0.338564	-0.338564	
0.336283	0.336283	-0.336283	-0.336283	
0.333992	0.333992	-0.333992	-0.333992	
0.33169	0.33169	-0.33169	-0.33169	
0.329379	0.329379	-0.329379	-0.329379	
0.327059	0.327059	-0.327059	-0.327059	
0.324731	0.324731	-0.324731	-0.324731	
0.322395	0.322395	-0.322395	-0.322395	
0.320052	0.320052	-0.320052	-0.320052	
0.317702	0.317702	-0.317702	-0.317702	
0.315346	0.315346	-0.315346	-0.315346	
0.312983	0.312983	-0.312983	-0.312983	
0.310616	0.310616	-0.310616	-0.310616	
0.308244	0.308244	-0.308244	-0.308244	
0.305867	0.305867	-0.305867	-0.305867	
0.303487	0.303487	-0.303487	-0.303487	
0.301104	0.301104	-0.301104	-0.301104	
0.298717	0.298717	-0.298717	-0.298717	
0.296329	0.296329	-0.296329	-0.296329	
0.293939	0.293939	-0.293939	-0.293939	
0.291547	0.291547	-0.291547	-0.291547	
0.289155	0.289155	-0.289155	-0.289155	
0.286763	0.286763	-0.286763	-0.286763	
0.284371	0.284371	-0.284371	-0.284371	
0.28198	0.28198	-0.28198	-0.28198	
0.27959	0.27959	-0.27959	-0.27959	
0.277202	0.277202	-0.277202	-0.277202	
0.274817	0.274817	-0.274817	-0.274817	
0.272434	0.272434	-0.272434	-0.272434	
0.270054	0.270054	-0.270054	-0.270054	
0.267678	0.267678	-0.267678	-0.267678	
0.265306	0.265306	-0.265306	-0.265306	
0.262939	0.262939	-0.262939	-0.262939	
0.260577	0.260577	-0.260577	-0.260577	
0.258221	0.258221	-0.258221	-0.258221	
0.255871	0.255871	-0.255871	-0.255871	
0.253528	0.253528	-0.253528	-0.253528	
0.251192	0.251192	-0.251192	-0.251192	
0.248863	0.248863	-0.248863	-0.248863	
0.246543	0.246543	-0.246543	-0.246543	
0.244231	0.244231	-0.244231	-0.244231	
0.241928	0.241928	-0.241928	-0.241928	
0.239634	0.239634	-0.239634	-0.239634	
0.23735	0.23735	-0.23735	-0.23735	
0.235076	0.235076	-0.235076	-0.235076	
0.232813	0.232813	-0.232813	-0.232813	
0.230562	0.230562	-0.230562	-0.230562	
0.228322	0.228322	-0.228322	-0.228322	
0.226094	0.226094	-0.226094	-0.226094	
0.223878	0.223878	-0.223878	-0.223878	
0.221675	0.221675	-0.221675	-0.221675	
0.219486	0.219486	-0.219486	-0.219486	
0.21731	0.21731	-0.21731	-0.21731	
0.215149	0.215149	-0.215149	-0.215149	
0.213002	0.213002	-0.213002	-0.213002	
0.21087	0.21087	-0.21087	-0.21087	
0.208753	0.208753	-0.208753	-0.208753	
0.206652	0.206652	-0.206652	-0.206652	
0.204567	0.204567	-0.204567	-0.204567	
0.202499	0.202499	-0.202499	-0.202499	
0.200447	0.200447	-0.200447	-0.200447	
0.198413	0.198413	-0.198413	-0.198413	
0.196397	0.196397	-0.196397	-0.196397	
0.194398	0.194398	-0.194398	-0.194398	
0.192418	0.192418	-0.192418	-0.192418	
0.190456	0.190456	-0.190456	-0.190456	
0.188513	0.188513	-0.188513	-0.188513	
0.18659	0.18659	-0.18659	-0.18659	
0.184686	0.184686	-0.184686	-0.184686	
0.182803	0.182803	-0.182803	-0.182803	
0.18094	0.18094	-0.18094	-0.18094	
0.179097	0.179097	-0.179097	-0.179097	
0.177275	0.177275	-0.177275	-0.177275	
0.175475	0.175475	-0.175475	-0.175475	
0.173696	0.173696	-0.173696	-0.173696	
0.17194	0.17194	-0.17194	-0.17194	
0.170205	0.170205	-0.170205	-0.170205	
0.168493	0.168493	-0.168493	-0.168493	
0.166803	0.166803	-0.166803	-0.166803	
0.165137	0.165137	-0.165137	-0.165137	
0.163494	0.163494	-0.163494	-0.163494	
0.161874	0.161874	-0.161874	-0.161874	
0.160278	0.160278	-0.160278	-0.160278	
0.158706	0.158706	-0.158706	-0.158706	
0.157159	0.157159	-0.157159	-0.157159	
0.155636	0.155636	-0.155636	-0.155636	
0.154137	0.154137	-0.154137	-0.154137	
0.152664	0.152664	-0.152664	-0.152664	
0.151215	0.151215	-0.151215	-0.151215	
0.149793	0.149793	-0.149793	-0.149793	
0.148395	0.148395	-0.148395	-0.148395	
0.147024	0.147024	-0.147024	-0.147024	
0.145678	0.145678	-0.145678	-0.145678	
0.144359	0.144359	-0.144359	-0.144359	
0.143066	0.143066	-0.143066	-0.143066	
0.141799	0.141799	-0.141799	-0.141799	
0.140559	0.140559	-0.140559	-0.140559	
0.139346	0.139346	-0.139346	-0.139346	
0.138159	0.138159	-0.138159	-0.138159	
0.137	0.137	-0.137	-0.137	
0.135868	0.135868	-0.135868	-0.135868	
0.134764	0.134764	-0.134764	-0.134764	
0.133687	0.133687	-0.133687	-0.133687	
0.132637	0.132637	-0.132637	-0.132637	
0.131616	0.131616	-0.131616	-0.131616	
0.130622	0.130622	-0.130622	-0.130622	
0.129656	0.129656	-0.129656	-0.129656	
0.128718	0.128718	-0.128718	-0.128718	
0.127808	0.127808	-0.127808	-0.127808	
0.126926	0.126926	-0.126926	-0.126926	
0.126073	0.126073	-0.126073	-0.126073	
0.125248	0.125248	-0.125248	-0.125248	
0.124451	0.124451	-0.124451	-0.124451	
0.123682	0.123682	-0.123682	-0.123682	
0.122943	0.122943	-0.122943	-0.122943	
0.122231	0.122231	-0.122231	-0.122231	
0.121548	0.121548	-0.121548	-0.121548	
0.120894	0.120894	-0.120894	-0.120894	
0.120268	0.120268	-0.120268	-0.120268	
0.119671	0.119671	-0.119671	-0.119671	
0.119102	0.119102	-0.119102	-0.119102	
0.118562	0.118562	-0.118562	-0.118562	
0.11805	0.11805	-0.11805	-0.11805	
0.117567	0.117567	-0.117567	-0.117567	
0.117113	0.117113	-0.117113	-0.117113	
0.116687	0.116687	-0.116687	-0.116687	
0.11629	0.11629	-0.11629	-0.11629	
0.115921	0.115921	-0.115921	-0.115921	
0.11558	0.11558	-0.11558	-0.11558	
0.115268	0.115268	-0.115268	-0.115268	
0.114984	0.114984	-0.114984	-0.114984	
0.114728	0.114728	-0.114728	-0.114728	
0.1145	0.1145	-0.1145	-0.1145	
0.1143	0.1143	-0.1143	-0.1143	
0.114129	0.114129	-0.114129	-0.114129	
0.113985	0.113985	-0.113985	-0.113985	
0.113869	0.113869	-0.113869	-0.113869	
0.113781	0.113781	-0.113781	-0.113781	
0.11372	0.11372	-0.11372	-0.11372	
0.113687	0.113687	-0.113687	-0.113687	
0.113681	0.113681	-0.113681	-0.113681	
0.113702	0.113702	-0.113702	-0.113702	
0.113751	0.113751	-0.113751	-0.113751	
0.113826	0.113826	-0.113826	-0.113826	
0.113928	0.113928	-0.113928	-0.113928	
0.114057	0.114057	-0.114057	-0.114057	
0.114213	0.114213	-0.114213	-0.114213	
0.114395	0.114395	-0.114395	-0.114395	
0.114603	0.114603	-0.114603	-0.114603	
0.114837	0.114837	-0.114837	-0.114837	
0.115096	0.115096	-0.115096	-0.115096	
0.115382	0.115382	-0.115382	-0.115382	
0.115693	0.115693	-0.115693	-0.115693	
0.116029	0.116029	-0.116029	-0.116029	
0.116391	0.116391	-0.116391	-0.116391	
0.116777	0.116777	-0.116777	-0.116777	
0.117188	0.117188	-0.117188	-0.117188	
0.117624	0.117624	-0.117624	-0.117624	
0.118084	0.118084	-0.118084	-0.118084	
0.118568	0.118568	-0.118568	-0.118568	
0.119076	0.119076	-0.119076	-0.119076	
0.119607	0.119607	-0.119607	-0.119607	
0.120162	0.120162	-0.120162	-0.120162	
0.12074	0.12074	-0.12074	-0.12074	
0.121341	0.121341	-0.121341	-0.121341	
0.121964	0.121964	-0.121964	-0.121964	
0.12261	0.12261	-0.12261	-0.12261	
0.123278	0.123278	-0.123278	-0.123278	
0.123968	0.123968	-0.123968	-0.123968	
0.12468	0.12468	-0.12468	-0.12468	
0.125413	0.125413	-0.125413	-0.125413	
0.126167	0.126167	-0.126167	-0.126167	
0.126942	0.126942	-0.126942	-0.126942	
0.127738	0.127738	-0.127738	-0.127738	
0.128554	0.128554	-0.128554	-0.128554	
0.12939	0.12939	-0.12939	-0.12939	
0.130246	0.130246	-0.130246	-0.130246	
0.131121	0.131121	-0.131121	-0.131121	
0.132015	0.132015	-0.132015	-0.132015	
0.132928	0.132928	-0.132928	-0.132928	
0.13386	0.13386	-0.13386	-0.13386	
0.13481	0.13481	-0.13481	-0.13481	
0.135778	0.135778	-0.135778	-0.135778	
0.136763	0.136763	-0.136763	-0.136763	
0.137766	0.137766	-0.137766	-0.137766	
0.138786	0.138786	-0.138786	-0.138786	
0.139822	0.139822	-0.139822	-0.139822	
0.140875	0.140875	-0.140875	-0.140875	
0.141945	0.141945	-0.141945	-0.141945	
0.143029	0.143029	-0.143029	-0.143029	
0.14413	0.14413	-0.14413	-0.14413	
0.145245	0.145245	-0.145245	-0.145245	
0.146375	0.146375	-0.146375	-0.146375	
0.14752	0.14752	-0.14752	-0.14752	
0.148678	0.148678	-0.148678	-0.148678	
0.149851	0.149851	-0.149851	-0.149851	
0.151037	0.151037	-0.151037	-0.151037	
0.152236	0.152236	-0.152236	-0.152236	
0.153448	0.153448	-0.153448	-0.153448	
0.154672	0.154672	-0.154672	-0.154672	
0.155909	0.155909	-0.155909	-0.155909	
0.157157	0.157157	-0.157157	-0.157157	
0.158417	0.158417	-0.158417	-0.158417	
0.159687	0.159687	-0.159687	-0.159687	
0.160969	0.160969	-0.160969	-0.160969	
0.162261	0.162261	-0.162261	-0.162261	
0.163562	0.163562	-0.163562	-0.163562	
0.164874	0.164874	-0.164874	-0.164874	
0.166195	0.166195	-0.166195	-0.166195	
0.167525	0.167525	-0.167525	-0.167525	
0.168864	0.168864	-0.168864	-0.168864	
0.170211	0.170211	-0.170211	-0.170211	
0.171566	0.171566	-0.171566	-0.171566	
0.172928	0.172928	-0.172928	-0.172928	
0.174298	0.174298	-0.174298	-0.174298	
0.175675	0.175675	-0.175675	-0.175675	
0.177058	0.177058	-0.177058	-0.177058	
0.178448	0.178448	-0.178448	-0.178448	
0.179843	0.179843	-0.179843	-0.179843	
0.181244	0.181244	-0.181244	-0.181244	
0.182651	0.182651	-0.182651	-0.182651	
0.184062	0.184062	-0.184062	-0.184062	
0.185478	0.185478	-0.185478	-0.185478	
0.186897	0.186897	-0.186897	-0.186897	
0.188321	0.188321	-0.188321	-0.188321	
0.189748	0.189748	-0.189748	-0.189748	
0.191178	0.191178	-0.191178	-0.191178	
0.192612	0.192612	-0.192612	-0.192612	
0.194047	0.194047	-0.194047	-0.194047	
0.195485	0.195485	-0.195485	-0.195485	
0.196924	0.196924	-0.196924	-0.196924	
0.198365	0.198365	-0.198365	-0.198365	
0.199807	0.199807	-0.199807	-0.199807	
0.20125	0.20125	-0.20125	-0.20125	
0.202694	0.202694	-0.202694	-0.202694	
0.204137	0.204137	-0.204137	-0.204137	
0.205581	0.205581	-0.205581	-0.205581	
0.207024	0.207024	-0.207024	-0.207024	
0.208466	0.208466	-0.208466	-0.208466	
0.209907	0.209907	-0.209907	-0.209907	
0.211346	0.211346	-0.211346	-0.211346	
0.212784	0.212784	-0.212784	-0.212784	
0.214219	0.214219	-0.214219	-0.214219	
0.215652	0.215652	-0.215652	-0.215652	
0.217083	0.217083	-0.217083	-0.217083	
0.21851	0.21851	-0.21851	-0.21851	
0.219935	0.219935	-0.219935	-0.219935	
0.221355	0.221355	-0.221355	-0.221355	
0.222772	0.222772	-0.222772	-0.222772	
0.224184	0.224184	-0.224184	-0.224184	
0.225592	0.225592	-0.225592	-0.225592	
0.226995	0.226995	-0.226995	-0.226995	
0.228394	0.228394	-0.228394	-0.228394	
0.229786	0.229786	-0.229786	-0.229786	
0.231173	0.231173	-0.231173	-0.231173	
0.232555	0.232555	-0.232555	-0.232555	
0.23393	0.23393	-0.23393	-0.23393	
0.235298	0.235298	-0.235298	-0.235298	
0.23666	0.23666	-0.23666	-0.23666	
0.238015	0.238015	-0.238015	-0.238015	
0.239362	0.239362	-0.239362	-0.239362	
0.240702	0.240702	-0.240702	-0.240702	
0.242035	0.242035	-0.242035	-0.242035	
0.243359	0.243359	-0.243359	-0.243359	
0.244675	0.244675	-0.244675	-0.244675	
0.245983	0.245983	-0.245983	-0.245983	
0.247281	0.247281	-0.247281	-0.247281	
0.248571	0.248571	-0.248571	-0.248571	
0.249852	0.249852	-0.249852	-0.249852	
0.251123	0.251123	-0.251123	-0.251123	
0.252385	0.252385	-0.252385	-0.252385	
0.253636	0.253636	-0.253636	-0.253636	
0.254878	0.254878	-0.254878	-0.254878	
0.256109	0.256109	-0.256109	-0.256109	
0.25733	0.25733	-0.25733	-0.25733	
0.25854	0.25854	-0.25854	-0.25854	
0.259739	0.259739	-0.259739	-0.259739	
0.260927	0.260927	-0.260927	-0.260927	
0.262104	0.262104	-0.262104	-0.262104	
0.263269	0.263269	-0.263269	-0.263269	
0.264422	0.264422	-0.264422	-0.264422	
0.265564	0.265564	-0.265564	-0.265564	
0.266693	0.266693	-0.266693	-0.266693	
0.267811	0.267811	-0.267811	-0.267811	
0.268916	0.268916	-0.268916	-0.268916	
0.270008	0.270008	-0.270008	-0.270008	
0.271088	0.271088	-0.271088	-0.271088	
0.272155	0.272155	-0.272155	-0.272155	
0.273209	0.273209	-0.273209	-0.273209	
0.27425	0.27425	-0.27425	-0.27425	
0.275277	0.275277	-0.275277	-0.275277	
0.276292	0.276292	-0.276292	-0.276292	
0.277292	0.277292	-0.277292	-0.277292	
0.278279	0.278279	-0.278279	-0.278279	
0.279252	0.279252	-0.279252	-0.279252	
0.280211	0.280211	-0.280211	-0.280211	
0.281157	0.281157	-0.281157	-0.281157	
0.282088	0.282088	-0.282088	-0.282088	
0.283005	0.283005	-0.283005	-0.283005	
0.283907	0.283907	-0.283907	-0.283907	
0.284795	0.284795	-0.284795	-0.284795	
0.285669	0.285669	-0.285669	-0.285669	
0.286528	0.286528	-0.286528	-0.286528	
0.287372	0.287372	-0.287372	-0.287372	
0.288201	0.288201	-0.288201	-0.288201	
0.289016	0.289016	-0.289016	-0.289016	
0.289816	0.289816	-0.289816	-0.289816	
0.290601	0.290601	-0.290601	-0.290601	
0.29137	0.29137	-0.29137	-0.29137	
0.292125	0.292125	-0.292125	-0.292125	
0.292865	0.292865	-0.292865	-0.292865	
0.293589	0.293589	-0.293589	-0.293589	
0.294298	0.294298	-0.294298	-0.294298	
0.294992	0.294992	-0.294992	-0.294992	
0.295671	0.295671	-0.295671	-0.295671	
0.296334	0.296334	-0.296334	-0.296334	
0.296983	0.296983	-0.296983	-0.296983	
0.297615	0.297615	-0.297615	-0.297615	
0.298233	0.298233	-0.298233	-0.298233	
0.298835	0.298835	-0.298835	-0.298835	
0.299421	0.299421	-0.299421	-0.299421	
0.299992	0.299992	-0.299992	-0.299992	
0.300548	0.300548	-0.300548	-0.300548	
0.301089	0.301089	-0.301089	-0.301089	
0.301614	0.301614	-0.301614	-0.301614	
0.302124	0.302124	-0.302124	-0.302124	
0.302618	0.302618	-0.302618	-0.302618	
0.303097	0.303097	-0.303097	-0.303097	
0.303561	0.303561	-0.303561	-0.303561	
0.30401	0.30401	-0.30401	-0.30401	
0.304443	0.304443	-0.304443	-0.304443	
0.304862	0.304862	-0.304862	-0.304862	
0.305265	0.305265	-0.305265	-0.305265	
0.305653	0.305653	-0.305653	-0.305653	
0.306026	0.306026	-0.306026	-0.306026	
0.306385	0.306385	-0.306385	-0.306385	
0.306728	0.306728	-0.306728	-0.306728	
0.307057	0.307057	-0.307057	-0.307057	
0.30737	0.30737	-0.30737	-0.30737	
0.30767	0.30767	-0.30767	-0.30767	
0.307954	0.307954	-0.307954	-0.307954	
0.308224	0.308224	-0.308224	-0.308224	
0.30848	0.30848	-0.30848	-0.30848	
0.308721	0.308721	-0.308721	-0.308721	
0.308948	0.308948	-0.308948	-0.308948	
0.309161	0.309161	-0.309161	-0.309161	
0.309359	0.309359	-0.309359	-0.309359	
0.309544	0.309544	-0.309544	-0.309544	
0.309715	0.309715	-0.309715	-0.309715	
0.309872	0.309872	-0.309872	-0.309872	
0.310015	0.310015	-0.310015	-0.310015	
0.310145	0.310145	-0.310145	-0.310145	
0.310262	0.310262	-0.310262	-0.310262	
0.310365	0.310365	-0.310365	-0.310365	
0.310455	0.310455	-0.310455	-0.310455	
0.310532	0.310532	-0.310532	-0.310532	
0.310596	0.310596	-0.310596	-0.310596	
0.310647	0.310647	-0.310647	-0.310647	
0.310686	0.310686	-0.310686	-0.310686	
0.310712	0.310712	-0.310712	-0.310712	
0.310726	0.310726	-0.310726	-0.310726	
0.310727	0.310727	-0.310727	-0.310727	
0.310716	0.310716	-0.310716	-0.310716	
0.310694	0.310694	-0.310694	-0.310694	
0.310659	0.310659	-0.310659	-0.310659	
0.310613	0.310613	-0.310613	-0.310613	
0.310556	0.310556	-0.310556	-0.310556	
0.310487	0.310487	-0.310487	-0.310487	
0.310407	0.310407	-0.310407	-0.310407	
0.310316	0.310316	-0.310316	-0.310316	
0.310214	0.310214	-0.310214	-0.310214	
0.310102	0.310102	-0.310102	-0.310102	
0.309979	0.309979	-0.309979	-0.309979	
0.309846	0.309846	-0.309846	-0.309846	
0.309702	0.309702	-0.309702	-0.309702	
0.309548	0.309548	-0.309548	-0.309548	
0.309385	0.309385	-0.309385	-0.309385	
0.309212	0.309212	-0.309212	-0.309212	
0.30903	0.30903	-0.30903	-0.30903	
0.308838	0.308838	-0.308838	-0.308838	
0.308637	0.308637	-0.308637	-0.308637	
0.308427	0.308427	-0.308427	-0.308427	
0.308209	0.308209	-0.308209	-0.308209	
0.307982	0.307982	-0.307982	-0.307982	
0.307746	0.307746	-0.307746	-0.307746	
0.307503	0.307503	-0.307503	-0.307503	
0.307251	0.307251	-0.307251	-0.307251	
0.306992	0.306992	-0.306992	-0.306992	
0.306725	0.306725	-0.306725	-0.306725	
0.30645	0.30645	-0.30645	-0.30645	
0.306169	0.306169	-0.306169	-0.306169	
0.30588	0.30588	-0.30588	-0.30588	
0.305584	0.305584	-0.305584	-0.305584	
0.305282	0.305282	-0.305282	-0.305282	
0.304973	0.304973	-0.304973	-0.304973	
0.304658	0.304658	-0.304658	-0.304658	
0.304337	0.304337	-0.304337	-0.304337	
0.30401	0.30401	-0.30401	-0.30401	
0.303678	0.303678	-0.303678	-0.303678	
0.30334	0.30334	-0.30334	-0.30334	
0.302996	0.302996	-0.302996	-0.302996	
0.302648	0.302648	-0.302648	-0.302648	
0.302295	0.302295	-0.302295	-0.302295	
0.301937	0.301937	-0.301937	-0.301937	
0.301574	0.301574	-0.301574	-0.301574	
0.301207	0.301207	-0.301207	-0.301207	
0.300836	0.300836	-0.300836	-0.300836	
0.300461	0.300461	-0.300461	-0.300461	
0.300083	0.300083	-0.300083	-0.300083	
0.299701	0.299701	-0.299701	-0.299701	
0.299315	0.299315	-0.299315	-0.299315	
0.298926	0.298926	-0.298926	-0.298926	
0.298535	0.298535	-0.298535	-0.298535	
0.29814	0.29814	-0.29814	-0.29814	
0.297743	0.297743	-0.297743	-0.297743	
0.297344	0.297344	-0.297344	-0.297344	
0.296942	0.296942	-0.296942	-0.296942	
0.296539	0.296539	-0.296539	-0.296539	
0.296134	0.296134	-0.296134	-0.296134	
0.295727	0.295727	-0.295727	-0.295727	
0.295318	0.295318	-0.295318	-0.295318	
0.294908	0.294908	-0.294908	-0.294908	
0.294497	0.294497	-0.294497	-0.294497	
0.294086	0.294086	-0.294086	-0.294086	
0.293673	0.293673	-0.293673	-0.293673	
0.29326	0.29326	-0.29326	-0.29326	
0.292847	0.292847	-0.292847	-0.292847	
0.292433	0.292433	-0.292433	-0.292433	
0.292019	0.292019	-0.292019	-0.292019	
0.291606	0.291606	-0.291606	-0.291606	
0.291193	0.291193	-0.291193	-0.291193	
0.29078	0.29078	-0.29078	-0.29078	
0.290368	0.290368	-0.290368	-0.290368	
0.289956	0.289956	-0.289956	-0.289956	
0.289546	0.289546	-0.289546	-0.289546	
0.289137	0.289137	-0.289137	-0.289137	
0.288729	0.288729	-0.288729	-0.288729	
0.288322	0.288322	-0.288322	-0.288322	
0.287917	0.287917	-0.287917	-0.287917	
0.287514	0.287514	-0.287514	-0.287514	
0.287113	0.287113	-0.287113	-0.287113	
0.286714	0.286714	-0.286714	-0.286714	
0.286316	0.286316	-0.286316	-0.286316	
0.285922	0.285922	-0.285922	-0.285922	
0.285529	0.285529	-0.285529	-0.285529	
0.28514	0.28514	-0.28514	-0.28514	
0.284753	0.284753	-0.284753	-0.284753	
0.284369	0.284369	-0.284369	-0.284369	
0.283987	0.283987	-0.283987	-0.283987	
0.283609	0.283609	-0.283609	-0.283609	
0.283235	0.283235	-0.283235	-0.283235	
0.282863	0.282863	-0.282863	-0.282863	
0.282495	0.282495	-0.282495	-0.282495	
0.282131	0.282131	-0.282131	-0.282131	
0.281771	0.281771	-0.281771	-0.281771	
0.281414	0.281414	-0.281414	-0.281414	
0.281061	0.281061	-0.281061	-0.281061	
0.280712	0.280712	-0.280712	-0.280712	
0.280368	0.280368	-0.280368	-0.280368	
0.280027	0.280027	-0.280027	-0.280027	
0.279691	0.279691	-0.279691	-0.279691	
0.27936	0.27936	-0.27936	-0.27936	
0.279032	0.279032	-0.279032	-0.279032	
0.27871	0.27871	-0.27871	-0.27871	
0.278392	0.278392	-0.278392	-0.278392	
0.278079	0.278079	-0.278079	-0.278079	
0.277771	0.277771	-0.277771	-0.277771	
0.277468	0.277468	-0.277468	-0.277468	
0.277169	0.277169	-0.277169	-0.277169	
0.276876	0.276876	-0.276876	-0.276876	
0.276588	0.276588	-0.276588	-0.276588	
0.276305	0.276305	-0.276305	-0.276305	
0.276028	0.276028	-0.276028	-0.276028	
0.275755	0.275755	-0.275755	-0.275755	
0.275488	0.275488	-0.275488	-0.275488	
0.275227	0.275227	-0.275227	-0.275227	
0.274971	0.274971	-0.274971	-0.274971	
0.27472	0.27472	-0.27472	-0.27472	
0.274475	0.274475	-0.274475	-0.274475	
