#groundstate of h1:
# mu=1
# lamb=0
# N=12
# m=0
# dim=924
#time evolution with h2:
# mu=4
# lamb=0
# N=12
# m=0
# dim=924
# T=30
# dt=0.01

#t 	 <Y0|Yt>
0	1
0.01	0.999519
0.02	0.998078
0.03	0.995683
0.04	0.992341
0.05	0.988065
0.06	0.98287
0.07	0.976774
0.08	0.969799
0.09	0.961969
0.1	0.953311
0.11	0.943855
0.12	0.933633
0.13	0.922679
0.14	0.91103
0.15	0.898724
0.16	0.8858
0.17	0.8723
0.18	0.858265
0.19	0.843739
0.2	0.828765
0.21	0.813388
0.22	0.797651
0.23	0.781599
0.24	0.765276
0.25	0.748725
0.26	0.731988
0.27	0.715109
0.28	0.698127
0.29	0.681082
0.3	0.664013
0.31	0.646957
0.32	0.629949
0.33	0.613022
0.34	0.596208
0.35	0.579537
0.36	0.563038
0.37	0.546736
0.38	0.530655
0.39	0.514818
0.4	0.499245
0.41	0.483953
0.42	0.468959
0.43	0.454277
0.44	0.43992
0.45	0.425896
0.46	0.412216
0.47	0.398886
0.48	0.385911
0.49	0.373295
0.5	0.361039
0.51	0.349145
0.52	0.337611
0.53	0.326435
0.54	0.315614
0.55	0.305143
0.56	0.295017
0.57	0.28523
0.58	0.275774
0.59	0.266642
0.6	0.257823
0.61	0.24931
0.62	0.241091
0.63	0.233157
0.64	0.225496
0.65	0.218097
0.66	0.210949
0.67	0.20404
0.68	0.197358
0.69	0.19089
0.7	0.184626
0.71	0.178553
0.72	0.172659
0.73	0.166932
0.74	0.161362
0.75	0.155935
0.76	0.150643
0.77	0.145473
0.78	0.140417
0.79	0.135464
0.8	0.130604
0.81	0.12583
0.82	0.121134
0.83	0.116508
0.84	0.111945
0.85	0.10744
0.86	0.102988
0.87	0.0985844
0.88	0.0942256
0.89	0.0899094
0.9	0.0856342
0.91	0.0813993
0.92	0.0772049
0.93	0.0730523
0.94	0.0689437
0.95	0.0648822
0.96	0.0608718
0.97	0.0569175
0.98	0.0530251
0.99	0.0492016
1	0.0454542
1.01	0.0417916
1.02	0.0382226
1.03	0.0347572
1.04	0.0314057
1.05	0.028179
1.06	0.0250885
1.07	0.022146
1.08	0.0193636
1.09	0.0167537
1.1	0.0143286
1.11	0.0121008
1.12	0.0100828
1.13	0.00828667
1.14	0.00672451
1.15	0.00540791
1.16	0.00434802
1.17	0.00355546
1.18	0.00304021
1.19	0.00281153
1.2	0.00287788
1.21	0.00324686
1.22	0.00392509
1.23	0.00491824
1.24	0.00623087
1.25	0.00786649
1.26	0.00982743
1.27	0.0121149
1.28	0.0147289
1.29	0.0176682
1.3	0.0209305
1.31	0.0245123
1.32	0.0284088
1.33	0.0326142
1.34	0.0371216
1.35	0.0419231
1.36	0.0470098
1.37	0.0523717
1.38	0.0579981
1.39	0.0638775
1.4	0.0699978
1.41	0.076346
1.42	0.0829088
1.43	0.0896723
1.44	0.0966224
1.45	0.103745
1.46	0.111024
1.47	0.118447
1.48	0.125997
1.49	0.133661
1.5	0.141423
1.51	0.149271
1.52	0.157189
1.53	0.165164
1.54	0.173184
1.55	0.181235
1.56	0.189305
1.57	0.197384
1.58	0.205461
1.59	0.213525
1.6	0.221568
1.61	0.22958
1.62	0.237553
1.63	0.245481
1.64	0.253358
1.65	0.261177
1.66	0.268934
1.67	0.276624
1.68	0.284245
1.69	0.291793
1.7	0.299266
1.71	0.306662
1.72	0.313982
1.73	0.321223
1.74	0.328387
1.75	0.335474
1.76	0.342486
1.77	0.349422
1.78	0.356287
1.79	0.36308
1.8	0.369806
1.81	0.376466
1.82	0.383064
1.83	0.389602
1.84	0.396084
1.85	0.402514
1.86	0.408894
1.87	0.415228
1.88	0.42152
1.89	0.427773
1.9	0.43399
1.91	0.440176
1.92	0.446333
1.93	0.452466
1.94	0.458577
1.95	0.464669
1.96	0.470746
1.97	0.476811
1.98	0.482866
1.99	0.488914
2	0.494958
2.01	0.501
2.02	0.507041
2.03	0.513085
2.04	0.519132
2.05	0.525185
2.06	0.531244
2.07	0.53731
2.08	0.543384
2.09	0.549466
2.1	0.555557
2.11	0.561655
2.12	0.567761
2.13	0.573873
2.14	0.579989
2.15	0.586108
2.16	0.592228
2.17	0.598344
2.18	0.604455
2.19	0.610556
2.2	0.616643
2.21	0.622711
2.22	0.628754
2.23	0.634767
2.24	0.640742
2.25	0.646673
2.26	0.652552
2.27	0.658371
2.28	0.66412
2.29	0.66979
2.3	0.675371
2.31	0.680853
2.32	0.686225
2.33	0.691474
2.34	0.696591
2.35	0.701561
2.36	0.706373
2.37	0.711013
2.38	0.715469
2.39	0.719727
2.4	0.723774
2.41	0.727596
2.42	0.73118
2.43	0.734513
2.44	0.73758
2.45	0.74037
2.46	0.74287
2.47	0.745067
2.48	0.746949
2.49	0.748505
2.5	0.749725
2.51	0.750597
2.52	0.751113
2.53	0.751264
2.54	0.751042
2.55	0.75044
2.56	0.749452
2.57	0.748072
2.58	0.746297
2.59	0.744123
2.6	0.741548
2.61	0.738571
2.62	0.735191
2.63	0.73141
2.64	0.727229
2.65	0.722651
2.66	0.717679
2.67	0.712319
2.68	0.706577
2.69	0.700458
2.7	0.69397
2.71	0.687121
2.72	0.67992
2.73	0.672376
2.74	0.6645
2.75	0.656301
2.76	0.647793
2.77	0.638985
2.78	0.62989
2.79	0.62052
2.8	0.610888
2.81	0.601007
2.82	0.59089
2.83	0.580549
2.84	0.569998
2.85	0.559251
2.86	0.54832
2.87	0.537219
2.88	0.525961
2.89	0.514558
2.9	0.503025
2.91	0.491374
2.92	0.479618
2.93	0.467769
2.94	0.45584
2.95	0.443843
2.96	0.431791
2.97	0.419695
2.98	0.407568
2.99	0.395422
3	0.383268
3.01	0.371118
3.02	0.358984
3.03	0.346877
3.04	0.334809
3.05	0.322792
3.06	0.310836
3.07	0.298954
3.08	0.287156
3.09	0.275454
3.1	0.26386
3.11	0.252384
3.12	0.241039
3.13	0.229836
3.14	0.218785
3.15	0.207899
3.16	0.197187
3.17	0.186662
3.18	0.176335
3.19	0.166216
3.2	0.156316
3.21	0.146646
3.22	0.137215
3.23	0.128035
3.24	0.119114
3.25	0.110463
3.26	0.10209
3.27	0.0940052
3.28	0.0862156
3.29	0.0787297
3.3	0.071555
3.31	0.0646986
3.32	0.0581669
3.33	0.0519658
3.34	0.0461009
3.35	0.040577
3.36	0.0353982
3.37	0.0305682
3.38	0.0260902
3.39	0.0219665
3.4	0.0181989
3.41	0.0147888
3.42	0.0117368
3.43	0.00904284
3.44	0.00670659
3.45	0.00472697
3.46	0.00310242
3.47	0.0018309
3.48	0.000909897
3.49	0.000336456
3.5	0.000107212
3.51	0.000218423
3.52	0.000666004
3.53	0.00144556
3.54	0.0025524
3.55	0.00398162
3.56	0.00572808
3.57	0.00778644
3.58	0.0101512
3.59	0.0128168
3.6	0.0157775
3.61	0.0190275
3.62	0.0225609
3.63	0.0263718
3.64	0.0304542
3.65	0.0348022
3.66	0.0394096
3.67	0.0442706
3.68	0.0493789
3.69	0.0547285
3.7	0.0603132
3.71	0.066127
3.72	0.0721635
3.73	0.0784164
3.74	0.0848794
3.75	0.0915461
3.76	0.0984097
3.77	0.105464
3.78	0.112701
3.79	0.120115
3.8	0.127698
3.81	0.135442
3.82	0.143341
3.83	0.151387
3.84	0.15957
3.85	0.167884
3.86	0.17632
3.87	0.184868
3.88	0.193521
3.89	0.202269
3.9	0.211102
3.91	0.220012
3.92	0.228989
3.93	0.238023
3.94	0.247104
3.95	0.256222
3.96	0.265368
3.97	0.274531
3.98	0.283702
3.99	0.292871
4	0.302027
4.01	0.311162
4.02	0.320267
4.03	0.329331
4.04	0.338345
4.05	0.347302
4.06	0.356193
4.07	0.365009
4.08	0.373744
4.09	0.382389
4.1	0.390938
4.11	0.399384
4.12	0.407722
4.13	0.415945
4.14	0.424049
4.15	0.432029
4.16	0.43988
4.17	0.447599
4.18	0.455183
4.19	0.462627
4.2	0.469931
4.21	0.47709
4.22	0.484103
4.23	0.490969
4.24	0.497686
4.25	0.504252
4.26	0.510668
4.27	0.516931
4.28	0.523041
4.29	0.528997
4.3	0.5348
4.31	0.540447
4.32	0.54594
4.33	0.551276
4.34	0.556456
4.35	0.561479
4.36	0.566344
4.37	0.571051
4.38	0.575597
4.39	0.579983
4.4	0.584207
4.41	0.588268
4.42	0.592164
4.43	0.595893
4.44	0.599456
4.45	0.602848
4.46	0.60607
4.47	0.609119
4.48	0.611995
4.49	0.614694
4.5	0.617216
4.51	0.61956
4.52	0.621725
4.53	0.623709
4.54	0.625511
4.55	0.627133
4.56	0.628572
4.57	0.629831
4.58	0.630908
4.59	0.631807
4.6	0.632527
4.61	0.633071
4.62	0.633442
4.63	0.633642
4.64	0.633675
4.65	0.633545
4.66	0.633257
4.67	0.632814
4.68	0.632223
4.69	0.63149
4.7	0.63062
4.71	0.629621
4.72	0.628498
4.73	0.62726
4.74	0.625913
4.75	0.624466
4.76	0.622925
4.77	0.621298
4.78	0.619594
4.79	0.617819
4.8	0.615981
4.81	0.614086
4.82	0.612142
4.83	0.610155
4.84	0.608129
4.85	0.606072
4.86	0.603986
4.87	0.601876
4.88	0.599745
4.89	0.597596
4.9	0.595429
4.91	0.593245
4.92	0.591045
4.93	0.588826
4.94	0.586587
4.95	0.584324
4.96	0.582034
4.97	0.579711
4.98	0.57735
4.99	0.574944
5	0.572485
5.01	0.569966
5.02	0.567377
5.03	0.564709
5.04	0.561952
5.05	0.559096
5.06	0.55613
5.07	0.553043
5.08	0.549823
5.09	0.546459
5.1	0.542941
5.11	0.539258
5.12	0.535397
5.13	0.53135
5.14	0.527107
5.15	0.522657
5.16	0.517993
5.17	0.513106
5.18	0.50799
5.19	0.502637
5.2	0.497044
5.21	0.491206
5.22	0.485119
5.23	0.478783
5.24	0.472195
5.25	0.465357
5.26	0.458269
5.27	0.450935
5.28	0.443359
5.29	0.435545
5.3	0.4275
5.31	0.419232
5.32	0.410747
5.33	0.402057
5.34	0.393172
5.35	0.384102
5.36	0.374859
5.37	0.365458
5.38	0.355911
5.39	0.346232
5.4	0.336437
5.41	0.32654
5.42	0.316558
5.43	0.306506
5.44	0.2964
5.45	0.286256
5.46	0.276092
5.47	0.265923
5.48	0.255766
5.49	0.245636
5.5	0.235551
5.51	0.225526
5.52	0.215576
5.53	0.205717
5.54	0.195963
5.55	0.186329
5.56	0.176828
5.57	0.167476
5.58	0.158284
5.59	0.149265
5.6	0.140431
5.61	0.131794
5.62	0.123365
5.63	0.115154
5.64	0.107171
5.65	0.0994261
5.66	0.0919277
5.67	0.0846842
5.68	0.0777037
5.69	0.0709933
5.7	0.0645599
5.71	0.0584098
5.72	0.0525489
5.73	0.0469824
5.74	0.0417152
5.75	0.0367515
5.76	0.0320953
5.77	0.0277497
5.78	0.0237177
5.79	0.0200016
5.8	0.0166032
5.81	0.0135238
5.82	0.0107644
5.83	0.00832512
5.84	0.00620598
5.85	0.00440627
5.86	0.00292485
5.87	0.0017601
5.88	0.000909908
5.89	0.000371678
5.9	0.000142366
5.91	0.000218477
5.92	0.000596087
5.93	0.00127086
5.94	0.00223809
5.95	0.0034927
5.96	0.0050293
5.97	0.00684221
5.98	0.0089255
5.99	0.011273
6	0.0138785
6.01	0.0167356
6.02	0.0198378
6.03	0.0231786
6.04	0.0267517
6.05	0.0305507
6.06	0.0345696
6.07	0.0388023
6.08	0.0432433
6.09	0.0478873
6.1	0.0527293
6.11	0.0577648
6.12	0.0629899
6.13	0.068401
6.14	0.0739952
6.15	0.0797701
6.16	0.0857239
6.17	0.0918556
6.18	0.0981645
6.19	0.104651
6.2	0.111315
6.21	0.118159
6.22	0.125185
6.23	0.132394
6.24	0.13979
6.25	0.147376
6.26	0.155156
6.27	0.163135
6.28	0.171316
6.29	0.179704
6.3	0.188304
6.31	0.197121
6.32	0.206158
6.33	0.215422
6.34	0.224915
6.35	0.234641
6.36	0.244604
6.37	0.254807
6.38	0.265252
6.39	0.275939
6.4	0.286869
6.41	0.298042
6.42	0.309456
6.43	0.321109
6.44	0.332997
6.45	0.345115
6.46	0.357457
6.47	0.370015
6.48	0.382781
6.49	0.395744
6.5	0.408893
6.51	0.422216
6.52	0.435698
6.53	0.449325
6.54	0.463079
6.55	0.476944
6.56	0.4909
6.57	0.504927
6.58	0.519005
6.59	0.533112
6.6	0.547225
6.61	0.561321
6.62	0.575376
6.63	0.589365
6.64	0.603264
6.65	0.617047
6.66	0.630689
6.67	0.644164
6.68	0.657447
6.69	0.670511
6.7	0.683332
6.71	0.695885
6.72	0.708144
6.73	0.720086
6.74	0.731687
6.75	0.742923
6.76	0.753773
6.77	0.764215
6.78	0.774229
6.79	0.783794
6.8	0.792891
6.81	0.801504
6.82	0.809615
6.83	0.817208
6.84	0.82427
6.85	0.830787
6.86	0.836746
6.87	0.842137
6.88	0.846951
6.89	0.851178
6.9	0.854812
6.91	0.857846
6.92	0.860276
6.93	0.862099
6.94	0.863312
6.95	0.863914
6.96	0.863905
6.97	0.863288
6.98	0.862065
6.99	0.86024
7	0.857819
7.01	0.854807
7.02	0.851213
7.03	0.847046
7.04	0.842316
7.05	0.837034
7.06	0.831212
7.07	0.824865
7.08	0.818007
7.09	0.810654
7.1	0.802823
7.11	0.794532
7.12	0.7858
7.13	0.776647
7.14	0.767095
7.15	0.757164
7.16	0.746879
7.17	0.736261
7.18	0.725337
7.19	0.71413
7.2	0.702667
7.21	0.690974
7.22	0.679077
7.23	0.667003
7.24	0.65478
7.25	0.642435
7.26	0.629996
7.27	0.61749
7.28	0.604946
7.29	0.592389
7.3	0.579848
7.31	0.567349
7.32	0.554918
7.33	0.542581
7.34	0.530361
7.35	0.518283
7.36	0.506369
7.37	0.494642
7.38	0.483121
7.39	0.471825
7.4	0.460773
7.41	0.449981
7.42	0.439463
7.43	0.429233
7.44	0.419302
7.45	0.40968
7.46	0.400375
7.47	0.391392
7.48	0.382737
7.49	0.374412
7.5	0.366417
7.51	0.358752
7.52	0.351413
7.53	0.344396
7.54	0.337694
7.55	0.331299
7.56	0.325202
7.57	0.319391
7.58	0.313855
7.59	0.308579
7.6	0.303548
7.61	0.298746
7.62	0.294155
7.63	0.289759
7.64	0.285539
7.65	0.281474
7.66	0.277546
7.67	0.273735
7.68	0.270021
7.69	0.266383
7.7	0.262802
7.71	0.259259
7.72	0.255733
7.73	0.252207
7.74	0.248662
7.75	0.245082
7.76	0.24145
7.77	0.23775
7.78	0.23397
7.79	0.230095
7.8	0.226114
7.81	0.222018
7.82	0.217796
7.83	0.213442
7.84	0.20895
7.85	0.204315
7.86	0.199534
7.87	0.194607
7.88	0.189533
7.89	0.184314
7.9	0.178954
7.91	0.173458
7.92	0.16783
7.93	0.16208
7.94	0.156217
7.95	0.15025
7.96	0.14419
7.97	0.138052
7.98	0.131848
7.99	0.125592
8	0.119302
8.01	0.112992
8.02	0.10668
8.03	0.100383
8.04	0.0941203
8.05	0.0879095
8.06	0.0817696
8.07	0.0757197
8.08	0.0697788
8.09	0.0639661
8.1	0.0583006
8.11	0.052801
8.12	0.047486
8.13	0.0423736
8.14	0.0374815
8.15	0.032827
8.16	0.0284265
8.17	0.0242958
8.18	0.02045
8.19	0.0169034
8.2	0.0136692
8.21	0.0107599
8.22	0.00818676
8.23	0.00596021
8.24	0.00408947
8.25	0.00258267
8.26	0.00144678
8.27	0.000687601
8.28	0.000309735
8.29	0.000316576
8.3	0.000710299
8.31	0.00149186
8.32	0.002661
8.33	0.00421623
8.34	0.00615489
8.35	0.00847311
8.36	0.0111659
8.37	0.0142271
8.38	0.0176494
8.39	0.0214247
8.4	0.0255434
8.41	0.0299954
8.42	0.0347695
8.43	0.0398534
8.44	0.0452344
8.45	0.0508988
8.46	0.0568323
8.47	0.0630199
8.48	0.0694462
8.49	0.0760952
8.5	0.0829507
8.51	0.0899959
8.52	0.0972141
8.53	0.104588
8.54	0.112102
8.55	0.119737
8.56	0.127477
8.57	0.135306
8.58	0.143207
8.59	0.151164
8.6	0.159163
8.61	0.167187
8.62	0.175222
8.63	0.183256
8.64	0.191276
8.65	0.199268
8.66	0.207224
8.67	0.215132
8.68	0.222984
8.69	0.230773
8.7	0.23849
8.71	0.246132
8.72	0.253694
8.73	0.261173
8.74	0.268568
8.75	0.275877
8.76	0.283102
8.77	0.290245
8.78	0.297309
8.79	0.304298
8.8	0.311219
8.81	0.318078
8.82	0.324883
8.83	0.331643
8.84	0.338366
8.85	0.345065
8.86	0.35175
8.87	0.358432
8.88	0.365125
8.89	0.371841
8.9	0.378593
8.91	0.385395
8.92	0.39226
8.93	0.399201
8.94	0.406232
8.95	0.413364
8.96	0.420612
8.97	0.427987
8.98	0.435499
8.99	0.44316
9	0.450979
9.01	0.458965
9.02	0.467126
9.03	0.475467
9.04	0.483994
9.05	0.492711
9.06	0.50162
9.07	0.510722
9.08	0.520016
9.09	0.529501
9.1	0.539173
9.11	0.549027
9.12	0.559056
9.13	0.569251
9.14	0.579603
9.15	0.590101
9.16	0.60073
9.17	0.611478
9.18	0.622328
9.19	0.633263
9.2	0.644264
9.21	0.655313
9.22	0.666389
9.23	0.677469
9.24	0.688532
9.25	0.699554
9.26	0.710511
9.27	0.721378
9.28	0.73213
9.29	0.742742
9.3	0.753188
9.31	0.763442
9.32	0.773477
9.33	0.783269
9.34	0.79279
9.35	0.802017
9.36	0.810923
9.37	0.819483
9.38	0.827675
9.39	0.835474
9.4	0.842857
9.41	0.849804
9.42	0.856292
9.43	0.862302
9.44	0.867815
9.45	0.872813
9.46	0.877279
9.47	0.881197
9.48	0.884554
9.49	0.887336
9.5	0.889531
9.51	0.891129
9.52	0.892121
9.53	0.8925
9.54	0.892258
9.55	0.891391
9.56	0.889895
9.57	0.887769
9.58	0.885011
9.59	0.881623
9.6	0.877606
9.61	0.872963
9.62	0.867701
9.63	0.861824
9.64	0.855342
9.65	0.848261
9.66	0.840593
9.67	0.83235
9.68	0.823543
9.69	0.814187
9.7	0.804297
9.71	0.79389
9.72	0.782982
9.73	0.771592
9.74	0.759739
9.75	0.747445
9.76	0.734729
9.77	0.721616
9.78	0.708127
9.79	0.694286
9.8	0.680119
9.81	0.66565
9.82	0.650904
9.83	0.635909
9.84	0.62069
9.85	0.605275
9.86	0.589691
9.87	0.573965
9.88	0.558124
9.89	0.542197
9.9	0.526211
9.91	0.510192
9.92	0.494169
9.93	0.478167
9.94	0.462212
9.95	0.446331
9.96	0.430549
9.97	0.414889
9.98	0.399376
9.99	0.384032
10	0.368879
10.01	0.353938
10.02	0.339229
10.03	0.324771
10.04	0.31058
10.05	0.296674
10.06	0.283066
10.07	0.269772
10.08	0.256803
10.09	0.24417
10.1	0.231883
10.11	0.219951
10.12	0.20838
10.13	0.197175
10.14	0.186342
10.15	0.175884
10.16	0.165801
10.17	0.156095
10.18	0.146766
10.19	0.13781
10.2	0.129227
10.21	0.121011
10.22	0.113158
10.23	0.105664
10.24	0.0985215
10.25	0.0917238
10.26	0.0852637
10.27	0.0791332
10.28	0.073324
10.29	0.0678274
10.3	0.0626346
10.31	0.0577365
10.32	0.0531239
10.33	0.0487876
10.34	0.0447187
10.35	0.0409081
10.36	0.0373469
10.37	0.0340268
10.38	0.0309393
10.39	0.0280767
10.4	0.0254314
10.41	0.0229962
10.42	0.0207645
10.43	0.0187302
10.44	0.0168873
10.45	0.0152308
10.46	0.0137558
10.47	0.012458
10.48	0.0113335
10.49	0.0103791
10.5	0.00959185
10.51	0.00896913
10.52	0.00850889
10.53	0.00820935
10.54	0.00806911
10.55	0.00808702
10.56	0.00826224
10.57	0.00859412
10.58	0.00908223
10.59	0.00972628
10.6	0.0105261
10.61	0.0114816
10.62	0.0125929
10.63	0.0138598
10.64	0.0152824
10.65	0.0168606
10.66	0.0185945
10.67	0.0204838
10.68	0.0225283
10.69	0.0247278
10.7	0.0270816
10.71	0.0295894
10.72	0.0322503
10.73	0.0350637
10.74	0.0380286
10.75	0.041144
10.76	0.0444087
10.77	0.0478217
10.78	0.0513815
10.79	0.0550869
10.8	0.0589365
10.81	0.0629288
10.82	0.0670625
10.83	0.0713361
10.84	0.0757482
10.85	0.0802974
10.86	0.0849826
10.87	0.0898023
10.88	0.0947556
10.89	0.0998413
10.9	0.105058
10.91	0.110406
10.92	0.115884
10.93	0.121491
10.94	0.127226
10.95	0.13309
10.96	0.139082
10.97	0.145201
10.98	0.151447
10.99	0.157821
11	0.164321
11.01	0.170949
11.02	0.177702
11.03	0.184581
11.04	0.191586
11.05	0.198716
11.06	0.205971
11.07	0.213348
11.08	0.220848
11.09	0.228468
11.1	0.236208
11.11	0.244064
11.12	0.252035
11.13	0.260117
11.14	0.268308
11.15	0.276605
11.16	0.285002
11.17	0.293496
11.18	0.302083
11.19	0.310756
11.2	0.31951
11.21	0.328339
11.22	0.337237
11.23	0.346196
11.24	0.35521
11.25	0.364271
11.26	0.373372
11.27	0.382503
11.28	0.391657
11.29	0.400825
11.3	0.409999
11.31	0.41917
11.32	0.428328
11.33	0.437466
11.34	0.446574
11.35	0.455643
11.36	0.464665
11.37	0.473632
11.38	0.482535
11.39	0.491365
11.4	0.500116
11.41	0.50878
11.42	0.517349
11.43	0.525816
11.44	0.534176
11.45	0.542421
11.46	0.550547
11.47	0.558547
11.48	0.566416
11.49	0.574151
11.5	0.581745
11.51	0.589196
11.52	0.596499
11.53	0.603652
11.54	0.610649
11.55	0.61749
11.56	0.624169
11.57	0.630686
11.58	0.637037
11.59	0.643219
11.6	0.64923
11.61	0.655068
11.62	0.660729
11.63	0.666211
11.64	0.671511
11.65	0.676627
11.66	0.681555
11.67	0.686292
11.68	0.690835
11.69	0.69518
11.7	0.699323
11.71	0.703261
11.72	0.706989
11.73	0.710503
11.74	0.713799
11.75	0.716872
11.76	0.719718
11.77	0.722331
11.78	0.724708
11.79	0.726843
11.8	0.728732
11.81	0.73037
11.82	0.731752
11.83	0.732875
11.84	0.733734
11.85	0.734326
11.86	0.734647
11.87	0.734694
11.88	0.734464
11.89	0.733954
11.9	0.733164
11.91	0.732091
11.92	0.730735
11.93	0.729096
11.94	0.727172
11.95	0.724967
11.96	0.72248
11.97	0.719714
11.98	0.71667
11.99	0.713353
12	0.709766
12.01	0.705912
12.02	0.701796
12.03	0.697422
12.04	0.692797
12.05	0.687926
12.06	0.682815
12.07	0.677469
12.08	0.671895
12.09	0.6661
12.1	0.66009
12.11	0.653872
12.12	0.647453
12.13	0.640838
12.14	0.634034
12.15	0.627048
12.16	0.619886
12.17	0.612553
12.18	0.605056
12.19	0.597398
12.2	0.589586
12.21	0.581624
12.22	0.573516
12.23	0.565266
12.24	0.556878
12.25	0.548355
12.26	0.539701
12.27	0.530918
12.28	0.522009
12.29	0.512976
12.3	0.503822
12.31	0.494549
12.32	0.485158
12.33	0.475653
12.34	0.466035
12.35	0.456307
12.36	0.446471
12.37	0.43653
12.38	0.426488
12.39	0.416348
12.4	0.406114
12.41	0.39579
12.42	0.385382
12.43	0.374895
12.44	0.364335
12.45	0.35371
12.46	0.343026
12.47	0.332292
12.48	0.321517
12.49	0.310711
12.5	0.299884
12.51	0.289048
12.52	0.278213
12.53	0.267392
12.54	0.256598
12.55	0.245846
12.56	0.235148
12.57	0.224519
12.58	0.213975
12.59	0.20353
12.6	0.193199
12.61	0.183
12.62	0.172946
12.63	0.163053
12.64	0.153339
12.65	0.143817
12.66	0.134502
12.67	0.125411
12.68	0.116557
12.69	0.107955
12.7	0.0996166
12.71	0.0915563
12.72	0.0837858
12.73	0.0763164
12.74	0.0691588
12.75	0.062323
12.76	0.0558177
12.77	0.0496512
12.78	0.0438305
12.79	0.038362
12.8	0.033251
12.81	0.0285019
12.82	0.0241181
12.83	0.0201024
12.84	0.0164562
12.85	0.0131805
12.86	0.0102753
12.87	0.00773979
12.88	0.00557238
12.89	0.00377083
12.9	0.00233222
12.91	0.00125299
12.92	0.000529045
12.93	0.000155755
12.94	0.000128037
12.95	0.000440398
12.96	0.00108699
12.97	0.00206165
12.98	0.00335797
12.99	0.00496933
13	0.00688895
13.01	0.00910992
13.02	0.0116253
13.03	0.0144279
13.04	0.0175109
13.05	0.0208672
13.06	0.0244899
13.07	0.0283719
13.08	0.0325066
13.09	0.0368873
13.1	0.0415073
13.11	0.0463604
13.12	0.0514401
13.13	0.0567403
13.14	0.0622552
13.15	0.0679788
13.16	0.0739056
13.17	0.0800299
13.18	0.0863464
13.19	0.09285
13.2	0.0995355
13.21	0.106398
13.22	0.113433
13.23	0.120635
13.24	0.128
13.25	0.135523
13.26	0.1432
13.27	0.151027
13.28	0.158999
13.29	0.167112
13.3	0.175362
13.31	0.183744
13.32	0.192256
13.33	0.200892
13.34	0.209648
13.35	0.218521
13.36	0.227507
13.37	0.2366
13.38	0.245797
13.39	0.255095
13.4	0.264487
13.41	0.273971
13.42	0.283541
13.43	0.293194
13.44	0.302923
13.45	0.312725
13.46	0.322593
13.47	0.332524
13.48	0.342511
13.49	0.352548
13.5	0.362629
13.51	0.372748
13.52	0.382898
13.53	0.393073
13.54	0.403264
13.55	0.413463
13.56	0.423664
13.57	0.433856
13.58	0.444032
13.59	0.45418
13.6	0.464292
13.61	0.474357
13.62	0.484365
13.63	0.494302
13.64	0.504159
13.65	0.513922
13.66	0.523578
13.67	0.533116
13.68	0.54252
13.69	0.551778
13.7	0.560875
13.71	0.569796
13.72	0.578528
13.73	0.587055
13.74	0.595361
13.75	0.603434
13.76	0.611256
13.77	0.618813
13.78	0.626091
13.79	0.633076
13.8	0.639752
13.81	0.646106
13.82	0.652125
13.83	0.657797
13.84	0.663108
13.85	0.668049
13.86	0.672608
13.87	0.676777
13.88	0.680545
13.89	0.683907
13.9	0.686856
13.91	0.689386
13.92	0.691495
13.93	0.693178
13.94	0.694435
13.95	0.695267
13.96	0.695674
13.97	0.695661
13.98	0.69523
13.99	0.694389
14	0.693145
14.01	0.691506
14.02	0.689482
14.03	0.687086
14.04	0.684329
14.05	0.681227
14.06	0.677793
14.07	0.674046
14.08	0.670001
14.09	0.665678
14.1	0.661095
14.11	0.656272
14.12	0.65123
14.13	0.645991
14.14	0.640575
14.15	0.635004
14.16	0.6293
14.17	0.623485
14.18	0.617581
14.19	0.61161
14.2	0.605594
14.21	0.599552
14.22	0.593506
14.23	0.587475
14.24	0.581478
14.25	0.575534
14.26	0.56966
14.27	0.563872
14.28	0.558184
14.29	0.552612
14.3	0.547168
14.31	0.541862
14.32	0.536706
14.33	0.531707
14.34	0.526873
14.35	0.522211
14.36	0.517723
14.37	0.513414
14.38	0.509285
14.39	0.505335
14.4	0.501565
14.41	0.49797
14.42	0.494548
14.43	0.491292
14.44	0.488197
14.45	0.485255
14.46	0.482458
14.47	0.479794
14.48	0.477255
14.49	0.474828
14.5	0.472501
14.51	0.470261
14.52	0.468094
14.53	0.465986
14.54	0.463921
14.55	0.461886
14.56	0.459863
14.57	0.457838
14.58	0.455795
14.59	0.453717
14.6	0.45159
14.61	0.449396
14.62	0.447121
14.63	0.444749
14.64	0.442266
14.65	0.439656
14.66	0.436905
14.67	0.434
14.68	0.430928
14.69	0.427676
14.7	0.424233
14.71	0.420588
14.72	0.416731
14.73	0.412652
14.74	0.408344
14.75	0.403798
14.76	0.399009
14.77	0.39397
14.78	0.388678
14.79	0.38313
14.8	0.377322
14.81	0.371255
14.82	0.364927
14.83	0.358341
14.84	0.351498
14.85	0.344403
14.86	0.337059
14.87	0.329474
14.88	0.321653
14.89	0.313605
14.9	0.305341
14.91	0.29687
14.92	0.288204
14.93	0.279356
14.94	0.270341
14.95	0.261174
14.96	0.25187
14.97	0.242447
14.98	0.232923
14.99	0.223317
15	0.21365
15.01	0.203941
15.02	0.194213
15.03	0.184486
15.04	0.174784
15.05	0.16513
15.06	0.155548
15.07	0.14606
15.08	0.136691
15.09	0.127465
15.1	0.118405
15.11	0.109536
15.12	0.100882
15.13	0.0924644
15.14	0.0843073
15.15	0.0764325
15.16	0.0688616
15.17	0.0616153
15.18	0.0547133
15.19	0.0481745
15.2	0.0420165
15.21	0.0362559
15.22	0.0309078
15.23	0.025986
15.24	0.021503
15.25	0.0174697
15.26	0.0138954
15.27	0.0107878
15.28	0.0081531
15.29	0.00599561
15.3	0.00431808
15.31	0.00312158
15.32	0.00240545
15.33	0.00216739
15.34	0.00240345
15.35	0.00310807
15.36	0.00427416
15.37	0.0058931
15.38	0.00795488
15.39	0.0104481
15.4	0.0133602
15.41	0.0166773
15.42	0.0203846
15.43	0.0244662
15.44	0.0289055
15.45	0.033685
15.46	0.0387867
15.47	0.0441922
15.48	0.0498826
15.49	0.0558387
15.5	0.0620413
15.51	0.0684712
15.52	0.0751093
15.53	0.0819367
15.54	0.088935
15.55	0.0960859
15.56	0.103372
15.57	0.110777
15.58	0.118284
15.59	0.125877
15.6	0.133544
15.61	0.141269
15.62	0.149041
15.63	0.156847
15.64	0.164679
15.65	0.172525
15.66	0.180379
15.67	0.188234
15.68	0.196082
15.69	0.203919
15.7	0.211742
15.71	0.219549
15.72	0.227336
15.73	0.235104
15.74	0.242852
15.75	0.250583
15.76	0.258297
15.77	0.265999
15.78	0.27369
15.79	0.281376
15.8	0.289061
15.81	0.29675
15.82	0.304449
15.83	0.312163
15.84	0.3199
15.85	0.327665
15.86	0.335466
15.87	0.343308
15.88	0.351198
15.89	0.359144
15.9	0.367151
15.91	0.375226
15.92	0.383375
15.93	0.391603
15.94	0.399915
15.95	0.408318
15.96	0.416815
15.97	0.425409
15.98	0.434106
15.99	0.442906
16	0.451813
16.01	0.460828
16.02	0.469951
16.03	0.479184
16.04	0.488524
16.05	0.497971
16.06	0.507523
16.07	0.517177
16.08	0.526928
16.09	0.536772
16.1	0.546703
16.11	0.556715
16.12	0.566801
16.13	0.576952
16.14	0.58716
16.15	0.597414
16.16	0.607704
16.17	0.618017
16.18	0.628342
16.19	0.638664
16.2	0.64897
16.21	0.659243
16.22	0.669469
16.23	0.679629
16.24	0.689708
16.25	0.699685
16.26	0.709543
16.27	0.719262
16.28	0.728821
16.29	0.7382
16.3	0.747377
16.31	0.756332
16.32	0.765041
16.33	0.773482
16.34	0.781634
16.35	0.789474
16.36	0.796979
16.37	0.804126
16.38	0.810895
16.39	0.817262
16.4	0.823206
16.41	0.828707
16.42	0.833743
16.43	0.838296
16.44	0.842347
16.45	0.845877
16.46	0.848871
16.47	0.851312
16.48	0.853186
16.49	0.85448
16.5	0.855182
16.51	0.855284
16.52	0.854775
16.53	0.85365
16.54	0.851903
16.55	0.849532
16.56	0.846535
16.57	0.842912
16.58	0.838667
16.59	0.833803
16.6	0.828326
16.61	0.822246
16.62	0.815572
16.63	0.808317
16.64	0.800493
16.65	0.792117
16.66	0.783206
16.67	0.773778
16.68	0.763855
16.69	0.753458
16.7	0.742611
16.71	0.731337
16.72	0.719664
16.73	0.707617
16.74	0.695224
16.75	0.682514
16.76	0.669515
16.77	0.656257
16.78	0.642769
16.79	0.629083
16.8	0.615227
16.81	0.601232
16.82	0.587127
16.83	0.572943
16.84	0.558708
16.85	0.54445
16.86	0.530197
16.87	0.515977
16.88	0.501815
16.89	0.487736
16.9	0.473764
16.91	0.459923
16.92	0.446232
16.93	0.432713
16.94	0.419385
16.95	0.406265
16.96	0.393369
16.97	0.380712
16.98	0.368307
16.99	0.356166
17	0.3443
17.01	0.332716
17.02	0.321423
17.03	0.310426
17.04	0.299732
17.05	0.289342
17.06	0.27926
17.07	0.269487
17.08	0.260021
17.09	0.250863
17.1	0.242011
17.11	0.23346
17.12	0.225207
17.13	0.217248
17.14	0.209577
17.15	0.202187
17.16	0.195072
17.17	0.188225
17.18	0.181638
17.19	0.175302
17.2	0.16921
17.21	0.163351
17.22	0.157718
17.23	0.152302
17.24	0.147091
17.25	0.142079
17.26	0.137254
17.27	0.132608
17.28	0.12813
17.29	0.123813
17.3	0.119646
17.31	0.115621
17.32	0.111728
17.33	0.10796
17.34	0.104307
17.35	0.100761
17.36	0.0973151
17.37	0.0939607
17.38	0.0906909
17.39	0.0874986
17.4	0.0843772
17.41	0.0813205
17.42	0.0783228
17.43	0.0753785
17.44	0.0724828
17.45	0.0696312
17.46	0.0668197
17.47	0.0640449
17.48	0.0613039
17.49	0.0585944
17.5	0.0559146
17.51	0.0532635
17.52	0.0506405
17.53	0.0480458
17.54	0.0454803
17.55	0.0429457
17.56	0.040444
17.57	0.0379785
17.58	0.0355527
17.59	0.0331711
17.6	0.030839
17.61	0.0285622
17.62	0.0263475
17.63	0.0242022
17.64	0.0221343
17.65	0.0201526
17.66	0.0182665
17.67	0.0164858
17.68	0.014821
17.69	0.0132833
17.7	0.0118841
17.71	0.0106351
17.72	0.00954868
17.73	0.00863723
17.74	0.0079134
17.75	0.00738994
17.76	0.00707966
17.77	0.0069953
17.78	0.00714948
17.79	0.00755459
17.8	0.00822272
17.81	0.00916558
17.82	0.0103944
17.83	0.0119199
17.84	0.013752
17.85	0.0159001
17.86	0.0183728
17.87	0.0211777
17.88	0.0243216
17.89	0.0278103
17.9	0.0316487
17.91	0.0358404
17.92	0.040388
17.93	0.0452932
17.94	0.0505562
17.95	0.0561763
17.96	0.0621515
17.97	0.0684788
17.98	0.075154
17.99	0.0821717
18	0.0895257
18.01	0.0972084
18.02	0.105211
18.03	0.113525
18.04	0.12214
18.05	0.131045
18.06	0.140227
18.07	0.149674
18.08	0.159374
18.09	0.169313
18.1	0.179475
18.11	0.189848
18.12	0.200416
18.13	0.211163
18.14	0.222076
18.15	0.233138
18.16	0.244334
18.17	0.255649
18.18	0.267067
18.19	0.278574
18.2	0.290155
18.21	0.301796
18.22	0.313481
18.23	0.325197
18.24	0.336931
18.25	0.348669
18.26	0.360398
18.27	0.372107
18.28	0.383783
18.29	0.395414
18.3	0.40699
18.31	0.418499
18.32	0.429932
18.33	0.441279
18.34	0.452529
18.35	0.463675
18.36	0.474707
18.37	0.485616
18.38	0.496396
18.39	0.507037
18.4	0.517532
18.41	0.527875
18.42	0.538058
18.43	0.548074
18.44	0.557918
18.45	0.567582
18.46	0.577062
18.47	0.58635
18.48	0.595443
18.49	0.604335
18.5	0.61302
18.51	0.621495
18.52	0.629755
18.53	0.637797
18.54	0.645615
18.55	0.653208
18.56	0.660572
18.57	0.667705
18.58	0.674605
18.59	0.68127
18.6	0.687698
18.61	0.69389
18.62	0.699843
18.63	0.70556
18.64	0.711039
18.65	0.716282
18.66	0.721291
18.67	0.726066
18.68	0.730611
18.69	0.734928
18.7	0.739019
18.71	0.742888
18.72	0.746538
18.73	0.749973
18.74	0.753197
18.75	0.756214
18.76	0.759026
18.77	0.76164
18.78	0.764057
18.79	0.766282
18.8	0.768319
18.81	0.770171
18.82	0.77184
18.83	0.773329
18.84	0.77464
18.85	0.775774
18.86	0.776733
18.87	0.777517
18.88	0.778126
18.89	0.778558
18.9	0.778811
18.91	0.778884
18.92	0.778774
18.93	0.778475
18.94	0.777985
18.95	0.777297
18.96	0.776406
18.97	0.775304
18.98	0.773986
18.99	0.772442
19	0.770666
19.01	0.768647
19.02	0.766379
19.03	0.763851
19.04	0.761054
19.05	0.75798
19.06	0.754618
19.07	0.75096
19.08	0.746997
19.09	0.742721
19.1	0.738123
19.11	0.733197
19.12	0.727935
19.13	0.722332
19.14	0.716382
19.15	0.710082
19.16	0.703428
19.17	0.696418
19.18	0.689051
19.19	0.681327
19.2	0.673248
19.21	0.664817
19.22	0.656037
19.23	0.646914
19.24	0.637455
19.25	0.627666
19.26	0.617557
19.27	0.607139
19.28	0.596423
19.29	0.585421
19.3	0.574148
19.31	0.562618
19.32	0.550846
19.33	0.53885
19.34	0.526646
19.35	0.514252
19.36	0.501687
19.37	0.488971
19.38	0.476122
19.39	0.46316
19.4	0.450106
19.41	0.436979
19.42	0.4238
19.43	0.410589
19.44	0.397365
19.45	0.384149
19.46	0.37096
19.47	0.357817
19.48	0.344739
19.49	0.331744
19.5	0.318848
19.51	0.306071
19.52	0.293426
19.53	0.280932
19.54	0.268601
19.55	0.256449
19.56	0.24449
19.57	0.232735
19.58	0.221198
19.59	0.209889
19.6	0.198819
19.61	0.187998
19.62	0.177435
19.63	0.167139
19.64	0.157118
19.65	0.147379
19.66	0.137929
19.67	0.128773
19.68	0.119918
19.69	0.111368
19.7	0.103127
19.71	0.0952006
19.72	0.087591
19.73	0.0803017
19.74	0.0733352
19.75	0.0666937
19.76	0.0603791
19.77	0.0543925
19.78	0.0487351
19.79	0.0434073
19.8	0.0384094
19.81	0.0337411
19.82	0.0294018
19.83	0.0253906
19.84	0.0217061
19.85	0.0183464
19.86	0.0153093
19.87	0.0125923
19.88	0.0101922
19.89	0.0081057
19.9	0.00632885
19.91	0.00485736
19.92	0.00368654
19.93	0.00281124
19.94	0.00222595
19.95	0.00192473
19.96	0.00190127
19.97	0.00214889
19.98	0.00266058
19.99	0.00342897
20	0.00444644
20.01	0.00570507
20.02	0.00719674
20.03	0.00891309
20.04	0.0108457
20.05	0.0129858
20.06	0.015325
20.07	0.0178543
20.08	0.0205653
20.09	0.0234493
20.1	0.0264977
20.11	0.0297024
20.12	0.0330551
20.13	0.0365482
20.14	0.0401739
20.15	0.0439253
20.16	0.0477953
20.17	0.0517777
20.18	0.0558665
20.19	0.0600563
20.2	0.064342
20.21	0.0687192
20.22	0.073184
20.23	0.077733
20.24	0.0823633
20.25	0.0870727
20.26	0.0918592
20.27	0.0967217
20.28	0.101659
20.29	0.106671
20.3	0.111759
20.31	0.116921
20.32	0.12216
20.33	0.127476
20.34	0.13287
20.35	0.138346
20.36	0.143903
20.37	0.149545
20.38	0.155273
20.39	0.16109
20.4	0.166997
20.41	0.172997
20.42	0.179091
20.43	0.185281
20.44	0.191569
20.45	0.197956
20.46	0.204442
20.47	0.21103
20.48	0.217717
20.49	0.224506
20.5	0.231395
20.51	0.238383
20.52	0.245469
20.53	0.252651
20.54	0.259927
20.55	0.267294
20.56	0.27475
20.57	0.28229
20.58	0.289912
20.59	0.29761
20.6	0.305381
20.61	0.313218
20.62	0.321118
20.63	0.329074
20.64	0.337081
20.65	0.345133
20.66	0.353224
20.67	0.361348
20.68	0.369497
20.69	0.377667
20.7	0.38585
20.71	0.39404
20.72	0.402231
20.73	0.410416
20.74	0.418589
20.75	0.426744
20.76	0.434874
20.77	0.442974
20.78	0.451037
20.79	0.459059
20.8	0.467032
20.81	0.474953
20.82	0.482816
20.83	0.490615
20.84	0.498345
20.85	0.506003
20.86	0.513581
20.87	0.521077
20.88	0.528486
20.89	0.535802
20.9	0.543022
20.91	0.55014
20.92	0.557154
20.93	0.564057
20.94	0.570845
20.95	0.577515
20.96	0.584062
20.97	0.590481
20.98	0.596767
20.99	0.602917
21	0.608924
21.01	0.614786
21.02	0.620496
21.03	0.626051
21.04	0.631445
21.05	0.636674
21.06	0.641733
21.07	0.646618
21.08	0.651323
21.09	0.655844
21.1	0.660178
21.11	0.664319
21.12	0.668263
21.13	0.672008
21.14	0.675548
21.15	0.678881
21.16	0.682004
21.17	0.684914
21.18	0.687608
21.19	0.690085
21.2	0.692343
21.21	0.694381
21.22	0.696197
21.23	0.697791
21.24	0.699164
21.25	0.700316
21.26	0.701247
21.27	0.701959
21.28	0.702454
21.29	0.702732
21.3	0.702798
21.31	0.702652
21.32	0.702298
21.33	0.70174
21.34	0.70098
21.35	0.700021
21.36	0.698868
21.37	0.697523
21.38	0.695991
21.39	0.694274
21.4	0.692376
21.41	0.6903
21.42	0.688049
21.43	0.685626
21.44	0.683032
21.45	0.68027
21.46	0.677342
21.47	0.674248
21.48	0.67099
21.49	0.667566
21.5	0.663978
21.51	0.660225
21.52	0.656304
21.53	0.652215
21.54	0.647955
21.55	0.643521
21.56	0.63891
21.57	0.634119
21.58	0.629144
21.59	0.623981
21.6	0.618624
21.61	0.61307
21.62	0.607315
21.63	0.601352
21.64	0.595177
21.65	0.588786
21.66	0.582174
21.67	0.575337
21.68	0.568271
21.69	0.560973
21.7	0.553439
21.71	0.545668
21.72	0.537656
21.73	0.529405
21.74	0.520912
21.75	0.512179
21.76	0.503208
21.77	0.494
21.78	0.484559
21.79	0.47489
21.8	0.464999
21.81	0.454891
21.82	0.444574
21.83	0.434058
21.84	0.423351
21.85	0.412466
21.86	0.401413
21.87	0.390205
21.88	0.378857
21.89	0.367384
21.9	0.355799
21.91	0.344121
21.92	0.332366
21.93	0.320552
21.94	0.308698
21.95	0.296821
21.96	0.284942
21.97	0.27308
21.98	0.261255
21.99	0.249486
22	0.237795
22.01	0.2262
22.02	0.214723
22.03	0.203383
22.04	0.192199
22.05	0.181191
22.06	0.170378
22.07	0.159777
22.08	0.149408
22.09	0.139287
22.1	0.12943
22.11	0.119855
22.12	0.110575
22.13	0.101605
22.14	0.0929599
22.15	0.0846511
22.16	0.0766909
22.17	0.0690902
22.18	0.0618592
22.19	0.0550069
22.2	0.0485416
22.21	0.0424707
22.22	0.0368005
22.23	0.0315365
22.24	0.0266831
22.25	0.0222441
22.26	0.0182221
22.27	0.0146191
22.28	0.0114359
22.29	0.00867261
22.3	0.00632859
22.31	0.00440221
22.32	0.00289111
22.33	0.00179212
22.34	0.0011013
22.35	0.000813965
22.36	0.000924689
22.37	0.00142734
22.38	0.00231509
22.39	0.00358046
22.4	0.0052153
22.41	0.00721086
22.42	0.00955778
22.43	0.0122461
22.44	0.0152654
22.45	0.0186047
22.46	0.0222526
22.47	0.026197
22.48	0.0304257
22.49	0.034926
22.5	0.0396848
22.51	0.0446889
22.52	0.0499247
22.53	0.0553784
22.54	0.0610361
22.55	0.0668838
22.56	0.0729076
22.57	0.0790934
22.58	0.0854274
22.59	0.0918957
22.6	0.0984849
22.61	0.105182
22.62	0.111973
22.63	0.118847
22.64	0.125791
22.65	0.132793
22.66	0.139843
22.67	0.146931
22.68	0.154047
22.69	0.161182
22.7	0.168329
22.71	0.17548
22.72	0.182629
22.73	0.189771
22.74	0.196902
22.75	0.204018
22.76	0.211118
22.77	0.218199
22.78	0.225262
22.79	0.232308
22.8	0.239337
22.81	0.246353
22.82	0.25336
22.83	0.260361
22.84	0.267362
22.85	0.274369
22.86	0.281388
22.87	0.288427
22.88	0.295493
22.89	0.302594
22.9	0.30974
22.91	0.316938
22.92	0.324198
22.93	0.331528
22.94	0.338937
22.95	0.346435
22.96	0.354028
22.97	0.361725
22.98	0.369533
22.99	0.377459
23	0.385509
23.01	0.393688
23.02	0.401999
23.03	0.410447
23.04	0.419034
23.05	0.427759
23.06	0.436623
23.07	0.445625
23.08	0.45476
23.09	0.464025
23.1	0.473414
23.11	0.48292
23.12	0.492534
23.13	0.502246
23.14	0.512045
23.15	0.521918
23.16	0.531851
23.17	0.541829
23.18	0.551834
23.19	0.56185
23.2	0.571857
23.21	0.581837
23.22	0.591768
23.23	0.601628
23.24	0.611397
23.25	0.621052
23.26	0.630569
23.27	0.639925
23.28	0.649098
23.29	0.658063
23.3	0.666798
23.31	0.675278
23.32	0.683482
23.33	0.691387
23.34	0.698971
23.35	0.706213
23.36	0.713093
23.37	0.719591
23.38	0.725689
23.39	0.73137
23.4	0.736618
23.41	0.741418
23.42	0.745756
23.43	0.74962
23.44	0.752999
23.45	0.755885
23.46	0.758269
23.47	0.760145
23.48	0.761509
23.49	0.762357
23.5	0.762688
23.51	0.762501
23.52	0.761798
23.53	0.760582
23.54	0.758858
23.55	0.75663
23.56	0.753906
23.57	0.750695
23.58	0.747006
23.59	0.74285
23.6	0.738239
23.61	0.733187
23.62	0.727707
23.63	0.721814
23.64	0.715525
23.65	0.708857
23.66	0.701826
23.67	0.694452
23.68	0.686753
23.69	0.678748
23.7	0.670458
23.71	0.661902
23.72	0.653101
23.73	0.644077
23.74	0.634849
23.75	0.625441
23.76	0.615872
23.77	0.606165
23.78	0.596341
23.79	0.586421
23.8	0.576426
23.81	0.566378
23.82	0.556296
23.83	0.546203
23.84	0.536117
23.85	0.526059
23.86	0.516048
23.87	0.506102
23.88	0.496239
23.89	0.486478
23.9	0.476835
23.91	0.467325
23.92	0.457965
23.93	0.448769
23.94	0.439749
23.95	0.430919
23.96	0.42229
23.97	0.413872
23.98	0.405675
23.99	0.397706
24	0.389973
24.01	0.382481
24.02	0.375235
24.03	0.368237
24.04	0.36149
24.05	0.354993
24.06	0.348745
24.07	0.342745
24.08	0.336988
24.09	0.331469
24.1	0.326182
24.11	0.321119
24.12	0.316272
24.13	0.311629
24.14	0.307179
24.15	0.302911
24.16	0.298811
24.17	0.294863
24.18	0.291054
24.19	0.287366
24.2	0.283784
24.21	0.28029
24.22	0.276867
24.23	0.273496
24.24	0.27016
24.25	0.266841
24.26	0.26352
24.27	0.260181
24.28	0.256805
24.29	0.253376
24.3	0.249878
24.31	0.246295
24.32	0.242612
24.33	0.238817
24.34	0.234897
24.35	0.23084
24.36	0.226638
24.37	0.22228
24.38	0.217761
24.39	0.213074
24.4	0.208217
24.41	0.203187
24.42	0.197984
24.43	0.192608
24.44	0.187064
24.45	0.181355
24.46	0.175488
24.47	0.169472
24.48	0.163315
24.49	0.157029
24.5	0.150628
24.51	0.144125
24.52	0.137535
24.53	0.130877
24.54	0.124167
24.55	0.117425
24.56	0.110671
24.57	0.103926
24.58	0.0972116
24.59	0.0905496
24.6	0.0839629
24.61	0.0774745
24.62	0.0711074
24.63	0.064885
24.64	0.0588304
24.65	0.0529667
24.66	0.0473166
24.67	0.0419026
24.68	0.0367464
24.69	0.0318693
24.7	0.0272919
24.71	0.0230341
24.72	0.0191147
24.73	0.0155519
24.74	0.0123624
24.75	0.00956248
24.76	0.00716682
24.77	0.00518919
24.78	0.00364211
24.79	0.00253691
24.8	0.00188368
24.81	0.00169126
24.82	0.00196723
24.83	0.00271791
24.84	0.00394837
24.85	0.00566238
24.86	0.00786251
24.87	0.01055
24.88	0.0137251
24.89	0.0173864
24.9	0.0215318
24.91	0.0261578
24.92	0.0312596
24.93	0.0368316
24.94	0.0428667
24.95	0.0493572
24.96	0.056294
24.97	0.0636671
24.98	0.0714654
24.99	0.079677
25	0.0882889
25.01	0.0972872
25.02	0.106657
25.03	0.116384
25.04	0.12645
25.05	0.136838
25.06	0.147532
25.07	0.158511
25.08	0.169757
25.09	0.18125
25.1	0.192969
25.11	0.204894
25.12	0.217003
25.13	0.229274
25.14	0.241685
25.15	0.254214
25.16	0.266837
25.17	0.279533
25.18	0.292279
25.19	0.305051
25.2	0.317827
25.21	0.330586
25.22	0.343303
25.23	0.355959
25.24	0.368531
25.25	0.380999
25.26	0.393343
25.27	0.405543
25.28	0.417581
25.29	0.429439
25.3	0.4411
25.31	0.452548
25.32	0.46377
25.33	0.474751
25.34	0.485478
25.35	0.495942
25.36	0.506132
25.37	0.51604
25.38	0.525658
25.39	0.534981
25.4	0.544005
25.41	0.552725
25.42	0.56114
25.43	0.56925
25.44	0.577055
25.45	0.584557
25.46	0.591759
25.47	0.598666
25.48	0.605281
25.49	0.611612
25.5	0.617666
25.51	0.623449
25.52	0.62897
25.53	0.634239
25.54	0.639264
25.55	0.644056
25.56	0.648624
25.57	0.652979
25.58	0.657132
25.59	0.661092
25.6	0.66487
25.61	0.668476
25.62	0.67192
25.63	0.675211
25.64	0.678358
25.65	0.68137
25.66	0.684255
25.67	0.68702
25.68	0.689671
25.69	0.692215
25.7	0.694657
25.71	0.697001
25.72	0.69925
25.73	0.701408
25.74	0.703476
25.75	0.705457
25.76	0.70735
25.77	0.709155
25.78	0.710871
25.79	0.712497
25.8	0.714031
25.81	0.715469
25.82	0.716808
25.83	0.718044
25.84	0.719173
25.85	0.72019
25.86	0.721089
25.87	0.721866
25.88	0.722515
25.89	0.723029
25.9	0.723403
25.91	0.72363
25.92	0.723705
25.93	0.72362
25.94	0.723371
25.95	0.72295
25.96	0.722351
25.97	0.721569
25.98	0.720598
25.99	0.719431
26	0.718064
26.01	0.716492
26.02	0.714708
26.03	0.712709
26.04	0.710489
26.05	0.708045
26.06	0.705371
26.07	0.702464
26.08	0.699321
26.09	0.695937
26.1	0.69231
26.11	0.688436
26.12	0.684313
26.13	0.679938
26.14	0.675308
26.15	0.670422
26.16	0.665278
26.17	0.659875
26.18	0.65421
26.19	0.648284
26.2	0.642096
26.21	0.635645
26.22	0.628932
26.23	0.621957
26.24	0.61472
26.25	0.607225
26.26	0.599472
26.27	0.591464
26.28	0.583204
26.29	0.574695
26.3	0.565942
26.31	0.55695
26.32	0.547723
26.33	0.538269
26.34	0.528593
26.35	0.518705
26.36	0.508611
26.37	0.498321
26.38	0.487845
26.39	0.477193
26.4	0.466378
26.41	0.45541
26.42	0.444303
26.43	0.43307
26.44	0.421726
26.45	0.410285
26.46	0.398763
26.47	0.387175
26.48	0.375538
26.49	0.363868
26.5	0.352184
26.51	0.340502
26.52	0.328839
26.53	0.317215
26.54	0.305646
26.55	0.29415
26.56	0.282746
26.57	0.27145
26.58	0.260279
26.59	0.249252
26.6	0.238383
26.61	0.227689
26.62	0.217185
26.63	0.206885
26.64	0.196804
26.65	0.186953
26.66	0.177346
26.67	0.167994
26.68	0.158906
26.69	0.150092
26.7	0.141559
26.71	0.133315
26.72	0.125366
26.73	0.117716
26.74	0.110369
26.75	0.103328
26.76	0.0965939
26.77	0.0901673
26.78	0.0840477
26.79	0.0782333
26.8	0.0727217
26.81	0.0675094
26.82	0.062592
26.83	0.0579644
26.84	0.0536208
26.85	0.0495547
26.86	0.045759
26.87	0.042226
26.88	0.0389477
26.89	0.0359157
26.9	0.0331213
26.91	0.0305555
26.92	0.0282092
26.93	0.0260735
26.94	0.024139
26.95	0.0223969
26.96	0.0208381
26.97	0.019454
26.98	0.0182361
26.99	0.0171763
27	0.0162669
27.01	0.0155004
27.02	0.01487
27.03	0.0143691
27.04	0.013992
27.05	0.0137331
27.06	0.0135875
27.07	0.0135511
27.08	0.01362
27.09	0.0137911
27.1	0.0140618
27.11	0.01443
27.12	0.0148943
27.13	0.0154537
27.14	0.0161079
27.15	0.0168569
27.16	0.0177014
27.17	0.0186424
27.18	0.0196815
27.19	0.0208206
27.2	0.0220621
27.21	0.0234087
27.22	0.0248636
27.23	0.0264301
27.24	0.0281119
27.25	0.0299132
27.26	0.0318382
27.27	0.0338913
27.28	0.0360773
27.29	0.0384012
27.3	0.040868
27.31	0.0434829
27.32	0.0462514
27.33	0.0491791
27.34	0.0522714
27.35	0.0555341
27.36	0.058973
27.37	0.0625939
27.38	0.0664026
27.39	0.0704051
27.4	0.0746071
27.41	0.0790145
27.42	0.0836331
27.43	0.0884685
27.44	0.0935263
27.45	0.098812
27.46	0.104331
27.47	0.110088
27.48	0.116088
27.49	0.122336
27.5	0.128836
27.51	0.135592
27.52	0.142607
27.53	0.149885
27.54	0.157428
27.55	0.165238
27.56	0.173317
27.57	0.181665
27.58	0.190284
27.59	0.199171
27.6	0.208327
27.61	0.217749
27.62	0.227434
27.63	0.237379
27.64	0.247579
27.65	0.258029
27.66	0.268721
27.67	0.279649
27.68	0.290804
27.69	0.302177
27.7	0.313758
27.71	0.325535
27.72	0.337496
27.73	0.349628
27.74	0.361917
27.75	0.374348
27.76	0.386905
27.77	0.399572
27.78	0.412331
27.79	0.425164
27.8	0.438054
27.81	0.450981
27.82	0.463926
27.83	0.476868
27.84	0.489789
27.85	0.502667
27.86	0.515483
27.87	0.528217
27.88	0.540847
27.89	0.553355
27.9	0.56572
27.91	0.577923
27.92	0.589947
27.93	0.601771
27.94	0.613379
27.95	0.624754
27.96	0.635879
27.97	0.64674
27.98	0.657322
27.99	0.667612
28	0.677597
28.01	0.687266
28.02	0.696609
28.03	0.705616
28.04	0.71428
28.05	0.722593
28.06	0.73055
28.07	0.738145
28.08	0.745376
28.09	0.752239
28.1	0.758732
28.11	0.764855
28.12	0.770607
28.13	0.775991
28.14	0.781007
28.15	0.785657
28.16	0.789946
28.17	0.793876
28.18	0.797452
28.19	0.800678
28.2	0.80356
28.21	0.806103
28.22	0.808311
28.23	0.810192
28.24	0.81175
28.25	0.812991
28.26	0.813921
28.27	0.814546
28.28	0.81487
28.29	0.8149
28.3	0.81464
28.31	0.814095
28.32	0.813269
28.33	0.812167
28.34	0.810792
28.35	0.809148
28.36	0.807237
28.37	0.805063
28.38	0.802627
28.39	0.799932
28.4	0.79698
28.41	0.793771
28.42	0.790307
28.43	0.786588
28.44	0.782616
28.45	0.778391
28.46	0.773912
28.47	0.769181
28.48	0.764198
28.49	0.758961
28.5	0.753473
28.51	0.747732
28.52	0.741739
28.53	0.735495
28.54	0.728999
28.55	0.722254
28.56	0.715259
28.57	0.708017
28.58	0.700528
28.59	0.692795
28.6	0.684819
28.61	0.676604
28.62	0.668152
28.63	0.659467
28.64	0.650552
28.65	0.641412
28.66	0.632051
28.67	0.622473
28.68	0.612685
28.69	0.602692
28.7	0.592501
28.71	0.582117
28.72	0.571548
28.73	0.5608
28.74	0.549883
28.75	0.538803
28.76	0.527569
28.77	0.516191
28.78	0.504676
28.79	0.493035
28.8	0.481276
28.81	0.469411
28.82	0.45745
28.83	0.445402
28.84	0.433279
28.85	0.421093
28.86	0.408854
28.87	0.396574
28.88	0.384266
28.89	0.371941
28.9	0.359611
28.91	0.34729
28.92	0.33499
28.93	0.322725
28.94	0.310507
28.95	0.298349
28.96	0.286266
28.97	0.274271
28.98	0.262377
28.99	0.250599
29	0.238951
29.01	0.227445
29.02	0.216097
29.03	0.20492
29.04	0.193927
29.05	0.183133
29.06	0.172552
29.07	0.162195
29.08	0.152077
29.09	0.14221
29.1	0.132607
29.11	0.123279
29.12	0.114238
29.13	0.105496
29.14	0.097063
29.15	0.0889487
29.16	0.0811626
29.17	0.0737134
29.18	0.0666089
29.19	0.0598563
29.2	0.0534619
29.21	0.0474311
29.22	0.0417684
29.23	0.0364774
29.24	0.0315608
29.25	0.0270204
29.26	0.0228567
29.27	0.0190695
29.28	0.0156575
29.29	0.0126184
29.3	0.00994906
29.31	0.0076451
29.32	0.0057014
29.33	0.00411183
29.34	0.00286943
29.35	0.00196636
29.36	0.00139399
29.37	0.00114298
29.38	0.00120326
29.39	0.00156417
29.4	0.00221448
29.41	0.0031425
29.42	0.00433612
29.43	0.0057829
29.44	0.00747018
29.45	0.00938511
29.46	0.0115148
29.47	0.0138463
29.48	0.0163668
29.49	0.0190637
29.5	0.0219246
29.51	0.0249373
29.52	0.0280904
29.53	0.0313726
29.54	0.0347732
29.55	0.0382823
29.56	0.0418906
29.57	0.0455893
29.58	0.0493707
29.59	0.0532277
29.6	0.0571539
29.61	0.0611441
29.62	0.0651937
29.63	0.069299
29.64	0.0734572
29.65	0.0776664
29.66	0.0819255
29.67	0.0862343
29.68	0.0905932
29.69	0.0950036
29.7	0.0994674
29.71	0.103987
29.72	0.108566
29.73	0.113209
29.74	0.117918
29.75	0.1227
29.76	0.127559
29.77	0.1325
29.78	0.137529
29.79	0.142652
29.8	0.147874
29.81	0.153201
29.82	0.158639
29.83	0.164192
29.84	0.169867
29.85	0.175668
29.86	0.181599
29.87	0.187666
29.88	0.193871
29.89	0.200218
29.9	0.20671
29.91	0.213349
29.92	0.220136
29.93	0.227073
29.94	0.234159
29.95	0.241395
29.96	0.24878
29.97	0.256313
29.98	0.26399
29.99	0.27181
30	0.279769
