# mu=0
# lamb=0
# N=2
# m=0
# dim=2
# T=10
# dt=0.01

# t 	 <S_z,1>
0	-0.5
0.01	-0.4999
0.02	-0.4996
0.03	-0.4991
0.04	-0.498401
0.05	-0.497502
0.06	-0.496404
0.07	-0.495108
0.08	-0.493614
0.09	-0.491922
0.1	-0.490033
0.11	-0.487949
0.12	-0.485669
0.13	-0.483195
0.14	-0.480528
0.15	-0.477668
0.16	-0.474618
0.17	-0.471377
0.18	-0.467948
0.19	-0.464332
0.2	-0.46053
0.21	-0.456544
0.22	-0.452376
0.23	-0.448026
0.24	-0.443497
0.25	-0.438791
0.26	-0.43391
0.27	-0.428854
0.28	-0.423628
0.29	-0.418231
0.3	-0.412668
0.31	-0.406939
0.32	-0.401048
0.33	-0.394996
0.34	-0.388786
0.35	-0.382421
0.36	-0.375903
0.37	-0.369234
0.38	-0.362418
0.39	-0.355457
0.4	-0.348353
0.41	-0.341111
0.42	-0.333731
0.43	-0.326219
0.44	-0.318576
0.45	-0.310805
0.46	-0.30291
0.47	-0.294894
0.48	-0.28676
0.49	-0.278511
0.5	-0.270151
0.51	-0.261683
0.52	-0.25311
0.53	-0.244436
0.54	-0.235664
0.55	-0.226798
0.56	-0.217841
0.57	-0.208797
0.58	-0.19967
0.59	-0.190462
0.6	-0.181179
0.61	-0.171823
0.62	-0.162398
0.63	-0.152908
0.64	-0.143358
0.65	-0.133749
0.66	-0.124088
0.67	-0.114376
0.68	-0.104619
0.69	-0.0948204
0.7	-0.0849836
0.71	-0.0751127
0.72	-0.0652119
0.73	-0.0552849
0.74	-0.0453358
0.75	-0.0353686
0.76	-0.0253872
0.77	-0.0153957
0.78	-0.00539806
0.79	0.00460177
0.8	0.0145998
0.81	0.0245919
0.82	0.0345742
0.83	0.0445427
0.84	0.0544934
0.85	0.0644222
0.86	0.0743254
0.87	0.0841987
0.88	0.0940384
0.89	0.103841
0.9	0.113601
0.91	0.123316
0.92	0.132982
0.93	0.142595
0.94	0.15215
0.95	0.161645
0.96	0.171075
0.97	0.180436
0.98	0.189726
0.99	0.198939
1	0.208073
1.01	0.217124
1.02	0.226088
1.03	0.234962
1.04	0.243741
1.05	0.252423
1.06	0.261004
1.07	0.269481
1.08	0.27785
1.09	0.286107
1.1	0.294251
1.11	0.302276
1.12	0.310181
1.13	0.317961
1.14	0.325615
1.15	0.333138
1.16	0.340528
1.17	0.347782
1.18	0.354896
1.19	0.361869
1.2	0.368697
1.21	0.375377
1.22	0.381908
1.23	0.388285
1.24	0.394507
1.25	0.400572
1.26	0.406476
1.27	0.412218
1.28	0.417794
1.29	0.423204
1.3	0.428444
1.31	0.433513
1.32	0.438409
1.33	0.443129
1.34	0.447672
1.35	0.452036
1.36	0.456219
1.37	0.46022
1.38	0.464036
1.39	0.467667
1.4	0.471111
1.41	0.474367
1.42	0.477432
1.43	0.480307
1.44	0.48299
1.45	0.485479
1.46	0.487774
1.47	0.489874
1.48	0.491779
1.49	0.493486
1.5	0.494996
1.51	0.496308
1.52	0.497422
1.53	0.498337
1.54	0.499052
1.55	0.499568
1.56	0.499883
1.57	0.499999
1.58	0.499915
1.59	0.499631
1.6	0.499147
1.61	0.498464
1.62	0.497581
1.63	0.496499
1.64	0.495218
1.65	0.49374
1.66	0.492064
1.67	0.490191
1.68	0.488122
1.69	0.485858
1.7	0.483399
1.71	0.480747
1.72	0.477903
1.73	0.474868
1.74	0.471642
1.75	0.468228
1.76	0.464627
1.77	0.46084
1.78	0.456869
1.79	0.452714
1.8	0.448379
1.81	0.443865
1.82	0.439173
1.83	0.434305
1.84	0.429263
1.85	0.42405
1.86	0.418667
1.87	0.413117
1.88	0.407401
1.89	0.401523
1.9	0.395484
1.91	0.389287
1.92	0.382934
1.93	0.376427
1.94	0.369771
1.95	0.362966
1.96	0.356016
1.97	0.348924
1.98	0.341692
1.99	0.334324
2	0.326822
2.01	0.319189
2.02	0.311428
2.03	0.303543
2.04	0.295537
2.05	0.287412
2.06	0.279172
2.07	0.270821
2.08	0.262361
2.09	0.253797
2.1	0.24513
2.11	0.236366
2.12	0.227507
2.13	0.218558
2.14	0.209521
2.15	0.2004
2.16	0.191198
2.17	0.181921
2.18	0.17257
2.19	0.163151
2.2	0.153666
2.21	0.14412
2.22	0.134517
2.23	0.124859
2.24	0.115151
2.25	0.105398
2.26	0.0956022
2.27	0.0857682
2.28	0.0758999
2.29	0.0660013
2.3	0.0560763
2.31	0.0461288
2.32	0.0361629
2.33	0.0261825
2.34	0.0161917
2.35	0.00619433
2.36	-0.00380547
2.37	-0.0138038
2.38	-0.0237965
2.39	-0.0337798
2.4	-0.0437495
2.41	-0.0537017
2.42	-0.0636325
2.43	-0.0735378
2.44	-0.0834137
2.45	-0.0932562
2.46	-0.103061
2.47	-0.112825
2.48	-0.122544
2.49	-0.132214
2.5	-0.141831
2.51	-0.151391
2.52	-0.160891
2.53	-0.170326
2.54	-0.179694
2.55	-0.188989
2.56	-0.198209
2.57	-0.207349
2.58	-0.216407
2.59	-0.225378
2.6	-0.234258
2.61	-0.243045
2.62	-0.251735
2.63	-0.260325
2.64	-0.26881
2.65	-0.277187
2.66	-0.285454
2.67	-0.293606
2.68	-0.301641
2.69	-0.309556
2.7	-0.317346
2.71	-0.32501
2.72	-0.332544
2.73	-0.339944
2.74	-0.347209
2.75	-0.354335
2.76	-0.361319
2.77	-0.368159
2.78	-0.374851
2.79	-0.381393
2.8	-0.387783
2.81	-0.394018
2.82	-0.400095
2.83	-0.406012
2.84	-0.411766
2.85	-0.417356
2.86	-0.422779
2.87	-0.428033
2.88	-0.433116
2.89	-0.438025
2.9	-0.44276
2.91	-0.447317
2.92	-0.451695
2.93	-0.455893
2.94	-0.459908
2.95	-0.463739
2.96	-0.467385
2.97	-0.470844
2.98	-0.474114
2.99	-0.477195
3	-0.480085
3.01	-0.482783
3.02	-0.485288
3.03	-0.487599
3.04	-0.489714
3.05	-0.491634
3.06	-0.493357
3.07	-0.494883
3.08	-0.496211
3.09	-0.497341
3.1	-0.498271
3.11	-0.499002
3.12	-0.499534
3.13	-0.499866
3.14	-0.499997
3.15	-0.499929
3.16	-0.499661
3.17	-0.499193
3.18	-0.498526
3.19	-0.497659
3.2	-0.496592
3.21	-0.495328
3.22	-0.493865
3.23	-0.492204
3.24	-0.490347
3.25	-0.488294
3.26	-0.486045
3.27	-0.483602
3.28	-0.480965
3.29	-0.478136
3.3	-0.475116
3.31	-0.471906
3.32	-0.468507
3.33	-0.464921
3.34	-0.461148
3.35	-0.457192
3.36	-0.453052
3.37	-0.448731
3.38	-0.444231
3.39	-0.439553
3.4	-0.434699
3.41	-0.429671
3.42	-0.424471
3.43	-0.419102
3.44	-0.413565
3.45	-0.407863
3.46	-0.401997
3.47	-0.395971
3.48	-0.389786
3.49	-0.383445
3.5	-0.376951
3.51	-0.370306
3.52	-0.363513
3.53	-0.356575
3.54	-0.349494
3.55	-0.342273
3.56	-0.334916
3.57	-0.327424
3.58	-0.319801
3.59	-0.312051
3.6	-0.304176
3.61	-0.296179
3.62	-0.288063
3.63	-0.279833
3.64	-0.27149
3.65	-0.263039
3.66	-0.254482
3.67	-0.245824
3.68	-0.237068
3.69	-0.228216
3.7	-0.219274
3.71	-0.210243
3.72	-0.201129
3.73	-0.191934
3.74	-0.182662
3.75	-0.173318
3.76	-0.163904
3.77	-0.154424
3.78	-0.144883
3.79	-0.135283
3.8	-0.12563
3.81	-0.115926
3.82	-0.106176
3.83	-0.0963837
3.84	-0.0865526
3.85	-0.0766869
3.86	-0.0667906
3.87	-0.0568675
3.88	-0.0469217
3.89	-0.0369571
3.9	-0.0269777
3.91	-0.0169875
3.92	-0.00699059
3.93	0.00300916
3.94	0.0130077
3.95	0.0230011
3.96	0.0329852
3.97	0.0429562
3.98	0.0529099
3.99	0.0628425
4	0.07275
4.01	0.0826284
4.02	0.0924737
4.03	0.102282
4.04	0.112049
4.05	0.121772
4.06	0.131446
4.07	0.141067
4.08	0.150632
4.09	0.160137
4.1	0.169577
4.11	0.17895
4.12	0.188251
4.13	0.197477
4.14	0.206624
4.15	0.215688
4.16	0.224666
4.17	0.233555
4.18	0.242349
4.19	0.251047
4.2	0.259644
4.21	0.268138
4.22	0.276524
4.23	0.2848
4.24	0.292961
4.25	0.301006
4.26	0.30893
4.27	0.316731
4.28	0.324405
4.29	0.331949
4.3	0.33936
4.31	0.346636
4.32	0.353773
4.33	0.360768
4.34	0.367619
4.35	0.374323
4.36	0.380878
4.37	0.38728
4.38	0.393527
4.39	0.399617
4.4	0.405547
4.41	0.411314
4.42	0.416917
4.43	0.422354
4.44	0.427621
4.45	0.432718
4.46	0.437641
4.47	0.442389
4.48	0.446961
4.49	0.451353
4.5	0.455565
4.51	0.459595
4.52	0.463441
4.53	0.467101
4.54	0.470575
4.55	0.473861
4.56	0.476957
4.57	0.479862
4.58	0.482575
4.59	0.485096
4.6	0.487422
4.61	0.489553
4.62	0.491489
4.63	0.493227
4.64	0.494769
4.65	0.496113
4.66	0.497258
4.67	0.498204
4.68	0.498951
4.69	0.499499
4.7	0.499847
4.71	0.499994
4.72	0.499942
4.73	0.49969
4.74	0.499238
4.75	0.498586
4.76	0.497735
4.77	0.496685
4.78	0.495436
4.79	0.493989
4.8	0.492344
4.81	0.490502
4.82	0.488464
4.83	0.486231
4.84	0.483804
4.85	0.481182
4.86	0.478369
4.87	0.475364
4.88	0.472169
4.89	0.468785
4.9	0.465213
4.91	0.461456
4.92	0.457513
4.93	0.453388
4.94	0.449082
4.95	0.444596
4.96	0.439932
4.97	0.435092
4.98	0.430078
4.99	0.424892
5	0.419536
5.01	0.414012
5.02	0.408323
5.03	0.40247
5.04	0.396456
5.05	0.390284
5.06	0.383956
5.07	0.377474
5.08	0.370841
5.09	0.36406
5.1	0.357133
5.11	0.350063
5.12	0.342853
5.13	0.335507
5.14	0.328025
5.15	0.320413
5.16	0.312673
5.17	0.304807
5.18	0.29682
5.19	0.288714
5.2	0.280492
5.21	0.272158
5.22	0.263716
5.23	0.255167
5.24	0.246517
5.25	0.237768
5.26	0.228925
5.27	0.219989
5.28	0.210966
5.29	0.201858
5.3	0.192669
5.31	0.183403
5.32	0.174064
5.33	0.164656
5.34	0.155181
5.35	0.145645
5.36	0.13605
5.37	0.126401
5.38	0.116701
5.39	0.106954
5.4	0.097165
5.41	0.0873368
5.42	0.0774737
5.43	0.0675797
5.44	0.0576586
5.45	0.0477144
5.46	0.0377512
5.47	0.0277728
5.48	0.0177834
5.49	0.00778683
5.5	-0.00221285
5.51	-0.0122116
5.52	-0.0222056
5.53	-0.0321906
5.54	-0.0421627
5.55	-0.052118
5.56	-0.0620525
5.57	-0.0719621
5.58	-0.0818429
5.59	-0.091691
5.6	-0.101502
5.61	-0.111273
5.62	-0.121
5.63	-0.130677
5.64	-0.140303
5.65	-0.149873
5.66	-0.159382
5.67	-0.168828
5.68	-0.178206
5.69	-0.187513
5.7	-0.196745
5.71	-0.205899
5.72	-0.21497
5.73	-0.223955
5.74	-0.23285
5.75	-0.241652
5.76	-0.250358
5.77	-0.258963
5.78	-0.267465
5.79	-0.27586
5.8	-0.284145
5.81	-0.292316
5.82	-0.30037
5.83	-0.308304
5.84	-0.316114
5.85	-0.323798
5.86	-0.331353
5.87	-0.338775
5.88	-0.346061
5.89	-0.353209
5.9	-0.360216
5.91	-0.367079
5.92	-0.373795
5.93	-0.380361
5.94	-0.386776
5.95	-0.393035
5.96	-0.399138
5.97	-0.40508
5.98	-0.410861
5.99	-0.416477
6	-0.421927
6.01	-0.427208
6.02	-0.432318
6.03	-0.437255
6.04	-0.442018
6.05	-0.446603
6.06	-0.45101
6.07	-0.455236
6.08	-0.459281
6.09	-0.463141
6.1	-0.466817
6.11	-0.470306
6.12	-0.473606
6.13	-0.476717
6.14	-0.479638
6.15	-0.482366
6.16	-0.484902
6.17	-0.487244
6.18	-0.489391
6.19	-0.491342
6.2	-0.493096
6.21	-0.494653
6.22	-0.496013
6.23	-0.497174
6.24	-0.498136
6.25	-0.498899
6.26	-0.499463
6.27	-0.499826
6.28	-0.49999
6.29	-0.499954
6.3	-0.499717
6.31	-0.499281
6.32	-0.498645
6.33	-0.49781
6.34	-0.496776
6.35	-0.495542
6.36	-0.494111
6.37	-0.492482
6.38	-0.490656
6.39	-0.488634
6.4	-0.486416
6.41	-0.484004
6.42	-0.481398
6.43	-0.4786
6.44	-0.47561
6.45	-0.47243
6.46	-0.469061
6.47	-0.465504
6.48	-0.461762
6.49	-0.457834
6.5	-0.453723
6.51	-0.449431
6.52	-0.444959
6.53	-0.440309
6.54	-0.435483
6.55	-0.430483
6.56	-0.425311
6.57	-0.419968
6.58	-0.414458
6.59	-0.408782
6.6	-0.402942
6.61	-0.396941
6.62	-0.390781
6.63	-0.384465
6.64	-0.377996
6.65	-0.371375
6.66	-0.364605
6.67	-0.35769
6.68	-0.350631
6.69	-0.343433
6.7	-0.336097
6.71	-0.328626
6.72	-0.321024
6.73	-0.313294
6.74	-0.305438
6.75	-0.29746
6.76	-0.289364
6.77	-0.281151
6.78	-0.272826
6.79	-0.264392
6.8	-0.255852
6.81	-0.24721
6.82	-0.238469
6.83	-0.229632
6.84	-0.220704
6.85	-0.211687
6.86	-0.202586
6.87	-0.193404
6.88	-0.184144
6.89	-0.174811
6.9	-0.165407
6.91	-0.155938
6.92	-0.146406
6.93	-0.136816
6.94	-0.127171
6.95	-0.117475
6.96	-0.107732
6.97	-0.097946
6.98	-0.0881208
6.99	-0.0782603
7	-0.0683686
7.01	-0.0584495
7.02	-0.0485071
7.03	-0.0385452
7.04	-0.0285679
7.05	-0.0185792
7.06	-0.00858305
7.07	0.00141653
7.08	0.0114155
7.09	0.02141
7.1	0.0313959
7.11	0.0413692
7.12	0.051326
7.13	0.0612622
7.14	0.0711739
7.15	0.0810572
7.16	0.0909081
7.17	0.100723
7.18	0.110497
7.19	0.120227
7.2	0.129909
7.21	0.139539
7.22	0.149113
7.23	0.158627
7.24	0.168078
7.25	0.177462
7.26	0.186775
7.27	0.196013
7.28	0.205173
7.29	0.21425
7.3	0.223242
7.31	0.232145
7.32	0.240955
7.33	0.249668
7.34	0.258282
7.35	0.266792
7.36	0.275196
7.37	0.283489
7.38	0.291669
7.39	0.299733
7.4	0.307676
7.41	0.315497
7.42	0.323191
7.43	0.330756
7.44	0.338189
7.45	0.345486
7.46	0.352645
7.47	0.359664
7.48	0.366538
7.49	0.373266
7.5	0.379844
7.51	0.38627
7.52	0.392542
7.53	0.398657
7.54	0.404613
7.55	0.410407
7.56	0.416036
7.57	0.421499
7.58	0.426794
7.59	0.431917
7.6	0.436868
7.61	0.441645
7.62	0.446244
7.63	0.450666
7.64	0.454906
7.65	0.458965
7.66	0.462841
7.67	0.466531
7.68	0.470035
7.69	0.47335
7.7	0.476476
7.71	0.479412
7.72	0.482156
7.73	0.484707
7.74	0.487064
7.75	0.489227
7.76	0.491193
7.77	0.492964
7.78	0.494537
7.79	0.495912
7.8	0.497089
7.81	0.498067
7.82	0.498846
7.83	0.499425
7.84	0.499805
7.85	0.499984
7.86	0.499964
7.87	0.499743
7.88	0.499323
7.89	0.498703
7.9	0.497884
7.91	0.496865
7.92	0.495648
7.93	0.494232
7.94	0.492619
7.95	0.490809
7.96	0.488802
7.97	0.4866
7.98	0.484203
7.99	0.481613
8	0.47883
8.01	0.475855
8.02	0.47269
8.03	0.469336
8.04	0.465794
8.05	0.462066
8.06	0.458154
8.07	0.454057
8.08	0.44978
8.09	0.445322
8.1	0.440686
8.11	0.435874
8.12	0.430888
8.13	0.425729
8.14	0.4204
8.15	0.414903
8.16	0.40924
8.17	0.403413
8.18	0.397425
8.19	0.391278
8.2	0.384974
8.21	0.378516
8.22	0.371907
8.23	0.36515
8.24	0.358246
8.25	0.351199
8.26	0.344011
8.27	0.336686
8.28	0.329226
8.29	0.321634
8.3	0.313914
8.31	0.306068
8.32	0.2981
8.33	0.290013
8.34	0.281809
8.35	0.273493
8.36	0.265067
8.37	0.256536
8.38	0.247902
8.39	0.239168
8.4	0.230339
8.41	0.221418
8.42	0.212408
8.43	0.203314
8.44	0.194138
8.45	0.184884
8.46	0.175557
8.47	0.166159
8.48	0.156694
8.49	0.147167
8.5	0.137582
8.51	0.127941
8.52	0.118249
8.53	0.108509
8.54	0.0987267
8.55	0.0889045
8.56	0.0790468
8.57	0.0691574
8.58	0.0592403
8.59	0.0492996
8.6	0.0393391
8.61	0.0293629
8.62	0.0193749
8.63	0.00937925
8.64	-0.000620202
8.65	-0.0106194
8.66	-0.0206144
8.67	-0.0306011
8.68	-0.0405755
8.69	-0.0505338
8.7	-0.0604718
8.71	-0.0703856
8.72	-0.0802713
8.73	-0.0901249
8.74	-0.0999424
8.75	-0.10972
8.76	-0.119454
8.77	-0.12914
8.78	-0.138774
8.79	-0.148352
8.8	-0.157872
8.81	-0.167328
8.82	-0.176717
8.83	-0.186036
8.84	-0.19528
8.85	-0.204446
8.86	-0.213531
8.87	-0.22253
8.88	-0.23144
8.89	-0.240257
8.9	-0.248978
8.91	-0.2576
8.92	-0.266118
8.93	-0.274531
8.94	-0.282833
8.95	-0.291022
8.96	-0.299095
8.97	-0.307048
8.98	-0.314879
8.99	-0.322583
9	-0.330158
9.01	-0.337602
9.02	-0.34491
9.03	-0.35208
9.04	-0.35911
9.05	-0.365996
9.06	-0.372735
9.07	-0.379326
9.08	-0.385764
9.09	-0.392049
9.1	-0.398176
9.11	-0.404145
9.12	-0.409951
9.13	-0.415594
9.14	-0.42107
9.15	-0.426378
9.16	-0.431516
9.17	-0.436481
9.18	-0.441271
9.19	-0.445885
9.2	-0.45032
9.21	-0.454575
9.22	-0.458649
9.23	-0.462539
9.24	-0.466244
9.25	-0.469762
9.26	-0.473093
9.27	-0.476234
9.28	-0.479185
9.29	-0.481945
9.3	-0.484511
9.31	-0.486884
9.32	-0.489062
9.33	-0.491044
9.34	-0.49283
9.35	-0.494419
9.36	-0.49581
9.37	-0.497002
9.38	-0.497996
9.39	-0.498791
9.4	-0.499386
9.41	-0.499782
9.42	-0.499977
9.43	-0.499973
9.44	-0.499768
9.45	-0.499364
9.46	-0.49876
9.47	-0.497956
9.48	-0.496954
9.49	-0.495752
9.5	-0.494352
9.51	-0.492755
9.52	-0.49096
9.53	-0.488969
9.54	-0.486783
9.55	-0.484401
9.56	-0.481826
9.57	-0.479058
9.58	-0.476099
9.59	-0.472949
9.6	-0.46961
9.61	-0.466083
9.62	-0.46237
9.63	-0.458472
9.64	-0.45439
9.65	-0.450127
9.66	-0.445684
9.67	-0.441062
9.68	-0.436264
9.69	-0.431291
9.7	-0.426146
9.71	-0.420831
9.72	-0.415347
9.73	-0.409697
9.74	-0.403883
9.75	-0.397907
9.76	-0.391773
9.77	-0.385482
9.78	-0.379036
9.79	-0.372439
9.8	-0.365693
9.81	-0.358801
9.82	-0.351765
9.83	-0.344588
9.84	-0.337274
9.85	-0.329825
9.86	-0.322244
9.87	-0.314533
9.88	-0.306698
9.89	-0.298739
9.9	-0.290661
9.91	-0.282467
9.92	-0.274159
9.93	-0.265742
9.94	-0.257219
9.95	-0.248593
9.96	-0.239867
9.97	-0.231046
9.98	-0.222132
9.99	-0.213129
10	-0.204041
10.01	-0.194871
