# mu=0
# lamb=0
# N=12
# m=0
# dim=924
# T=50
# dt=0.01
0	1
0.01	0.9997
0.02	0.998801
0.03	0.997303
0.04	0.995211
0.05	0.992526
0.06	0.989253
0.07	0.985399
0.08	0.980968
0.09	0.975969
0.1	0.970409
0.11	0.964298
0.12	0.957645
0.13	0.950462
0.14	0.942759
0.15	0.934549
0.16	0.925846
0.17	0.916663
0.18	0.907015
0.19	0.896916
0.2	0.886384
0.21	0.875433
0.22	0.864082
0.23	0.852347
0.24	0.840246
0.25	0.827798
0.26	0.815022
0.27	0.801937
0.28	0.788561
0.29	0.774914
0.3	0.761017
0.31	0.746889
0.32	0.73255
0.33	0.71802
0.34	0.703319
0.35	0.688469
0.36	0.673487
0.37	0.658395
0.38	0.643212
0.39	0.627959
0.4	0.612653
0.41	0.597315
0.42	0.581963
0.43	0.566615
0.44	0.551291
0.45	0.536007
0.46	0.52078
0.47	0.505628
0.48	0.490567
0.49	0.475613
0.5	0.460781
0.51	0.446085
0.52	0.43154
0.53	0.41716
0.54	0.402956
0.55	0.388942
0.56	0.375129
0.57	0.361528
0.58	0.348149
0.59	0.335003
0.6	0.322097
0.61	0.30944
0.62	0.29704
0.63	0.284903
0.64	0.273037
0.65	0.261445
0.66	0.250134
0.67	0.239108
0.68	0.228369
0.69	0.217922
0.7	0.207768
0.71	0.197909
0.72	0.188346
0.73	0.17908
0.74	0.17011
0.75	0.161437
0.76	0.153058
0.77	0.144973
0.78	0.137179
0.79	0.129673
0.8	0.122453
0.81	0.115516
0.82	0.108856
0.83	0.102471
0.84	0.0963554
0.85	0.0905046
0.86	0.0849134
0.87	0.0795764
0.88	0.0744878
0.89	0.0696419
0.9	0.0650325
0.91	0.0606533
0.92	0.0564978
0.93	0.0525596
0.94	0.0488319
0.95	0.045308
0.96	0.041981
0.97	0.038844
0.98	0.0358902
0.99	0.0331127
1	0.0305046
1.01	0.0280589
1.02	0.0257689
1.03	0.0236279
1.04	0.0216291
1.05	0.0197659
1.06	0.018032
1.07	0.0164209
1.08	0.0149263
1.09	0.0135422
1.1	0.0122627
1.11	0.0110819
1.12	0.00999411
1.13	0.00899399
1.14	0.0080762
1.15	0.00723564
1.16	0.00646736
1.17	0.00576662
1.18	0.00512889
1.19	0.00454978
1.2	0.00402513
1.21	0.00355096
1.22	0.00312347
1.23	0.00273906
1.24	0.00239432
1.25	0.00208601
1.26	0.00181109
1.27	0.00156667
1.28	0.00135006
1.29	0.00115874
1.3	0.000990324
1.31	0.000842622
1.32	0.000713577
1.33	0.000601288
1.34	0.000503993
1.35	0.00042007
1.36	0.000348026
1.37	0.000286495
1.38	0.000234225
1.39	0.000190081
1.4	0.00015303
1.41	0.00012214
1.42	9.65738e-05
1.43	7.55789e-05
1.44	5.84854e-05
1.45	4.46985e-05
1.46	3.36934e-05
1.47	2.50092e-05
1.48	1.82437e-05
1.49	1.30487e-05
1.5	9.12449e-06
1.51	6.21553e-06
1.52	4.10577e-06
1.53	2.61451e-06
1.54	1.59241e-06
1.55	9.17724e-07
1.56	4.9285e-07
1.57	2.41064e-07
1.58	1.03554e-07
1.59	3.6674e-08
1.6	9.44456e-09
1.61	1.29456e-09
1.62	2.60742e-11
1.63	3.39217e-12
1.64	5.54043e-10
1.65	4.57266e-09
1.66	1.73174e-08
1.67	4.53875e-08
1.68	9.58716e-08
1.69	1.75653e-07
1.7	2.90861e-07
1.71	4.46456e-07
1.72	6.45937e-07
1.73	8.91151e-07
1.74	1.18221e-06
1.75	1.51748e-06
1.76	1.89363e-06
1.77	2.30581e-06
1.78	2.74776e-06
1.79	3.21205e-06
1.8	3.69036e-06
1.81	4.17365e-06
1.82	4.65252e-06
1.83	5.11742e-06
1.84	5.55897e-06
1.85	5.96815e-06
1.86	6.33658e-06
1.87	6.65671e-06
1.88	6.92203e-06
1.89	7.12719e-06
1.9	7.26815e-06
1.91	7.34225e-06
1.92	7.34828e-06
1.93	7.28645e-06
1.94	7.15843e-06
1.95	6.96723e-06
1.96	6.71716e-06
1.97	6.4137e-06
1.98	6.06334e-06
1.99	5.67341e-06
2	5.25191e-06
2.01	4.80729e-06
2.02	4.34824e-06
2.03	3.88347e-06
2.04	3.42148e-06
2.05	2.97035e-06
2.06	2.53754e-06
2.07	2.12969e-06
2.08	1.75244e-06
2.09	1.41034e-06
2.1	1.10665e-06
2.11	8.43335e-07
2.12	6.21017e-07
2.13	4.38963e-07
2.14	2.95166e-07
2.15	1.86446e-07
2.16	1.08625e-07
2.17	5.67489e-08
2.18	2.53732e-08
2.19	8.91062e-09
2.2	2.03951e-09
2.21	1.7475e-10
2.22	4.64601e-14
2.23	6.08456e-11
2.24	1.41579e-09
2.25	8.34443e-09
2.26	2.9108e-08
2.27	7.67598e-08
2.28	1.70001e-07
2.29	3.34074e-07
2.3	6.01697e-07
2.31	1.01402e-06
2.32	1.62161e-06
2.33	2.48543e-06
2.34	3.67788e-06
2.35	5.28378e-06
2.36	7.40135e-06
2.37	1.01432e-05
2.38	1.36374e-05
2.39	1.80281e-05
2.4	2.34768e-05
2.41	3.0163e-05
2.42	3.82847e-05
2.43	4.80598e-05
2.44	5.97258e-05
2.45	7.35414e-05
2.46	8.97859e-05
2.47	0.00010876
2.48	0.000130787
2.49	0.000156211
2.5	0.000185398
2.51	0.000218736
2.52	0.000256635
2.53	0.000299525
2.54	0.000347857
2.55	0.000402101
2.56	0.000462749
2.57	0.000530308
2.58	0.000605303
2.59	0.000688275
2.6	0.000779779
2.61	0.000880383
2.62	0.000990666
2.63	0.00111122
2.64	0.00124263
2.65	0.00138551
2.66	0.00154046
2.67	0.00170808
2.68	0.00188898
2.69	0.00208376
2.7	0.00229301
2.71	0.00251731
2.72	0.00275724
2.73	0.00301335
2.74	0.00328617
2.75	0.00357624
2.76	0.00388404
2.77	0.00421004
2.78	0.00455469
2.79	0.00491838
2.8	0.00530149
2.81	0.00570436
2.82	0.00612728
2.83	0.0065705
2.84	0.00703423
2.85	0.00751863
2.86	0.0080238
2.87	0.00854981
2.88	0.00909665
2.89	0.00966428
2.9	0.0102526
2.91	0.0108614
2.92	0.0114904
2.93	0.0121395
2.94	0.0128081
2.95	0.013496
2.96	0.0142025
2.97	0.0149273
2.98	0.0156696
2.99	0.0164288
3	0.0172041
3.01	0.0179948
3.02	0.0187999
3.03	0.0196187
3.04	0.02045
3.05	0.0212928
3.06	0.0221461
3.07	0.0230088
3.08	0.0238795
3.09	0.0247571
3.1	0.0256402
3.11	0.0265276
3.12	0.0274179
3.13	0.0283096
3.14	0.0292014
3.15	0.0300917
3.16	0.030979
3.17	0.0318619
3.18	0.0327388
3.19	0.0336082
3.2	0.0344685
3.21	0.0353182
3.22	0.0361557
3.23	0.0369795
3.24	0.037788
3.25	0.0385797
3.26	0.0393531
3.27	0.0401068
3.28	0.0408392
3.29	0.041549
3.3	0.0422347
3.31	0.042895
3.32	0.0435287
3.33	0.0441344
3.34	0.044711
3.35	0.0452574
3.36	0.0457723
3.37	0.0462549
3.38	0.0467041
3.39	0.0471191
3.4	0.0474991
3.41	0.0478432
3.42	0.0481509
3.43	0.0484215
3.44	0.0486545
3.45	0.0488496
3.46	0.0490062
3.47	0.0491243
3.48	0.0492035
3.49	0.0492438
3.5	0.0492452
3.51	0.0492077
3.52	0.0491315
3.53	0.0490168
3.54	0.0488639
3.55	0.0486732
3.56	0.0484452
3.57	0.0481804
3.58	0.0478794
3.59	0.047543
3.6	0.0471718
3.61	0.0467668
3.62	0.0463288
3.63	0.0458588
3.64	0.0453578
3.65	0.0448268
3.66	0.044267
3.67	0.0436796
3.68	0.0430657
3.69	0.0424267
3.7	0.0417638
3.71	0.0410784
3.72	0.0403717
3.73	0.0396452
3.74	0.0389004
3.75	0.0381385
3.76	0.0373611
3.77	0.0365695
3.78	0.0357653
3.79	0.0349498
3.8	0.0341246
3.81	0.033291
3.82	0.0324505
3.83	0.0316045
3.84	0.0307543
3.85	0.0299014
3.86	0.0290472
3.87	0.0281928
3.88	0.0273396
3.89	0.026489
3.9	0.025642
3.91	0.0247999
3.92	0.0239638
3.93	0.0231348
3.94	0.022314
3.95	0.0215024
3.96	0.0207009
3.97	0.0199104
3.98	0.0191318
3.99	0.018366
4	0.0176136
4.01	0.0168754
4.02	0.016152
4.03	0.015444
4.04	0.0147519
4.05	0.0140763
4.06	0.0134175
4.07	0.012776
4.08	0.0121521
4.09	0.011546
4.1	0.010958
4.11	0.0103882
4.12	0.00983687
4.13	0.00930398
4.14	0.0087896
4.15	0.00829371
4.16	0.00781627
4.17	0.0073572
4.18	0.00691635
4.19	0.00649358
4.2	0.00608867
4.21	0.00570139
4.22	0.00533149
4.23	0.00497867
4.24	0.00464261
4.25	0.00432296
4.26	0.00401937
4.27	0.00373145
4.28	0.00345879
4.29	0.00320096
4.3	0.00295755
4.31	0.00272809
4.32	0.00251214
4.33	0.00230923
4.34	0.00211888
4.35	0.00194061
4.36	0.00177396
4.37	0.00161843
4.38	0.00147356
4.39	0.00133885
4.4	0.00121383
4.41	0.00109804
4.42	0.000991002
4.43	0.000892267
4.44	0.000801383
4.45	0.00071791
4.46	0.000641418
4.47	0.000571487
4.48	0.000507711
4.49	0.000449695
4.5	0.000397056
4.51	0.000349428
4.52	0.000306454
4.53	0.000267796
4.54	0.000233127
4.55	0.000202136
4.56	0.000174528
4.57	0.000150021
4.58	0.000128348
4.59	0.000109258
4.6	9.25129e-05
4.61	7.78909e-05
4.62	6.51828e-05
4.63	5.4194e-05
4.64	4.4743e-05
4.65	3.66618e-05
4.66	2.97949e-05
4.67	2.39992e-05
4.68	1.91435e-05
4.69	1.51076e-05
4.7	1.17827e-05
4.71	9.06979e-06
4.72	6.87999e-06
4.73	5.13354e-06
4.74	3.7594e-06
4.75	2.69469e-06
4.76	1.88416e-06
4.77	1.27963e-06
4.78	8.39492e-07
4.79	5.28129e-07
4.8	3.15462e-07
4.81	1.76427e-07
4.82	9.04971e-08
4.83	4.12236e-08
4.84	1.57877e-08
4.85	4.57814e-09
4.86	7.88262e-10
4.87	3.47983e-11
4.88	2.16354e-14
4.89	9.6941e-11
4.9	1.15815e-09
4.91	5.14847e-09
4.92	1.49013e-08
4.93	3.38786e-08
4.94	6.59543e-08
4.95	1.1522e-07
4.96	1.85815e-07
4.97	2.81774e-07
4.98	4.06901e-07
4.99	5.64656e-07
5	7.5807e-07
5.01	9.89671e-07
5.02	1.26143e-06
5.03	1.57472e-06
5.04	1.93029e-06
5.05	2.32826e-06
5.06	2.76812e-06
5.07	3.24874e-06
5.08	3.76839e-06
5.09	4.32479e-06
5.1	4.91513e-06
5.11	5.5361e-06
5.12	6.18398e-06
5.13	6.85466e-06
5.14	7.54374e-06
5.15	8.24651e-06
5.16	8.95811e-06
5.17	9.67352e-06
5.18	1.03876e-05
5.19	1.10954e-05
5.2	1.17916e-05
5.21	1.24714e-05
5.22	1.31299e-05
5.23	1.37625e-05
5.24	1.43648e-05
5.25	1.49327e-05
5.26	1.54623e-05
5.27	1.59503e-05
5.28	1.63934e-05
5.29	1.67892e-05
5.3	1.71351e-05
5.31	1.74295e-05
5.32	1.76709e-05
5.33	1.78583e-05
5.34	1.7991e-05
5.35	1.80691e-05
5.36	1.80926e-05
5.37	1.80624e-05
5.38	1.79794e-05
5.39	1.78451e-05
5.4	1.76611e-05
5.41	1.74296e-05
5.42	1.71528e-05
5.43	1.68333e-05
5.44	1.6474e-05
5.45	1.60778e-05
5.46	1.56479e-05
5.47	1.51876e-05
5.48	1.47002e-05
5.49	1.41891e-05
5.5	1.3658e-05
5.51	1.31101e-05
5.52	1.2549e-05
5.53	1.1978e-05
5.54	1.14004e-05
5.55	1.08195e-05
5.56	1.02383e-05
5.57	9.65974e-06
5.58	9.0866e-06
5.59	8.52146e-06
5.6	7.96672e-06
5.61	7.42459e-06
5.62	6.89705e-06
5.63	6.38588e-06
5.64	5.89265e-06
5.65	5.4187e-06
5.66	4.96515e-06
5.67	4.53292e-06
5.68	4.1227e-06
5.69	3.73501e-06
5.7	3.37014e-06
5.71	3.02822e-06
5.72	2.70918e-06
5.73	2.41283e-06
5.74	2.13878e-06
5.75	1.88654e-06
5.76	1.65548e-06
5.77	1.44487e-06
5.78	1.25388e-06
5.79	1.0816e-06
5.8	9.27074e-07
5.81	7.89266e-07
5.82	6.67122e-07
5.83	5.59559e-07
5.84	4.65483e-07
5.85	3.83801e-07
5.86	3.13429e-07
5.87	2.53305e-07
5.88	2.02399e-07
5.89	1.59718e-07
5.9	1.24311e-07
5.91	9.52836e-08
5.92	7.17923e-08
5.93	5.30554e-08
5.94	3.83528e-08
5.95	2.70285e-08
5.96	1.8491e-08
5.97	1.22135e-08
5.98	7.73261e-09
5.99	4.64697e-09
6	2.61452e-09
6.01	1.34959e-09
6.02	6.19279e-10
6.03	2.39493e-10
6.04	7.05441e-11
6.05	1.25459e-11
6.06	6.17585e-13
6.07	5.90139e-17
6.08	1.16791e-12
6.09	1.50144e-11
6.1	6.81818e-11
6.11	1.98605e-10
6.12	4.51328e-10
6.13	8.74644e-10
6.14	1.51662e-09
6.15	2.42199e-09
6.16	3.62957e-09
6.17	5.17e-09
6.18	7.0641e-09
6.19	9.32158e-09
6.2	1.19403e-08
6.21	1.49058e-08
6.22	1.81918e-08
6.23	2.17602e-08
6.24	2.55621e-08
6.25	2.95395e-08
6.26	3.3626e-08
6.27	3.77491e-08
6.28	4.18319e-08
6.29	4.57951e-08
6.3	4.95592e-08
6.31	5.30465e-08
6.32	5.61835e-08
6.33	5.89023e-08
6.34	6.11431e-08
6.35	6.28554e-08
6.36	6.39995e-08
6.37	6.45477e-08
6.38	6.44855e-08
6.39	6.38112e-08
6.4	6.2537e-08
6.41	6.06883e-08
6.42	5.83033e-08
6.43	5.54321e-08
6.44	5.21353e-08
6.45	4.8483e-08
6.46	4.4552e-08
6.47	4.04246e-08
6.48	3.61861e-08
6.49	3.19223e-08
6.5	2.77168e-08
6.51	2.36492e-08
6.52	1.97921e-08
6.53	1.6209e-08
6.54	1.29525e-08
6.55	1.00623e-08
6.56	7.56402e-09
6.57	5.46834e-09
6.58	3.77081e-09
6.59	2.45215e-09
6.6	1.47941e-09
6.61	8.07826e-10
6.62	3.83593e-10
6.63	1.47537e-10
6.64	3.97284e-11
6.65	5.09272e-12
6.66	4.5014e-14
6.67	1.41902e-13
6.68	8.75914e-12
6.69	6.67734e-11
6.7	2.63216e-10
6.71	7.46849e-10
6.72	1.7386e-09
6.73	3.54476e-09
6.74	6.57091e-09
6.75	1.13363e-08
6.76	1.84889e-08
6.77	2.88203e-08
6.78	4.32812e-08
6.79	6.29968e-08
6.8	8.92817e-08
6.81	1.23654e-07
6.82	1.67851e-07
6.83	2.23839e-07
6.84	2.9383e-07
6.85	3.80288e-07
6.86	4.85941e-07
6.87	6.13788e-07
6.88	7.67102e-07
6.89	9.49439e-07
6.9	1.16463e-06
6.91	1.4168e-06
6.92	1.71032e-06
6.93	2.04986e-06
6.94	2.44032e-06
6.95	2.88686e-06
6.96	3.39486e-06
6.97	3.96989e-06
6.98	4.61774e-06
6.99	5.34431e-06
7	6.15564e-06
7.01	7.05787e-06
7.02	8.05716e-06
7.03	9.1597e-06
7.04	1.03716e-05
7.05	1.1699e-05
7.06	1.31478e-05
7.07	1.47238e-05
7.08	1.64323e-05
7.09	1.82787e-05
7.1	2.02677e-05
7.11	2.24038e-05
7.12	2.46909e-05
7.13	2.71324e-05
7.14	2.97312e-05
7.15	3.24893e-05
7.16	3.54082e-05
7.17	3.84885e-05
7.18	4.173e-05
7.19	4.51317e-05
7.2	4.86916e-05
7.21	5.24067e-05
7.22	5.62731e-05
7.23	6.02856e-05
7.24	6.44382e-05
7.25	6.87236e-05
7.26	7.31337e-05
7.27	7.76589e-05
7.28	8.22887e-05
7.29	8.70114e-05
7.3	9.18142e-05
7.31	9.66834e-05
7.32	0.000101604
7.33	0.00010656
7.34	0.000111535
7.35	0.000116511
7.36	0.000121469
7.37	0.000126391
7.38	0.000131256
7.39	0.000136044
7.4	0.000140734
7.41	0.000145305
7.42	0.000149736
7.43	0.000154004
7.44	0.000158089
7.45	0.000161969
7.46	0.000165623
7.47	0.00016903
7.48	0.000172172
7.49	0.000175028
7.5	0.000177581
7.51	0.000179814
7.52	0.000181709
7.53	0.000183254
7.54	0.000184435
7.55	0.00018524
7.56	0.000185661
7.57	0.000185688
7.58	0.000185316
7.59	0.000184542
7.6	0.000183363
7.61	0.000181781
7.62	0.000179797
7.63	0.000177419
7.64	0.000174651
7.65	0.000171506
7.66	0.000167995
7.67	0.000164131
7.68	0.000159933
7.69	0.000155419
7.7	0.000150609
7.71	0.000145527
7.72	0.000140198
7.73	0.000134648
7.74	0.000128904
7.75	0.000122997
7.76	0.000116956
7.77	0.000110814
7.78	0.000104601
7.79	9.835e-05
7.8	9.20942e-05
7.81	8.58656e-05
7.82	7.96962e-05
7.83	7.36174e-05
7.84	6.76596e-05
7.85	6.18518e-05
7.86	5.62217e-05
7.87	5.07951e-05
7.88	4.55955e-05
7.89	4.06444e-05
7.9	3.59605e-05
7.91	3.15599e-05
7.92	2.74556e-05
7.93	2.36574e-05
7.94	2.0172e-05
7.95	1.70026e-05
7.96	1.4149e-05
7.97	1.16076e-05
7.98	9.37145e-06
7.99	7.43014e-06
8	5.77023e-06
8.01	4.37529e-06
8.02	3.22616e-06
8.03	2.30137e-06
8.04	1.57744e-06
8.05	1.02945e-06
8.06	6.31498e-07
8.07	3.57393e-07
8.08	1.81314e-07
8.09	7.86136e-08
8.1	2.66694e-08
8.11	5.83373e-09
8.12	4.57998e-10
8.13	3.73492e-14
8.14	2.12796e-10
8.15	4.41227e-09
8.16	2.48233e-08
8.17	8.40009e-08
8.18	2.16324e-07
8.19	4.69558e-07
8.2	9.06485e-07
8.21	1.60659e-06
8.22	2.6678e-06
8.23	4.20829e-06
8.24	6.36831e-06
8.25	9.31206e-06
8.26	1.32296e-05
8.27	1.83387e-05
8.28	2.48869e-05
8.29	3.31534e-05
8.3	4.34508e-05
8.31	5.61275e-05
8.32	7.15689e-05
8.33	9.01998e-05
8.34	0.000112486
8.35	0.000138936
8.36	0.000170103
8.37	0.000206585
8.38	0.00024903
8.39	0.000298131
8.4	0.000354635
8.41	0.000419338
8.42	0.000493088
8.43	0.000576787
8.44	0.00067139
8.45	0.000777907
8.46	0.0008974
8.47	0.00103099
8.48	0.00117984
8.49	0.00134519
8.5	0.00152831
8.51	0.00173053
8.52	0.00195324
8.53	0.00219787
8.54	0.0024659
8.55	0.00275885
8.56	0.0030783
8.57	0.00342587
8.58	0.00380319
8.59	0.00421197
8.6	0.00465392
8.61	0.00513078
8.62	0.00564434
8.63	0.00619639
8.64	0.00678875
8.65	0.00742322
8.66	0.00810166
8.67	0.00882588
8.68	0.00959772
8.69	0.010419
8.7	0.0112915
8.71	0.0122171
8.72	0.0131974
8.73	0.0142342
8.74	0.0153292
8.75	0.016484
8.76	0.0177003
8.77	0.0189794
8.78	0.0203229
8.79	0.0217321
8.8	0.0232084
8.81	0.0247529
8.82	0.0263668
8.83	0.028051
8.84	0.0298064
8.85	0.0316339
8.86	0.0335341
8.87	0.0355075
8.88	0.0375545
8.89	0.0396753
8.9	0.0418701
8.91	0.0441388
8.92	0.0464812
8.93	0.0488969
8.94	0.0513854
8.95	0.0539459
8.96	0.0565776
8.97	0.0592794
8.98	0.0620501
8.99	0.0648881
9	0.067792
9.01	0.0707599
9.02	0.0737897
9.03	0.0768794
9.04	0.0800264
9.05	0.0832284
9.06	0.0864825
9.07	0.0897858
9.08	0.0931351
9.09	0.0965273
9.1	0.0999587
9.11	0.103426
9.12	0.106925
9.13	0.110452
9.14	0.114003
9.15	0.117573
9.16	0.121158
9.17	0.124755
9.18	0.128357
9.19	0.13196
9.2	0.135559
9.21	0.13915
9.22	0.142727
9.23	0.146286
9.24	0.14982
9.25	0.153325
9.26	0.156796
9.27	0.160226
9.28	0.163612
9.29	0.166947
9.3	0.170226
9.31	0.173444
9.32	0.176595
9.33	0.179675
9.34	0.182679
9.35	0.1856
9.36	0.188435
9.37	0.191178
9.38	0.193824
9.39	0.19637
9.4	0.19881
9.41	0.20114
9.42	0.203356
9.43	0.205454
9.44	0.20743
9.45	0.20928
9.46	0.211002
9.47	0.212591
9.48	0.214045
9.49	0.215362
9.5	0.216538
9.51	0.217571
9.52	0.21846
9.53	0.219202
9.54	0.219797
9.55	0.220242
9.56	0.220538
9.57	0.220683
9.58	0.220677
9.59	0.22052
9.6	0.220212
9.61	0.219754
9.62	0.219147
9.63	0.21839
9.64	0.217487
9.65	0.216438
9.66	0.215245
9.67	0.213911
9.68	0.212437
9.69	0.210827
9.7	0.209083
9.71	0.207209
9.72	0.205207
9.73	0.203081
9.74	0.200836
9.75	0.198474
9.76	0.196001
9.77	0.19342
9.78	0.190737
9.79	0.187955
9.8	0.18508
9.81	0.182116
9.82	0.179068
9.83	0.175943
9.84	0.172744
9.85	0.169478
9.86	0.166149
9.87	0.162763
9.88	0.159326
9.89	0.155842
9.9	0.152318
9.91	0.14876
9.92	0.145171
9.93	0.141559
9.94	0.137927
9.95	0.134283
9.96	0.13063
9.97	0.126974
9.98	0.12332
9.99	0.119674
10	0.116039
10.01	0.112421
10.02	0.108824
10.03	0.105253
10.04	0.101712
10.05	0.0982045
10.06	0.0947355
10.07	0.0913085
10.08	0.0879269
10.09	0.0845943
10.1	0.0813139
10.11	0.0780886
10.12	0.0749215
10.13	0.071815
10.14	0.0687717
10.15	0.0657938
10.16	0.0628833
10.17	0.0600421
10.18	0.0572718
10.19	0.0545739
10.2	0.0519495
10.21	0.0493997
10.22	0.0469253
10.23	0.044527
10.24	0.0422053
10.25	0.0399604
10.26	0.0377924
10.27	0.0357013
10.28	0.0336869
10.29	0.0317487
10.3	0.0298862
10.31	0.0280988
10.32	0.0263856
10.33	0.0247457
10.34	0.0231779
10.35	0.0216812
10.36	0.0202541
10.37	0.0188953
10.38	0.0176034
10.39	0.0163767
10.4	0.0152136
10.41	0.0141123
10.42	0.0130712
10.43	0.0120884
10.44	0.0111621
10.45	0.0102902
10.46	0.00947094
10.47	0.00870234
10.48	0.00798243
10.49	0.00730923
10.5	0.00668079
10.51	0.00609513
10.52	0.0055503
10.53	0.00504436
10.54	0.00457542
10.55	0.00414157
10.56	0.00374096
10.57	0.00337179
10.58	0.00303227
10.59	0.00272067
10.6	0.00243532
10.61	0.00217456
10.62	0.00193682
10.63	0.00172058
10.64	0.00152436
10.65	0.00134675
10.66	0.00118639
10.67	0.00104199
10.68	0.000912326
10.69	0.000796213
10.7	0.000692543
10.71	0.000600265
10.72	0.000518385
10.73	0.000445971
10.74	0.000382148
10.75	0.000326097
10.76	0.000277055
10.77	0.000234313
10.78	0.000197213
10.79	0.000165148
10.8	0.00013756
10.81	0.000113935
10.82	9.38054e-05
10.83	7.67438e-05
10.84	6.23634e-05
10.85	5.03146e-05
10.86	4.02829e-05
10.87	3.19867e-05
10.88	2.5175e-05
10.89	1.96254e-05
10.9	1.51415e-05
10.91	1.15511e-05
10.92	8.70434e-06
10.93	6.47107e-06
10.94	4.7395e-06
10.95	3.41415e-06
10.96	2.41416e-06
10.97	1.67166e-06
10.98	1.13022e-06
10.99	7.43441e-07
11	4.73606e-07
11.01	2.90488e-07
11.02	1.70221e-07
11.03	9.42958e-08
11.04	4.86512e-08
11.05	2.28682e-08
11.06	9.45808e-09
11.07	3.24235e-09
11.08	8.19985e-10
11.09	1.15518e-10
11.1	3.11538e-12
11.11	6.12119e-14
11.12	2.33639e-11
11.13	2.0287e-10
11.14	7.44181e-10
11.15	1.83465e-09
11.16	3.58581e-09
11.17	6.00575e-09
11.18	8.99515e-09
11.19	1.2361e-08
11.2	1.58426e-08
11.21	1.91443e-08
11.22	2.19713e-08
11.23	2.40632e-08
11.24	2.52234e-08
11.25	2.53406e-08
11.26	2.44012e-08
11.27	2.24916e-08
11.28	1.97887e-08
11.29	1.65418e-08
11.3	1.30449e-08
11.31	9.60294e-09
11.32	6.49448e-09
11.33	3.93606e-09
11.34	2.05163e-09
11.35	8.53724e-10
11.36	2.42613e-10
11.37	3.07065e-11
11.38	1.55225e-13
11.39	2.30431e-12
11.4	1.08168e-10
11.41	8.19657e-10
11.42	3.35171e-09
11.43	9.99581e-09
11.44	2.45758e-08
11.45	5.30065e-08
11.46	1.03967e-07
11.47	1.897e-07
11.48	3.26942e-07
11.49	5.38009e-07
11.5	8.52034e-07
11.51	1.30637e-06
11.52	1.94815e-06
11.53	2.83612e-06
11.54	4.04249e-06
11.55	5.6552e-06
11.56	7.78018e-06
11.57	1.0544e-05
11.58	1.40966e-05
11.59	1.86144e-05
11.6	2.43032e-05
11.61	3.14021e-05
11.62	4.01867e-05
11.63	5.09731e-05
11.64	6.41222e-05
11.65	8.00433e-05
11.66	9.91993e-05
11.67	0.000122111
11.68	0.000149361
11.69	0.000181601
11.7	0.000219554
11.71	0.000264021
11.72	0.000315886
11.73	0.000376122
11.74	0.000445794
11.75	0.000526068
11.76	0.000618213
11.77	0.000723608
11.78	0.000843748
11.79	0.000980246
11.8	0.00113484
11.81	0.00130941
11.82	0.00150595
11.83	0.0017266
11.84	0.00197366
11.85	0.00224956
11.86	0.00255688
11.87	0.00289836
11.88	0.0032769
11.89	0.00369555
11.9	0.00415752
11.91	0.00466621
11.92	0.00522513
11.93	0.00583801
11.94	0.00650869
11.95	0.00724121
11.96	0.00803975
11.97	0.00890865
11.98	0.00985241
11.99	0.0108757
12	0.0119832
12.01	0.01318
12.02	0.014471
12.03	0.0158615
12.04	0.0173567
12.05	0.0189621
12.06	0.0206831
12.07	0.0225254
12.08	0.0244947
12.09	0.0265966
12.1	0.0288369
12.11	0.0312215
12.12	0.0337562
12.13	0.0364468
12.14	0.0392992
12.15	0.0423192
12.16	0.0455125
12.17	0.0488849
12.18	0.052442
12.19	0.0561893
12.2	0.0601321
12.21	0.0642759
12.22	0.0686256
12.23	0.0731862
12.24	0.0779624
12.25	0.0829588
12.26	0.0881795
12.27	0.0936285
12.28	0.0993097
12.29	0.105226
12.3	0.111381
12.31	0.117778
12.32	0.124418
12.33	0.131303
12.34	0.138436
12.35	0.145816
12.36	0.153446
12.37	0.161325
12.38	0.169453
12.39	0.177828
12.4	0.186451
12.41	0.195319
12.42	0.204429
12.43	0.21378
12.44	0.223367
12.45	0.233186
12.46	0.243233
12.47	0.253503
12.48	0.263991
12.49	0.274689
12.5	0.285591
12.51	0.29669
12.52	0.307977
12.53	0.319444
12.54	0.331082
12.55	0.34288
12.56	0.35483
12.57	0.366919
12.58	0.379136
12.59	0.39147
12.6	0.403908
12.61	0.416438
12.62	0.429045
12.63	0.441716
12.64	0.454437
12.65	0.467194
12.66	0.479971
12.67	0.492752
12.68	0.505523
12.69	0.518267
12.7	0.530969
12.71	0.543611
12.72	0.556177
12.73	0.56865
12.74	0.581014
12.75	0.593252
12.76	0.605345
12.77	0.617278
12.78	0.629034
12.79	0.640594
12.8	0.651943
12.81	0.663064
12.82	0.67394
12.83	0.684555
12.84	0.694892
12.85	0.704937
12.86	0.714672
12.87	0.724084
12.88	0.733158
12.89	0.741879
12.9	0.750233
12.91	0.758208
12.92	0.76579
12.93	0.772967
12.94	0.779728
12.95	0.786061
12.96	0.791956
12.97	0.797404
12.98	0.802396
12.99	0.806923
13	0.810978
13.01	0.814555
13.02	0.817646
13.03	0.820248
13.04	0.822355
13.05	0.823965
13.06	0.825074
13.07	0.825682
13.08	0.825786
13.09	0.825386
13.1	0.824484
13.11	0.823081
13.12	0.821179
13.13	0.818781
13.14	0.815891
13.15	0.812515
13.16	0.808658
13.17	0.804326
13.18	0.799526
13.19	0.794267
13.2	0.788557
13.21	0.782405
13.22	0.775822
13.23	0.768817
13.24	0.761404
13.25	0.753592
13.26	0.745396
13.27	0.736828
13.28	0.727901
13.29	0.71863
13.3	0.70903
13.31	0.699114
13.32	0.688899
13.33	0.6784
13.34	0.667633
13.35	0.656614
13.36	0.64536
13.37	0.633887
13.38	0.622212
13.39	0.610352
13.4	0.598324
13.41	0.586144
13.42	0.573831
13.43	0.5614
13.44	0.548869
13.45	0.536254
13.46	0.523572
13.47	0.51084
13.48	0.498073
13.49	0.485288
13.5	0.472501
13.51	0.459727
13.52	0.44698
13.53	0.434276
13.54	0.42163
13.55	0.409054
13.56	0.396563
13.57	0.38417
13.58	0.371886
13.59	0.359725
13.6	0.347698
13.61	0.335816
13.62	0.32409
13.63	0.312529
13.64	0.301143
13.65	0.289942
13.66	0.278932
13.67	0.268122
13.68	0.25752
13.69	0.247131
13.7	0.236962
13.71	0.227019
13.72	0.217305
13.73	0.207826
13.74	0.198585
13.75	0.189586
13.76	0.18083
13.77	0.172321
13.78	0.164059
13.79	0.156046
13.8	0.148282
13.81	0.140768
13.82	0.133503
13.83	0.126486
13.84	0.119716
13.85	0.113192
13.86	0.10691
13.87	0.10087
13.88	0.0950672
13.89	0.0894993
13.9	0.0841627
13.91	0.0790536
13.92	0.0741679
13.93	0.0695014
13.94	0.0650495
13.95	0.0608073
13.96	0.05677
13.97	0.0529324
13.98	0.0492891
13.99	0.0458348
14	0.0425638
14.01	0.0394705
14.02	0.0365492
14.03	0.0337941
14.04	0.0311993
14.05	0.028759
14.06	0.0264673
14.07	0.0243184
14.08	0.0223064
14.09	0.0204254
14.1	0.0186698
14.11	0.0170338
14.12	0.0155119
14.13	0.0140984
14.14	0.012788
14.15	0.0115754
14.16	0.0104552
14.17	0.00942255
14.18	0.00847235
14.19	0.00759982
14.2	0.0068003
14.21	0.00606927
14.22	0.00540235
14.23	0.00479534
14.24	0.0042442
14.25	0.00374503
14.26	0.00329412
14.27	0.00288791
14.28	0.002523
14.29	0.00219616
14.3	0.00190434
14.31	0.00164463
14.32	0.00141428
14.33	0.00121071
14.34	0.00103149
14.35	0.000874346
14.36	0.000737136
14.37	0.000617874
14.38	0.000514711
14.39	0.000425932
14.4	0.000349951
14.41	0.000285308
14.42	0.00023066
14.43	0.000184782
14.44	0.000146555
14.45	0.000114964
14.46	8.90923e-05
14.47	6.8115e-05
14.48	5.1294e-05
14.49	3.79726e-05
14.5	2.75697e-05
14.51	1.95748e-05
14.52	1.35424e-05
14.53	9.08748e-06
14.54	5.87964e-06
14.55	3.63899e-06
14.56	2.13115e-06
14.57	1.16285e-06
14.58	5.77625e-07
14.59	2.51721e-07
14.6	9.02235e-08
14.61	2.33825e-08
14.62	3.17012e-09
14.63	5.6806e-11
14.64	1.32564e-11
14.65	1.73736e-09
14.66	1.41055e-08
14.67	5.38456e-08
14.68	1.4343e-07
14.69	3.0918e-07
14.7	5.79582e-07
14.71	9.83808e-07
14.72	1.55042e-06
14.73	2.30629e-06
14.74	3.27564e-06
14.75	4.47934e-06
14.76	5.93427e-06
14.77	7.65292e-06
14.78	9.64303e-06
14.79	1.19075e-05
14.8	1.44442e-05
14.81	1.72461e-05
14.82	2.03016e-05
14.83	2.35942e-05
14.84	2.71036e-05
14.85	3.08052e-05
14.86	3.46712e-05
14.87	3.86707e-05
14.88	4.27704e-05
14.89	4.69347e-05
14.9	5.1127e-05
14.91	5.53092e-05
14.92	5.94431e-05
14.93	6.34906e-05
14.94	6.74141e-05
14.95	7.1177e-05
14.96	7.47445e-05
14.97	7.80836e-05
14.98	8.11635e-05
14.99	8.39563e-05
15	8.6437e-05
15.01	8.85839e-05
15.02	9.03786e-05
15.03	9.18066e-05
15.04	9.28569e-05
15.05	9.35223e-05
15.06	9.37995e-05
15.07	9.36892e-05
15.08	9.31954e-05
15.09	9.23261e-05
15.1	9.10926e-05
15.11	8.95095e-05
15.12	8.75945e-05
15.13	8.53679e-05
15.14	8.28529e-05
15.15	8.00746e-05
15.16	7.70601e-05
15.17	7.38381e-05
15.18	7.04385e-05
15.19	6.6892e-05
15.2	6.32298e-05
15.21	5.94834e-05
15.22	5.56838e-05
15.23	5.18618e-05
15.24	4.8047e-05
15.25	4.4268e-05
15.26	4.05519e-05
15.27	3.69241e-05
15.28	3.34078e-05
15.29	3.00243e-05
15.3	2.67922e-05
15.31	2.37278e-05
15.32	2.08447e-05
15.33	1.81537e-05
15.34	1.56628e-05
15.35	1.33773e-05
15.36	1.12997e-05
15.37	9.42994e-06
15.38	7.7651e-06
15.39	6.30002e-06
15.4	5.02717e-06
15.41	3.93699e-06
15.42	3.01803e-06
15.43	2.2573e-06
15.44	1.64049e-06
15.45	1.15234e-06
15.46	7.76925e-07
15.47	4.98044e-07
15.48	2.99567e-07
15.49	1.65817e-07
15.5	8.19636e-08
15.51	3.44037e-08
15.52	1.11596e-08
15.53	2.26485e-09
15.54	1.47069e-10
15.55	9.61198e-19
15.56	1.42163e-10
15.57	2.35845e-09
15.58	1.22214e-08
15.59	3.93888e-08
15.6	9.78748e-08
15.61	2.06292e-07
15.62	3.88059e-07
15.63	6.71579e-07
15.64	1.09037e-06
15.65	1.68319e-06
15.66	2.49404e-06
15.67	3.57225e-06
15.68	4.97241e-06
15.69	6.75432e-06
15.7	8.98284e-06
15.71	1.17278e-05
15.72	1.50638e-05
15.73	1.90697e-05
15.74	2.3829e-05
15.75	2.94286e-05
15.76	3.59591e-05
15.77	4.35144e-05
15.78	5.21907e-05
15.79	6.20867e-05
15.8	7.33024e-05
15.81	8.59394e-05
15.82	0.000100099
15.83	0.000115884
15.84	0.000133396
15.85	0.000152734
15.86	0.000173996
15.87	0.000197278
15.88	0.000222673
15.89	0.00025027
15.9	0.000280153
15.91	0.0003124
15.92	0.000347086
15.93	0.000384278
15.94	0.000424035
15.95	0.000466412
15.96	0.000511453
15.97	0.000559194
15.98	0.000609664
15.99	0.000662879
16	0.000718848
16.01	0.00077757
16.02	0.000839032
16.03	0.000903212
16.04	0.000970075
16.05	0.00103958
16.06	0.00111166
16.07	0.00118626
16.08	0.00126329
16.09	0.00134267
16.1	0.0014243
16.11	0.00150806
16.12	0.00159384
16.13	0.00168149
16.14	0.00177088
16.15	0.00186185
16.16	0.00195424
16.17	0.00204789
16.18	0.0021426
16.19	0.00223821
16.2	0.00233451
16.21	0.0024313
16.22	0.00252838
16.23	0.00262554
16.24	0.00272256
16.25	0.00281922
16.26	0.00291531
16.27	0.00301061
16.28	0.00310488
16.29	0.0031979
16.3	0.00328946
16.31	0.00337933
16.32	0.00346728
16.33	0.00355312
16.34	0.00363661
16.35	0.00371756
16.36	0.00379577
16.37	0.00387103
16.38	0.00394316
16.39	0.00401198
16.4	0.00407732
16.41	0.00413901
16.42	0.0041969
16.43	0.00425085
16.44	0.00430073
16.45	0.00434641
16.46	0.00438778
16.47	0.00442476
16.48	0.00445725
16.49	0.00448517
16.5	0.00450848
16.51	0.00452713
16.52	0.00454108
16.53	0.00455031
16.54	0.00455481
16.55	0.00455459
16.56	0.00454968
16.57	0.00454009
16.58	0.00452589
16.59	0.00450711
16.6	0.00448384
16.61	0.00445615
16.62	0.00442414
16.63	0.0043879
16.64	0.00434755
16.65	0.00430322
16.66	0.00425504
16.67	0.00420314
16.68	0.00414768
16.69	0.00408881
16.7	0.00402671
16.71	0.00396153
16.72	0.00389345
16.73	0.00382266
16.74	0.00374933
16.75	0.00367366
16.76	0.00359584
16.77	0.00351606
16.78	0.00343451
16.79	0.00335139
16.8	0.00326689
16.81	0.00318121
16.82	0.00309453
16.83	0.00300706
16.84	0.00291898
16.85	0.00283047
16.86	0.00274171
16.87	0.00265289
16.88	0.00256417
16.89	0.00247572
16.9	0.00238771
16.91	0.00230028
16.92	0.00221359
16.93	0.00212778
16.94	0.00204299
16.95	0.00195934
16.96	0.00187695
16.97	0.00179594
16.98	0.00171641
16.99	0.00163847
17	0.00156219
17.01	0.00148766
17.02	0.00141496
17.03	0.00134415
17.04	0.00127528
17.05	0.00120841
17.06	0.00114359
17.07	0.00108083
17.08	0.00102017
17.09	0.000961638
17.1	0.000905236
17.11	0.000850973
17.12	0.00079885
17.13	0.00074886
17.14	0.000700991
17.15	0.000655225
17.16	0.00061154
17.17	0.000569906
17.18	0.000530293
17.19	0.000492663
17.2	0.000456976
17.21	0.000423187
17.22	0.00039125
17.23	0.000361114
17.24	0.000332728
17.25	0.000306035
17.26	0.00028098
17.27	0.000257504
17.28	0.000235548
17.29	0.000215052
17.3	0.000195955
17.31	0.000178195
17.32	0.000161712
17.33	0.000146445
17.34	0.000132332
17.35	0.000119313
17.36	0.00010733
17.37	9.63238e-05
17.38	8.62376e-05
17.39	7.70156e-05
17.4	6.86035e-05
17.41	6.09489e-05
17.42	5.40006e-05
17.43	4.77097e-05
17.44	4.20288e-05
17.45	3.69127e-05
17.46	3.23181e-05
17.47	2.82037e-05
17.48	2.45304e-05
17.49	2.12608e-05
17.5	1.836e-05
17.51	1.57949e-05
17.52	1.35344e-05
17.53	1.15495e-05
17.54	9.81309e-06
17.55	8.29999e-06
17.56	6.98683e-06
17.57	5.85205e-06
17.58	4.87579e-06
17.59	4.03984e-06
17.6	3.32756e-06
17.61	2.72382e-06
17.62	2.21489e-06
17.63	1.78839e-06
17.64	1.43317e-06
17.65	1.13927e-06
17.66	8.97817e-07
17.67	7.0095e-07
17.68	5.41737e-07
17.69	4.14106e-07
17.7	3.12763e-07
17.71	2.33126e-07
17.72	1.71256e-07
17.73	1.23788e-07
17.74	8.78732e-08
17.75	6.11188e-08
17.76	4.15346e-08
17.77	2.74817e-08
17.78	1.76264e-08
17.79	1.08971e-08
17.8	6.44521e-09
17.81	3.61028e-09
17.82	1.88809e-09
17.83	9.02696e-10
17.84	3.81766e-10
17.85	1.35044e-10
17.86	3.58847e-11
17.87	5.57008e-12
17.88	2.07988e-13
17.89	3.33589e-16
17.9	6.41653e-13
17.91	6.62186e-12
17.92	2.62034e-11
17.93	6.78474e-11
17.94	1.37871e-10
17.95	2.39125e-10
17.96	3.70493e-10
17.97	5.27025e-10
17.98	7.00541e-10
17.99	8.80531e-10
18	1.05524e-09
18.01	1.21279e-09
18.02	1.34226e-09
18.03	1.43463e-09
18.04	1.48348e-09
18.05	1.48558e-09
18.06	1.44101e-09
18.07	1.35319e-09
18.08	1.22854e-09
18.09	1.07592e-09
18.1	9.05874e-10
18.11	7.29733e-10
18.12	5.58618e-10
18.13	4.02455e-10
18.14	2.69063e-10
18.15	1.6341e-10
18.16	8.71425e-11
18.17	3.8472e-11
18.18	1.25299e-11
18.19	2.27894e-12
18.2	8.05916e-14
18.21	1.78455e-15
18.22	9.44156e-13
18.23	1.06654e-11
18.24	5.07534e-11
18.25	1.626e-10
18.26	4.1441e-10
18.27	9.09258e-10
18.28	1.79421e-09
18.29	3.27046e-09
18.3	5.60452e-09
18.31	9.1403e-09
18.32	1.43122e-08
18.33	2.16587e-08
18.34	3.18371e-08
18.35	4.56386e-08
18.36	6.40035e-08
18.37	8.80373e-08
18.38	1.19026e-07
18.39	1.58454e-07
18.4	2.08016e-07
18.41	2.69634e-07
18.42	3.45474e-07
18.43	4.37955e-07
18.44	5.49763e-07
18.45	6.83865e-07
18.46	8.43512e-07
18.47	1.03225e-06
18.48	1.25394e-06
18.49	1.51272e-06
18.5	1.81305e-06
18.51	2.1597e-06
18.52	2.55771e-06
18.53	3.01244e-06
18.54	3.52952e-06
18.55	4.11483e-06
18.56	4.77453e-06
18.57	5.51497e-06
18.58	6.34274e-06
18.59	7.26458e-06
18.6	8.28739e-06
18.61	9.41818e-06
18.62	1.0664e-05
18.63	1.20321e-05
18.64	1.35294e-05
18.65	1.5163e-05
18.66	1.69399e-05
18.67	1.88669e-05
18.68	2.09506e-05
18.69	2.31972e-05
18.7	2.56129e-05
18.71	2.82031e-05
18.72	3.09732e-05
18.73	3.39278e-05
18.74	3.7071e-05
18.75	4.04065e-05
18.76	4.39371e-05
18.77	4.7665e-05
18.78	5.15915e-05
18.79	5.57174e-05
18.8	6.00422e-05
18.81	6.45648e-05
18.82	6.9283e-05
18.83	7.41937e-05
18.84	7.92928e-05
18.85	8.4575e-05
18.86	9.00342e-05
18.87	9.56629e-05
18.88	0.000101453
18.89	0.000107394
18.9	0.000113477
18.91	0.000119688
18.92	0.000126017
18.93	0.000132448
18.94	0.000138967
18.95	0.000145559
18.96	0.000152206
18.97	0.000158891
18.98	0.000165596
18.99	0.000172302
19	0.000178989
19.01	0.000185637
19.02	0.000192225
19.03	0.000198731
19.04	0.000205135
19.05	0.000211414
19.06	0.000217547
19.07	0.000223512
19.08	0.000229287
19.09	0.00023485
19.1	0.000240181
19.11	0.000245259
19.12	0.000250063
19.13	0.000254574
19.14	0.000258774
19.15	0.000262644
19.16	0.000266167
19.17	0.000269329
19.18	0.000272114
19.19	0.00027451
19.2	0.000276503
19.21	0.000278085
19.22	0.000279247
19.23	0.00027998
19.24	0.00028028
19.25	0.000280143
19.26	0.000279566
19.27	0.000278549
19.28	0.000277094
19.29	0.000275204
19.3	0.000272884
19.31	0.000270142
19.32	0.000266985
19.33	0.000263424
19.34	0.000259471
19.35	0.00025514
19.36	0.000250447
19.37	0.000245407
19.38	0.00024004
19.39	0.000234365
19.4	0.000228403
19.41	0.000222175
19.42	0.000215705
19.43	0.000209017
19.44	0.000202135
19.45	0.000195083
19.46	0.000187889
19.47	0.000180578
19.48	0.000173176
19.49	0.000165709
19.5	0.000158204
19.51	0.000150686
19.52	0.000143181
19.53	0.000135715
19.54	0.00012831
19.55	0.000120992
19.56	0.000113781
19.57	0.000106701
19.58	9.97718e-05
19.59	9.30119e-05
19.6	8.64394e-05
19.61	8.00707e-05
19.62	7.39206e-05
19.63	6.80023e-05
19.64	6.23275e-05
19.65	5.69061e-05
19.66	5.17462e-05
19.67	4.68543e-05
19.68	4.22352e-05
19.69	3.78918e-05
19.7	3.38255e-05
19.71	3.00357e-05
19.72	2.65206e-05
19.73	2.32766e-05
19.74	2.02985e-05
19.75	1.75798e-05
19.76	1.51127e-05
19.77	1.28881e-05
19.78	1.08959e-05
19.79	9.12484e-06
19.8	7.56292e-06
19.81	6.19735e-06
19.82	5.01475e-06
19.83	4.00129e-06
19.84	3.14283e-06
19.85	2.42507e-06
19.86	1.83371e-06
19.87	1.35459e-06
19.88	9.73819e-07
19.89	6.77963e-07
19.9	4.54143e-07
19.91	2.90192e-07
19.92	1.74775e-07
19.93	9.75119e-08
19.94	4.90892e-08
19.95	2.13597e-08
19.96	7.43372e-09
19.97	1.7576e-09
19.98	1.7923e-10
19.99	4.95478e-13
20	1.54792e-11
20.01	5.34035e-10
20.02	3.39033e-09
20.03	1.1936e-08
20.04	3.10179e-08
20.05	6.694e-08
20.06	1.2741e-07
20.07	2.21471e-07
20.08	3.59417e-07
20.09	5.52695e-07
20.1	8.13795e-07
20.11	1.15612e-06
20.12	1.59385e-06
20.13	2.14181e-06
20.14	2.81527e-06
20.15	3.62983e-06
20.16	4.60119e-06
20.17	5.74503e-06
20.18	7.07675e-06
20.19	8.61136e-06
20.2	1.03632e-05
20.21	1.23459e-05
20.22	1.45719e-05
20.23	1.70526e-05
20.24	1.97981e-05
20.25	2.28168e-05
20.26	2.61154e-05
20.27	2.96988e-05
20.28	3.35699e-05
20.29	3.77295e-05
20.3	4.21761e-05
20.31	4.69058e-05
20.32	5.19124e-05
20.33	5.71873e-05
20.34	6.27191e-05
20.35	6.84942e-05
20.36	7.44961e-05
20.37	8.07062e-05
20.38	8.71031e-05
20.39	9.36633e-05
20.4	0.000100361
20.41	0.000107168
20.42	0.000114054
20.43	0.000120987
20.44	0.000127934
20.45	0.00013486
20.46	0.000141728
20.47	0.000148501
20.48	0.000155141
20.49	0.00016161
20.5	0.000167869
20.51	0.000173879
20.52	0.000179603
20.53	0.000185002
20.54	0.000190042
20.55	0.000194686
20.56	0.000198902
20.57	0.000202659
20.58	0.000205927
20.59	0.00020868
20.6	0.000210896
20.61	0.000212553
20.62	0.000213634
20.63	0.000214127
20.64	0.000214021
20.65	0.000213311
20.66	0.000211995
20.67	0.000210076
20.68	0.00020756
20.69	0.000204459
20.7	0.000200787
20.71	0.000196564
20.72	0.000191814
20.73	0.000186564
20.74	0.000180845
20.75	0.000174693
20.76	0.000168145
20.77	0.000161243
20.78	0.000154032
20.79	0.000146557
20.8	0.000138867
20.81	0.000131012
20.82	0.000123043
20.83	0.000115012
20.84	0.000106971
20.85	9.89716e-05
20.86	9.10637e-05
20.87	8.32967e-05
20.88	7.57177e-05
20.89	6.83713e-05
20.9	6.1299e-05
20.91	5.4539e-05
20.92	4.81252e-05
20.93	4.20874e-05
20.94	3.64504e-05
20.95	3.1234e-05
20.96	2.64524e-05
20.97	2.21145e-05
20.98	1.82231e-05
20.99	1.47752e-05
21	1.17623e-05
21.01	9.17005e-06
21.02	6.97864e-06
21.03	5.1633e-06
21.04	3.69469e-06
21.05	2.53946e-06
21.06	1.66109e-06
21.07	1.02071e-06
21.08	5.78158e-07
21.09	2.93183e-07
21.1	1.26781e-07
21.11	4.2714e-08
21.12	9.18427e-09
21.13	6.82047e-10
21.14	1.32769e-14
21.15	4.18352e-10
21.16	8.0594e-09
21.17	4.44105e-08
21.18	1.49012e-07
21.19	3.8231e-07
21.2	8.28662e-07
21.21	1.5995e-06
21.22	2.83663e-06
21.23	4.71568e-06
21.24	7.44967e-06
21.25	1.12927e-05
21.26	1.65437e-05
21.27	2.35505e-05
21.28	3.27134e-05
21.29	4.44895e-05
21.3	5.9397e-05
21.31	7.80187e-05
21.32	0.000101007
21.33	0.000129086
21.34	0.000163058
21.35	0.000203807
21.36	0.000252303
21.37	0.000309601
21.38	0.000376854
21.39	0.000455307
21.4	0.000546308
21.41	0.000651307
21.42	0.000771859
21.43	0.00090963
21.44	0.0010664
21.45	0.00124404
21.46	0.00144458
21.47	0.00167013
21.48	0.00192294
21.49	0.00220535
21.5	0.00251986
21.51	0.00286906
21.52	0.00325566
21.53	0.00368251
21.54	0.00415256
21.55	0.00466886
21.56	0.00523461
21.57	0.00585309
21.58	0.00652768
21.59	0.00726189
21.6	0.0080593
21.61	0.0089236
21.62	0.00985856
21.63	0.010868
21.64	0.0119559
21.65	0.0131261
21.66	0.0143828
21.67	0.01573
21.68	0.0171719
21.69	0.0187125
21.7	0.020356
21.71	0.0221067
21.72	0.0239686
21.73	0.025946
21.74	0.0280429
21.75	0.0302634
21.76	0.0326116
21.77	0.0350913
21.78	0.0377065
21.79	0.0404608
21.8	0.043358
21.81	0.0464016
21.82	0.049595
21.83	0.0529413
21.84	0.0564437
21.85	0.060105
21.86	0.0639278
21.87	0.0679146
21.88	0.0720677
21.89	0.076389
21.9	0.0808802
21.91	0.0855427
21.92	0.0903777
21.93	0.095386
21.94	0.100568
21.95	0.105924
21.96	0.111455
21.97	0.117158
21.98	0.123034
21.99	0.129082
22	0.135299
22.01	0.141684
22.02	0.148235
22.03	0.154948
22.04	0.161821
22.05	0.168849
22.06	0.17603
22.07	0.183358
22.08	0.190829
22.09	0.198437
22.1	0.206177
22.11	0.214043
22.12	0.222028
22.13	0.230125
22.14	0.238328
22.15	0.246628
22.16	0.255018
22.17	0.263489
22.18	0.272032
22.19	0.280639
22.2	0.2893
22.21	0.298004
22.22	0.306743
22.23	0.315506
22.24	0.324282
22.25	0.33306
22.26	0.34183
22.27	0.35058
22.28	0.359299
22.29	0.367975
22.3	0.376596
22.31	0.385151
22.32	0.393627
22.33	0.402013
22.34	0.410297
22.35	0.418466
22.36	0.426508
22.37	0.434413
22.38	0.442167
22.39	0.449759
22.4	0.457177
22.41	0.464411
22.42	0.471447
22.43	0.478276
22.44	0.484887
22.45	0.491268
22.46	0.49741
22.47	0.503303
22.48	0.508936
22.49	0.514301
22.5	0.519389
22.51	0.524191
22.52	0.5287
22.53	0.532907
22.54	0.536805
22.55	0.540389
22.56	0.543651
22.57	0.546586
22.58	0.549189
22.59	0.551456
22.6	0.553383
22.61	0.554966
22.62	0.556202
22.63	0.55709
22.64	0.557627
22.65	0.557813
22.66	0.557648
22.67	0.557131
22.68	0.556264
22.69	0.555047
22.7	0.553484
22.71	0.551576
22.72	0.549327
22.73	0.546741
22.74	0.543822
22.75	0.540575
22.76	0.537005
22.77	0.533119
22.78	0.528923
22.79	0.524424
22.8	0.51963
22.81	0.514548
22.82	0.509188
22.83	0.503558
22.84	0.497667
22.85	0.491524
22.86	0.485141
22.87	0.478527
22.88	0.471693
22.89	0.46465
22.9	0.457408
22.91	0.44998
22.92	0.442377
22.93	0.43461
22.94	0.426692
22.95	0.418635
22.96	0.41045
22.97	0.40215
22.98	0.393746
22.99	0.385252
23	0.376678
23.01	0.368038
23.02	0.359343
23.03	0.350605
23.04	0.341835
23.05	0.333046
23.06	0.324249
23.07	0.315454
23.08	0.306674
23.09	0.297918
23.1	0.289197
23.11	0.280521
23.12	0.2719
23.13	0.263344
23.14	0.254861
23.15	0.246461
23.16	0.238152
23.17	0.229943
23.18	0.22184
23.19	0.213851
23.2	0.205984
23.21	0.198244
23.22	0.190637
23.23	0.18317
23.24	0.175848
23.25	0.168675
23.26	0.161656
23.27	0.154794
23.28	0.148094
23.29	0.141558
23.3	0.13519
23.31	0.12899
23.32	0.122962
23.33	0.117107
23.34	0.111426
23.35	0.105919
23.36	0.100588
23.37	0.095431
23.38	0.0904492
23.39	0.0856413
23.4	0.0810066
23.41	0.0765436
23.42	0.0722508
23.43	0.0681264
23.44	0.0641681
23.45	0.0603738
23.46	0.0567407
23.47	0.0532662
23.48	0.049947
23.49	0.0467802
23.5	0.0437623
23.51	0.0408898
23.52	0.0381591
23.53	0.0355663
23.54	0.0331077
23.55	0.0307793
23.56	0.0285771
23.57	0.0264968
23.58	0.0245345
23.59	0.0226859
23.6	0.0209468
23.61	0.0193131
23.62	0.0177805
23.63	0.0163448
23.64	0.0150019
23.65	0.0137477
23.66	0.0125781
23.67	0.011489
23.68	0.0104767
23.69	0.00953705
23.7	0.00866642
23.71	0.00786106
23.72	0.00711736
23.73	0.00643181
23.74	0.00580099
23.75	0.00522161
23.76	0.00469047
23.77	0.0042045
23.78	0.00376073
23.79	0.00335633
23.8	0.00298856
23.81	0.00265483
23.82	0.00235265
23.83	0.00207965
23.84	0.0018336
23.85	0.00161236
23.86	0.00141392
23.87	0.00123639
23.88	0.00107797
23.89	0.000936999
23.9	0.000811902
23.91	0.000701214
23.92	0.000603569
23.93	0.000517697
23.94	0.000442423
23.95	0.00037666
23.96	0.000319406
23.97	0.00026974
23.98	0.000226819
23.99	0.000189872
24	0.000158199
24.01	0.000131162
24.02	0.000108187
24.03	8.87553e-05
24.04	7.24007e-05
24.05	5.87073e-05
24.06	4.73044e-05
24.07	3.78633e-05
24.08	3.00937e-05
24.09	2.37407e-05
24.1	1.8581e-05
24.11	1.44207e-05
24.12	1.10918e-05
24.13	8.44984e-06
24.14	6.37135e-06
24.15	4.75137e-06
24.16	3.50141e-06
24.17	2.54734e-06
24.18	1.82761e-06
24.19	1.29152e-06
24.2	8.97697e-07
24.21	6.12737e-07
24.22	4.09946e-07
24.23	2.68253e-07
24.24	1.71247e-07
24.25	1.06328e-07
24.26	6.39791e-08
24.27	3.7143e-08
24.28	2.06917e-08
24.29	1.09857e-08
24.3	5.51013e-09
24.31	2.58116e-09
24.32	1.11185e-09
24.33	4.30914e-10
24.34	1.45516e-10
24.35	4.07046e-11
24.36	8.64013e-12
24.37	1.16626e-12
24.38	6.26115e-14
24.39	9.09998e-17
24.4	8.03809e-16
24.41	7.87434e-15
24.42	7.15765e-15
24.43	4.71593e-16
24.44	3.08396e-16
24.45	9.06056e-14
24.46	1.46846e-12
24.47	1.02391e-11
24.48	4.65729e-11
24.49	1.62639e-10
24.5	4.73501e-10
24.51	1.20588e-09
24.52	2.77039e-09
24.53	5.86334e-09
24.54	1.16051e-08
24.55	2.17216e-08
24.56	3.87778e-08
24.57	6.64695e-08
24.58	1.09983e-07
24.59	1.76429e-07
24.6	2.75362e-07
24.61	4.19393e-07
24.62	6.24896e-07
24.63	9.1283e-07
24.64	1.30967e-06
24.65	1.84848e-06
24.66	2.57007e-06
24.67	3.52433e-06
24.68	4.77171e-06
24.69	6.38479e-06
24.7	8.45005e-06
24.71	1.10698e-05
24.72	1.43641e-05
24.73	1.84732e-05
24.74	2.35598e-05
24.75	2.98112e-05
24.76	3.74425e-05
24.77	4.66992e-05
24.78	5.78598e-05
24.79	7.12392e-05
24.8	8.71918e-05
24.81	0.000106115
24.82	0.000128451
24.83	0.000154693
24.84	0.000185386
24.85	0.000221132
24.86	0.000262593
24.87	0.000310495
24.88	0.00036563
24.89	0.000428862
24.9	0.000501129
24.91	0.000583445
24.92	0.000676906
24.93	0.000782692
24.94	0.000902071
24.95	0.0010364
24.96	0.00118713
24.97	0.0013558
24.98	0.00154405
24.99	0.00175363
25	0.00198637
25.01	0.00224422
25.02	0.00252923
25.03	0.00284353
25.04	0.00318939
25.05	0.00356915
25.06	0.00398527
25.07	0.00444031
25.08	0.00493692
25.09	0.00547785
25.1	0.00606596
25.11	0.00670417
25.12	0.00739551
25.13	0.00814308
25.14	0.00895006
25.15	0.00981971
25.16	0.0107554
25.17	0.0117604
25.18	0.0128381
25.19	0.0139922
25.2	0.015226
25.21	0.0165432
25.22	0.0179472
25.23	0.0194416
25.24	0.02103
25.25	0.0227159
25.26	0.0245028
25.27	0.0263942
25.28	0.0283936
25.29	0.0305042
25.3	0.0327295
25.31	0.0350726
25.32	0.0375365
25.33	0.0401244
25.34	0.042839
25.35	0.0456831
25.36	0.0486592
25.37	0.0517698
25.38	0.055017
25.39	0.0584029
25.4	0.0619293
25.41	0.0655978
25.42	0.0694097
25.43	0.0733661
25.44	0.0774679
25.45	0.0817157
25.46	0.0861097
25.47	0.09065
25.48	0.0953363
25.49	0.100168
25.5	0.105144
25.51	0.110263
25.52	0.115523
25.53	0.120924
25.54	0.126461
25.55	0.132133
25.56	0.137937
25.57	0.143869
25.58	0.149925
25.59	0.156102
25.6	0.162395
25.61	0.168799
25.62	0.175309
25.63	0.181919
25.64	0.188624
25.65	0.195417
25.66	0.202293
25.67	0.209243
25.68	0.216261
25.69	0.223339
25.7	0.230469
25.71	0.237644
25.72	0.244855
25.73	0.252093
25.74	0.25935
25.75	0.266617
25.76	0.273883
25.77	0.28114
25.78	0.288379
25.79	0.295588
25.8	0.302759
25.81	0.309882
25.82	0.316945
25.83	0.32394
25.84	0.330856
25.85	0.337682
25.86	0.344409
25.87	0.351026
25.88	0.357524
25.89	0.363891
25.9	0.370119
25.91	0.376197
25.92	0.382116
25.93	0.387866
25.94	0.393438
25.95	0.398823
25.96	0.404012
25.97	0.408997
25.98	0.413769
25.99	0.41832
26	0.422643
26.01	0.42673
26.02	0.430575
26.03	0.434171
26.04	0.437511
26.05	0.440591
26.06	0.443405
26.07	0.445947
26.08	0.448215
26.09	0.450203
26.1	0.451909
26.11	0.453329
26.12	0.454461
26.13	0.455304
26.14	0.455855
26.15	0.456114
26.16	0.45608
26.17	0.455754
26.18	0.455136
26.19	0.454228
26.2	0.453031
26.21	0.451546
26.22	0.449778
26.23	0.447729
26.24	0.445402
26.25	0.442802
26.26	0.439933
26.27	0.4368
26.28	0.433409
26.29	0.429766
26.3	0.425877
26.31	0.421748
26.32	0.417386
26.33	0.4128
26.34	0.407996
26.35	0.402983
26.36	0.397769
26.37	0.392362
26.38	0.386772
26.39	0.381007
26.4	0.375077
26.41	0.368991
26.42	0.362758
26.43	0.35639
26.44	0.349895
26.45	0.343283
26.46	0.336564
26.47	0.329749
26.48	0.322847
26.49	0.315869
26.5	0.308825
26.51	0.301724
26.52	0.294576
26.53	0.287392
26.54	0.280181
26.55	0.272953
26.56	0.265717
26.57	0.258482
26.58	0.251257
26.59	0.244052
26.6	0.236875
26.61	0.229734
26.62	0.222638
26.63	0.215594
26.64	0.20861
26.65	0.201693
26.66	0.194851
26.67	0.18809
26.68	0.181416
26.69	0.174836
26.7	0.168355
26.71	0.161979
26.72	0.155712
26.73	0.14956
26.74	0.143526
26.75	0.137616
26.76	0.131832
26.77	0.126177
26.78	0.120655
26.79	0.115269
26.8	0.11002
26.81	0.104911
26.82	0.0999434
26.83	0.095118
26.84	0.0904362
26.85	0.0858984
26.86	0.0815052
26.87	0.0772566
26.88	0.0731524
26.89	0.0691921
26.9	0.065375
26.91	0.0617
26.92	0.0581659
26.93	0.0547712
26.94	0.0515144
26.95	0.0483933
26.96	0.0454061
26.97	0.0425503
26.98	0.0398237
26.99	0.0372235
27	0.0347471
27.01	0.0323916
27.02	0.0301539
27.03	0.0280312
27.04	0.02602
27.05	0.0241173
27.06	0.0223197
27.07	0.0206238
27.08	0.0190261
27.09	0.0175233
27.1	0.0161118
27.11	0.0147882
27.12	0.013549
27.13	0.0123906
27.14	0.0113097
27.15	0.0103027
27.16	0.00936635
27.17	0.00849716
27.18	0.00769187
27.19	0.00694721
27.2	0.00625997
27.21	0.00562704
27.22	0.00504536
27.23	0.00451195
27.24	0.00402392
27.25	0.00357846
27.26	0.00317285
27.27	0.00280447
27.28	0.00247079
27.29	0.00216939
27.3	0.00189792
27.31	0.00165416
27.32	0.00143597
27.33	0.00124132
27.34	0.0010683
27.35	0.000915055
27.36	0.00077987
27.37	0.000661111
27.38	0.000557243
27.39	0.000466827
27.4	0.000388518
27.41	0.000321061
27.42	0.000263289
27.43	0.000214123
27.44	0.000172565
27.45	0.000137697
27.46	0.000108679
27.47	8.47448e-05
27.48	6.51973e-05
27.49	4.94073e-05
27.5	3.68087e-05
27.51	2.68957e-05
27.52	1.92187e-05
27.53	1.33813e-05
27.54	9.03644e-06
27.55	5.88325e-06
27.56	3.66341e-06
27.57	2.1579e-06
27.58	1.1837e-06
27.59	5.90625e-07
27.6	2.58169e-07
27.61	9.25567e-08
27.62	2.38437e-08
27.63	3.15451e-09
27.64	4.90911e-11
27.65	2.00078e-11
27.66	2.12649e-09
27.67	1.67692e-08
27.68	6.36083e-08
27.69	1.69626e-07
27.7	3.67336e-07
27.71	6.93135e-07
27.72	1.18581e-06
27.73	1.88516e-06
27.74	2.83081e-06
27.75	4.06111e-06
27.76	5.6122e-06
27.77	7.51719e-06
27.78	9.80547e-06
27.79	1.25022e-05
27.8	1.56277e-05
27.81	1.91972e-05
27.82	2.32209e-05
27.83	2.77032e-05
27.84	3.2643e-05
27.85	3.8034e-05
27.86	4.38642e-05
27.87	5.01165e-05
27.88	5.67688e-05
27.89	6.37944e-05
27.9	7.11621e-05
27.91	7.88367e-05
27.92	8.67796e-05
27.93	9.49489e-05
27.94	0.0001033
27.95	0.000111786
27.96	0.000120359
27.97	0.000128969
27.98	0.000137565
27.99	0.000146096
28	0.000154513
28.01	0.000162764
28.02	0.000170802
28.03	0.000178578
28.04	0.000186048
28.05	0.000193167
28.06	0.000199895
28.07	0.000206194
28.08	0.000212029
28.09	0.000217369
28.1	0.000222186
28.11	0.000226454
28.12	0.000230154
28.13	0.00023327
28.14	0.000235787
28.15	0.000237699
28.16	0.000238999
28.17	0.000239687
28.18	0.000239765
28.19	0.000239241
28.2	0.000238125
28.21	0.000236429
28.22	0.000234171
28.23	0.000231371
28.24	0.000228051
28.25	0.000224237
28.26	0.000219956
28.27	0.000215237
28.28	0.000210112
28.29	0.000204614
28.3	0.000198778
28.31	0.000192638
28.32	0.00018623
28.33	0.00017959
28.34	0.000172756
28.35	0.000165764
28.36	0.000158648
28.37	0.000151446
28.38	0.000144192
28.39	0.000136919
28.4	0.000129661
28.41	0.000122447
28.42	0.000115308
28.43	0.000108272
28.44	0.000101364
28.45	9.46085e-05
28.46	8.8028e-05
28.47	8.16422e-05
28.48	7.54689e-05
28.49	6.95239e-05
28.5	6.38205e-05
28.51	5.83701e-05
28.52	5.31817e-05
28.53	4.82624e-05
28.54	4.36169e-05
28.55	3.92482e-05
28.56	3.51571e-05
28.57	3.13428e-05
28.58	2.78024e-05
28.59	2.45317e-05
28.6	2.15248e-05
28.61	1.87744e-05
28.62	1.62722e-05
28.63	1.40084e-05
28.64	1.19725e-05
28.65	1.0153e-05
28.66	8.53788e-06
28.67	7.11446e-06
28.68	5.86969e-06
28.69	4.79027e-06
28.7	3.86276e-06
28.71	3.07376e-06
28.72	2.40996e-06
28.73	1.85834e-06
28.74	1.40623e-06
28.75	1.04141e-06
28.76	7.52252e-07
28.77	5.2775e-07
28.78	3.57626e-07
28.79	2.32386e-07
28.8	1.43378e-07
28.81	8.28321e-08
28.82	4.38986e-08
28.83	2.06683e-08
28.84	8.1873e-09
28.85	2.45969e-09
28.86	4.40681e-10
28.87	2.0646e-11
28.88	8.8559e-15
28.89	5.57232e-11
28.9	6.99851e-10
28.91	3.23086e-09
28.92	9.67834e-09
28.93	2.27417e-08
28.94	4.57239e-08
28.95	8.24605e-08
28.96	1.37245e-07
28.97	2.14753e-07
28.98	3.19959e-07
28.99	4.5806e-07
29	6.34393e-07
29.01	8.54353e-07
29.02	1.12331e-06
29.03	1.44655e-06
29.04	1.82916e-06
29.05	2.27599e-06
29.06	2.79159e-06
29.07	3.3801e-06
29.08	4.04524e-06
29.09	4.79022e-06
29.1	5.61771e-06
29.11	6.52979e-06
29.12	7.52793e-06
29.13	8.61291e-06
29.14	9.78486e-06
29.15	1.10432e-05
29.16	1.23867e-05
29.17	1.38132e-05
29.18	1.53202e-05
29.19	1.69042e-05
29.2	1.85611e-05
29.21	2.02862e-05
29.22	2.20742e-05
29.23	2.39189e-05
29.24	2.5814e-05
29.25	2.77524e-05
29.26	2.97265e-05
29.27	3.17284e-05
29.28	3.37499e-05
29.29	3.57824e-05
29.3	3.7817e-05
29.31	3.98447e-05
29.32	4.18565e-05
29.33	4.38431e-05
29.34	4.57954e-05
29.35	4.77043e-05
29.36	4.95609e-05
29.37	5.13564e-05
29.38	5.30823e-05
29.39	5.47306e-05
29.4	5.62935e-05
29.41	5.77635e-05
29.42	5.91338e-05
29.43	6.03981e-05
29.44	6.15506e-05
29.45	6.2586e-05
29.46	6.34998e-05
29.47	6.4288e-05
29.48	6.49475e-05
29.49	6.54755e-05
29.5	6.58703e-05
29.51	6.61307e-05
29.52	6.62562e-05
29.53	6.62471e-05
29.54	6.61043e-05
29.55	6.58293e-05
29.56	6.54245e-05
29.57	6.48927e-05
29.58	6.42374e-05
29.59	6.34628e-05
29.6	6.25733e-05
29.61	6.15742e-05
29.62	6.0471e-05
29.63	5.92698e-05
29.64	5.79767e-05
29.65	5.65987e-05
29.66	5.51427e-05
29.67	5.36157e-05
29.68	5.20254e-05
29.69	5.03791e-05
29.7	4.86845e-05
29.71	4.69492e-05
29.72	4.51808e-05
29.73	4.33868e-05
29.74	4.15748e-05
29.75	3.9752e-05
29.76	3.79255e-05
29.77	3.61022e-05
29.78	3.42887e-05
29.79	3.24913e-05
29.8	3.0716e-05
29.81	2.89685e-05
29.82	2.7254e-05
29.83	2.55773e-05
29.84	2.3943e-05
29.85	2.2355e-05
29.86	2.0817e-05
29.87	1.93322e-05
29.88	1.79032e-05
29.89	1.65324e-05
29.9	1.52215e-05
29.91	1.39722e-05
29.92	1.27853e-05
29.93	1.16614e-05
29.94	1.06009e-05
29.95	9.60358e-06
29.96	8.66895e-06
29.97	7.7962e-06
29.98	6.98423e-06
29.99	6.23165e-06
30	5.53683e-06
30.01	4.89788e-06
30.02	4.31276e-06
30.03	3.77923e-06
30.04	3.2949e-06
30.05	2.85729e-06
30.06	2.46381e-06
30.07	2.11182e-06
30.08	1.79862e-06
30.09	1.52152e-06
30.1	1.27781e-06
30.11	1.06483e-06
30.12	8.79969e-07
30.13	7.20666e-07
30.14	5.84454e-07
30.15	4.6896e-07
30.16	3.71922e-07
30.17	2.91197e-07
30.18	2.2477e-07
30.19	1.70764e-07
30.2	1.27439e-07
30.21	9.32024e-08
30.22	6.6603e-08
30.23	4.63356e-08
30.24	3.12373e-08
30.25	2.02836e-08
30.26	1.25847e-08
30.27	7.37859e-09
30.28	4.02431e-09
30.29	1.99407e-09
30.3	8.64384e-10
30.31	3.06776e-10
30.32	7.80278e-11
30.33	1.01338e-11
30.34	1.50059e-13
30.35	6.89053e-14
30.36	6.87155e-12
30.37	5.28933e-11
30.38	1.96628e-10
30.39	5.14084e-10
30.4	1.0908e-09
30.41	2.01462e-09
30.42	3.36923e-09
30.43	5.22868e-09
30.44	7.65269e-09
30.45	1.06831e-08
30.46	1.43409e-08
30.47	1.86248e-08
30.48	2.35102e-08
30.49	2.89493e-08
30.5	3.48719e-08
30.51	4.11873e-08
30.52	4.77866e-08
30.53	5.45453e-08
30.54	6.13274e-08
30.55	6.7989e-08
30.56	7.43823e-08
30.57	8.03602e-08
30.58	8.57804e-08
30.59	9.051e-08
30.6	9.44293e-08
30.61	9.74357e-08
30.62	9.94472e-08
30.63	1.00405e-07
30.64	1.00275e-07
30.65	9.90509e-08
30.66	9.67537e-08
30.67	9.34319e-08
30.68	8.91605e-08
30.69	8.40394e-08
30.7	7.81906e-08
30.71	7.1755e-08
30.72	6.48881e-08
30.73	5.77555e-08
30.74	5.05273e-08
30.75	4.33725e-08
30.76	3.64533e-08
30.77	2.99188e-08
30.78	2.38999e-08
30.79	1.85031e-08
30.8	1.38069e-08
30.81	9.85726e-09
30.82	6.6659e-09
30.83	4.20936e-09
30.84	2.43024e-09
30.85	1.24084e-09
30.86	5.2931e-10
30.87	1.69007e-10
30.88	3.1147e-11
30.89	1.29677e-12
30.9	6.1525e-15
30.91	7.9465e-12
30.92	9.59015e-11
30.93	4.59935e-10
30.94	1.46204e-09
30.95	3.67653e-09
30.96	7.94248e-09
30.97	1.54223e-08
30.98	2.76668e-08
30.99	4.66865e-08
31	7.50302e-08
31.01	1.15869e-07
31.02	1.73088e-07
31.03	2.51385e-07
31.04	3.56372e-07
31.05	4.94689e-07
31.06	6.74116e-07
31.07	9.03699e-07
31.08	1.19387e-06
31.09	1.55659e-06
31.1	2.00548e-06
31.11	2.55593e-06
31.12	3.2253e-06
31.13	4.03301e-06
31.14	5.00072e-06
31.15	6.15243e-06
31.16	7.51467e-06
31.17	9.11663e-06
31.18	1.09903e-05
31.19	1.31705e-05
31.2	1.56953e-05
31.21	1.86057e-05
31.22	2.19462e-05
31.23	2.57646e-05
31.24	3.01122e-05
31.25	3.50439e-05
31.26	4.06182e-05
31.27	4.68973e-05
31.28	5.39472e-05
31.29	6.18376e-05
31.3	7.0642e-05
31.31	8.04376e-05
31.32	9.13055e-05
31.33	0.00010333
31.34	0.0001166
31.35	0.000131207
31.36	0.000147245
31.37	0.000164814
31.38	0.000184013
31.39	0.000204949
31.4	0.000227726
31.41	0.000252455
31.42	0.000279246
31.43	0.000308212
31.44	0.000339467
31.45	0.000373126
31.46	0.000409307
31.47	0.000448123
31.48	0.000489693
31.49	0.00053413
31.5	0.000581549
31.51	0.000632062
31.52	0.00068578
31.53	0.00074281
31.54	0.000803258
31.55	0.000867222
31.56	0.000934799
31.57	0.00100608
31.58	0.00108115
31.59	0.00116009
31.6	0.00124297
31.61	0.00132986
31.62	0.00142081
31.63	0.00151588
31.64	0.00161509
31.65	0.00171849
31.66	0.00182609
31.67	0.00193789
31.68	0.0020539
31.69	0.00217411
31.7	0.00229848
31.71	0.00242697
31.72	0.00255954
31.73	0.00269611
31.74	0.00283662
31.75	0.00298096
31.76	0.00312902
31.77	0.0032807
31.78	0.00343584
31.79	0.00359431
31.8	0.00375593
31.81	0.00392052
31.82	0.0040879
31.83	0.00425785
31.84	0.00443016
31.85	0.00460458
31.86	0.00478088
31.87	0.00495879
31.88	0.00513803
31.89	0.00531832
31.9	0.00549937
31.91	0.00568087
31.92	0.0058625
31.93	0.00604394
31.94	0.00622485
31.95	0.0064049
31.96	0.00658373
31.97	0.00676099
31.98	0.00693632
31.99	0.00710938
32	0.00727978
32.01	0.00744717
32.02	0.00761118
32.03	0.00777145
32.04	0.00792763
32.05	0.00807934
32.06	0.00822624
32.07	0.00836799
32.08	0.00850424
32.09	0.00863467
32.1	0.00875894
32.11	0.00887676
32.12	0.00898781
32.13	0.00909182
32.14	0.00918851
32.15	0.00927763
32.16	0.00935893
32.17	0.00943219
32.18	0.00949721
32.19	0.00955379
32.2	0.00960177
32.21	0.009641
32.22	0.00967136
32.23	0.00969274
32.24	0.00970506
32.25	0.00970826
32.26	0.00970229
32.27	0.00968715
32.28	0.00966285
32.29	0.00962942
32.3	0.0095869
32.31	0.00953539
32.32	0.00947498
32.33	0.00940581
32.34	0.009328
32.35	0.00924174
32.36	0.00914722
32.37	0.00904465
32.38	0.00893425
32.39	0.00881629
32.4	0.00869103
32.41	0.00855876
32.42	0.00841978
32.43	0.00827441
32.44	0.008123
32.45	0.00796588
32.46	0.00780342
32.47	0.00763598
32.48	0.00746396
32.49	0.00728774
32.5	0.00710771
32.51	0.00692427
32.52	0.00673785
32.53	0.00654883
32.54	0.00635763
32.55	0.00616467
32.56	0.00597034
32.57	0.00577507
32.58	0.00557923
32.59	0.00538325
32.6	0.00518749
32.61	0.00499235
32.62	0.0047982
32.63	0.00460539
32.64	0.00441428
32.65	0.00422521
32.66	0.00403849
32.67	0.00385445
32.68	0.00367336
32.69	0.00349551
32.7	0.00332116
32.71	0.00315056
32.72	0.00298392
32.73	0.00282147
32.74	0.00266338
32.75	0.00250982
32.76	0.00236095
32.77	0.0022169
32.78	0.00207777
32.79	0.00194367
32.8	0.00181466
32.81	0.0016908
32.82	0.00157213
32.83	0.00145867
32.84	0.00135041
32.85	0.00124734
32.86	0.00114944
32.87	0.00105664
32.88	0.000968886
32.89	0.000886104
32.9	0.000808201
32.91	0.000735073
32.92	0.000666606
32.93	0.000602674
32.94	0.000543142
32.95	0.000487866
32.96	0.000436693
32.97	0.000389467
32.98	0.000346022
32.99	0.00030619
33	0.000269798
33.01	0.000236672
33.02	0.000206635
33.03	0.000179509
33.04	0.000155117
33.05	0.000133283
33.06	0.000113832
33.07	9.65917e-05
33.08	8.13949e-05
33.09	6.80769e-05
33.1	5.64785e-05
33.11	4.64456e-05
33.12	3.78303e-05
33.13	3.04908e-05
33.14	2.42925e-05
33.15	1.91078e-05
33.16	1.48164e-05
33.17	1.13062e-05
33.18	8.4726e-06
33.19	6.21911e-06
33.2	4.45734e-06
33.21	3.1069e-06
33.22	2.09539e-06
33.23	1.35825e-06
33.24	8.38598e-07
33.25	4.86998e-07
33.26	2.61198e-07
33.27	1.2581e-07
33.28	5.19608e-08
33.29	1.69046e-08
33.3	3.60533e-09
33.31	2.93389e-10
33.32	1.08431e-13
33.33	7.51093e-11
33.34	1.69117e-09
33.35	9.34113e-09
33.36	3.03316e-08
33.37	7.42778e-08
33.38	1.52605e-07
33.39	2.78057e-07
33.4	4.64226e-07
33.41	7.25092e-07
33.42	1.07459e-06
33.43	1.52621e-06
33.44	2.09259e-06
33.45	2.78521e-06
33.46	3.61406e-06
33.47	4.58734e-06
33.48	5.71127e-06
33.49	6.98986e-06
33.5	8.42476e-06
33.51	1.00152e-05
33.52	1.17577e-05
33.53	1.36466e-05
33.54	1.56732e-05
33.55	1.78266e-05
33.56	2.00936e-05
33.57	2.24584e-05
33.58	2.49033e-05
33.59	2.74089e-05
33.6	2.99537e-05
33.61	3.25152e-05
33.62	3.50694e-05
33.63	3.75919e-05
33.64	4.00576e-05
33.65	4.24411e-05
33.66	4.47174e-05
33.67	4.68618e-05
33.68	4.88508e-05
33.69	5.06616e-05
33.7	5.22734e-05
33.71	5.36669e-05
33.72	5.48251e-05
33.73	5.57331e-05
33.74	5.63789e-05
33.75	5.67533e-05
33.76	5.68499e-05
33.77	5.66656e-05
33.78	5.62003e-05
33.79	5.54575e-05
33.8	5.44436e-05
33.81	5.31686e-05
33.82	5.16453e-05
33.83	4.98896e-05
33.84	4.79204e-05
33.85	4.5759e-05
33.86	4.3429e-05
33.87	4.09561e-05
33.88	3.83676e-05
33.89	3.56922e-05
33.9	3.29591e-05
33.91	3.01983e-05
33.92	2.74394e-05
33.93	2.47117e-05
33.94	2.20434e-05
33.95	1.94611e-05
33.96	1.69895e-05
33.97	1.46509e-05
33.98	1.24648e-05
33.99	1.04474e-05
34	8.61131e-06
34.01	6.9655e-06
34.02	5.51477e-06
34.03	4.25983e-06
34.04	3.19726e-06
34.05	2.31955e-06
34.06	1.61537e-06
34.07	1.06983e-06
34.08	6.65025e-07
34.09	3.80642e-07
34.1	1.94745e-07
34.11	8.47552e-08
34.12	2.86071e-08
34.13	6.09572e-09
34.14	4.30617e-10
34.15	7.21819e-16
34.16	3.5402e-10
34.17	6.41267e-09
34.18	3.49038e-08
34.19	1.17035e-07
34.2	3.01403e-07
34.21	6.57139e-07
34.22	1.2773e-06
34.23	2.28248e-06
34.24	3.82468e-06
34.25	6.0914e-06
34.26	9.30991e-06
34.27	1.37519e-05
34.28	1.97379e-05
34.29	2.76427e-05
34.3	3.79001e-05
34.31	5.10082e-05
34.32	6.75349e-05
34.33	8.81238e-05
34.34	0.000113499
34.35	0.000144472
34.36	0.000181947
34.37	0.000226927
34.38	0.000280517
34.39	0.000343937
34.4	0.000418518
34.41	0.000505718
34.42	0.000607119
34.43	0.000724437
34.44	0.000859529
34.45	0.00101439
34.46	0.00119118
34.47	0.00139218
34.48	0.00161987
34.49	0.00187685
34.5	0.00216592
34.51	0.00249003
34.52	0.00285231
34.53	0.00325606
34.54	0.00370474
34.55	0.00420202
34.56	0.00475172
34.57	0.00535784
34.58	0.00602456
34.59	0.00675625
34.6	0.00755742
34.61	0.00843278
34.62	0.00938719
34.63	0.0104257
34.64	0.0115534
34.65	0.0127757
34.66	0.0140981
34.67	0.0155261
34.68	0.0170656
34.69	0.0187223
34.7	0.0205022
34.71	0.0224114
34.72	0.0244559
34.73	0.0266421
34.74	0.0289762
34.75	0.0314644
34.76	0.0341131
34.77	0.0369287
34.78	0.0399174
34.79	0.0430857
34.8	0.0464396
34.81	0.0499856
34.82	0.0537296
34.83	0.0576778
34.84	0.0618359
34.85	0.0662098
34.86	0.070805
34.87	0.075627
34.88	0.0806809
34.89	0.0859718
34.9	0.0915043
34.91	0.0972828
34.92	0.103312
34.93	0.109594
34.94	0.116135
34.95	0.122936
34.96	0.13
34.97	0.13733
34.98	0.144928
34.99	0.152794
35	0.160931
35.01	0.169338
35.02	0.178016
35.03	0.186964
35.04	0.19618
35.05	0.205664
35.06	0.215414
35.07	0.225426
35.08	0.235697
35.09	0.246223
35.1	0.257
35.11	0.268023
35.12	0.279285
35.13	0.290781
35.14	0.302503
35.15	0.314445
35.16	0.326597
35.17	0.338951
35.18	0.351497
35.19	0.364225
35.2	0.377125
35.21	0.390185
35.22	0.403394
35.23	0.416739
35.24	0.430207
35.25	0.443784
35.26	0.457457
35.27	0.471211
35.28	0.485032
35.29	0.498903
35.3	0.512808
35.31	0.526733
35.32	0.54066
35.33	0.554572
35.34	0.568451
35.35	0.582282
35.36	0.596044
35.37	0.609722
35.38	0.623296
35.39	0.636749
35.4	0.650062
35.41	0.663216
35.42	0.676194
35.43	0.688977
35.44	0.701547
35.45	0.713885
35.46	0.725974
35.47	0.737795
35.48	0.749331
35.49	0.760565
35.5	0.77148
35.51	0.782059
35.52	0.792285
35.53	0.802144
35.54	0.811619
35.55	0.820695
35.56	0.829359
35.57	0.837596
35.58	0.845394
35.59	0.852739
35.6	0.85962
35.61	0.866026
35.62	0.871947
35.63	0.877372
35.64	0.882293
35.65	0.886702
35.66	0.890591
35.67	0.893955
35.68	0.896787
35.69	0.899082
35.7	0.900838
35.71	0.902051
35.72	0.902719
35.73	0.902841
35.74	0.902416
35.75	0.901446
35.76	0.899933
35.77	0.897877
35.78	0.895284
35.79	0.892157
35.8	0.888501
35.81	0.884323
35.82	0.879629
35.83	0.874428
35.84	0.868726
35.85	0.862535
35.86	0.855864
35.87	0.848724
35.88	0.841126
35.89	0.833082
35.9	0.824606
35.91	0.815711
35.92	0.806412
35.93	0.796722
35.94	0.786657
35.95	0.776233
35.96	0.765465
35.97	0.754371
35.98	0.742968
35.99	0.731271
36	0.7193
36.01	0.707072
36.02	0.694604
36.03	0.681916
36.04	0.669024
36.05	0.655949
36.06	0.642707
36.07	0.629318
36.08	0.6158
36.09	0.602171
36.1	0.588449
36.11	0.574652
36.12	0.560799
36.13	0.546907
36.14	0.532994
36.15	0.519075
36.16	0.505169
36.17	0.491292
36.18	0.477459
36.19	0.463686
36.2	0.449989
36.21	0.436381
36.22	0.422879
36.23	0.409494
36.24	0.39624
36.25	0.383131
36.26	0.370177
36.27	0.357391
36.28	0.344783
36.29	0.332364
36.3	0.320143
36.31	0.30813
36.32	0.296332
36.33	0.284759
36.34	0.273416
36.35	0.262311
36.36	0.251449
36.37	0.240836
36.38	0.230477
36.39	0.220375
36.4	0.210534
36.41	0.200958
36.42	0.191648
36.43	0.182605
36.44	0.173833
36.45	0.16533
36.46	0.157097
36.47	0.149134
36.48	0.14144
36.49	0.134014
36.5	0.126853
36.51	0.119955
36.52	0.113319
36.53	0.10694
36.54	0.100816
36.55	0.0949429
36.56	0.0893161
36.57	0.0839315
36.58	0.0787846
36.59	0.0738704
36.6	0.0691837
36.61	0.0647193
36.62	0.0604715
36.63	0.0564347
36.64	0.0526029
36.65	0.0489703
36.66	0.0455307
36.67	0.0422779
36.68	0.0392058
36.69	0.036308
36.7	0.0335783
36.71	0.0310103
36.72	0.0285977
36.73	0.0263343
36.74	0.0242138
36.75	0.0222301
36.76	0.020377
36.77	0.0186485
36.78	0.0170386
36.79	0.0155417
36.8	0.0141518
36.81	0.0128636
36.82	0.0116714
36.83	0.0105701
36.84	0.00955445
36.85	0.00861943
36.86	0.00776024
36.87	0.00697218
36.88	0.00625076
36.89	0.00559164
36.9	0.00499066
36.91	0.00444383
36.92	0.00394733
36.93	0.00349752
36.94	0.00309095
36.95	0.00272431
36.96	0.0023945
36.97	0.00209854
36.98	0.00183366
36.99	0.00159723
37	0.00138678
37.01	0.0012
37.02	0.00103473
37.03	0.000888943
37.04	0.000760764
37.05	0.000648451
37.06	0.000550389
37.07	0.000465088
37.08	0.000391178
37.09	0.000327398
37.1	0.000272598
37.11	0.000225727
37.12	0.000185829
37.13	0.000152038
37.14	0.000123575
37.15	9.97344e-05
37.16	7.98884e-05
37.17	6.34746e-05
37.18	4.99942e-05
37.19	3.90059e-05
37.2	3.01215e-05
37.21	2.30013e-05
37.22	1.73495e-05
37.23	1.29101e-05
37.24	9.46327e-06
37.25	6.82112e-06
37.26	4.82459e-06
37.27	3.33998e-06
37.28	2.25601e-06
37.29	1.48095e-06
37.3	9.40071e-07
37.31	5.73269e-07
37.32	3.32907e-07
37.33	1.81876e-07
37.34	9.18561e-08
37.35	4.17582e-08
37.36	1.63596e-08
37.37	5.10567e-09
37.38	1.07517e-09
37.39	9.59229e-11
37.4	1.9369e-13
37.41	7.81125e-12
37.42	2.25623e-10
37.43	1.25159e-09
37.44	3.872e-09
37.45	8.84044e-09
37.46	1.67276e-08
37.47	2.78311e-08
37.48	4.2135e-08
37.49	5.93103e-08
37.5	7.87452e-08
37.51	9.95999e-08
37.52	1.20875e-07
37.53	1.41487e-07
37.54	1.60352e-07
37.55	1.76455e-07
37.56	1.88923e-07
37.57	1.97078e-07
37.58	2.0048e-07
37.59	1.98957e-07
37.6	1.92608e-07
37.61	1.81798e-07
37.62	1.67134e-07
37.63	1.49423e-07
37.64	1.29622e-07
37.65	1.0877e-07
37.66	8.79226e-08
37.67	6.80748e-08
37.68	5.00935e-08
37.69	3.46512e-08
37.7	2.21754e-08
37.71	1.28144e-08
37.72	6.42847e-09
37.73	2.61032e-09
37.74	7.43289e-10
37.75	1.01755e-10
37.76	1.05212e-12
37.77	2.57944e-12
37.78	1.80044e-10
37.79	1.45237e-09
37.8	5.98841e-09
37.81	1.76883e-08
37.82	4.27453e-08
37.83	9.02924e-08
37.84	1.73136e-07
37.85	3.08578e-07
37.86	5.19333e-07
37.87	8.3453e-07
37.88	1.29081e-06
37.89	1.93353e-06
37.9	2.81801e-06
37.91	4.01091e-06
37.92	5.59169e-06
37.93	7.65412e-06
37.94	1.03078e-05
37.95	1.36801e-05
37.96	1.79174e-05
37.97	2.31872e-05
37.98	2.968e-05
37.99	3.76107e-05
38	4.72211e-05
38.01	5.8781e-05
38.02	7.25906e-05
38.03	8.89824e-05
38.04	0.000108322
38.05	0.000131013
38.06	0.000157492
38.07	0.000188239
38.08	0.000223771
38.09	0.000264651
38.1	0.00031148
38.11	0.000364909
38.12	0.000425629
38.13	0.000494382
38.14	0.000571954
38.15	0.000659179
38.16	0.00075694
38.17	0.000866166
38.18	0.000987836
38.19	0.00112297
38.2	0.00127265
38.21	0.00143798
38.22	0.00162014
38.23	0.00182031
38.24	0.00203976
38.25	0.00227976
38.26	0.00254163
38.27	0.00282674
38.28	0.00313648
38.29	0.00347225
38.3	0.00383549
38.31	0.00422768
38.32	0.0046503
38.33	0.00510482
38.34	0.00559276
38.35	0.00611562
38.36	0.00667489
38.37	0.00727208
38.38	0.00790868
38.39	0.00858613
38.4	0.00930589
38.41	0.0100694
38.42	0.0108779
38.43	0.0117329
38.44	0.0126357
38.45	0.0135873
38.46	0.0145891
38.47	0.0156421
38.48	0.0167474
38.49	0.0179058
38.5	0.0191184
38.51	0.0203857
38.52	0.0217086
38.53	0.0230876
38.54	0.024523
38.55	0.0260154
38.56	0.0275649
38.57	0.0291716
38.58	0.0308354
38.59	0.0325562
38.6	0.0343338
38.61	0.0361676
38.62	0.038057
38.63	0.0400013
38.64	0.0419996
38.65	0.0440509
38.66	0.046154
38.67	0.0483075
38.68	0.0505098
38.69	0.0527594
38.7	0.0550544
38.71	0.0573927
38.72	0.0597724
38.73	0.0621911
38.74	0.0646463
38.75	0.0671354
38.76	0.0696559
38.77	0.0722047
38.78	0.074779
38.79	0.0773755
38.8	0.0799911
38.81	0.0826223
38.82	0.0852658
38.83	0.0879179
38.84	0.090575
38.85	0.0932333
38.86	0.095889
38.87	0.0985382
38.88	0.101177
38.89	0.103801
38.9	0.106407
38.91	0.10899
38.92	0.111546
38.93	0.114072
38.94	0.116562
38.95	0.119014
38.96	0.121422
38.97	0.123783
38.98	0.126093
38.99	0.128348
39	0.130543
39.01	0.132675
39.02	0.134741
39.03	0.136737
39.04	0.138658
39.05	0.140502
39.06	0.142266
39.07	0.143945
39.08	0.145538
39.09	0.147041
39.1	0.148451
39.11	0.149766
39.12	0.150984
39.13	0.152102
39.14	0.153118
39.15	0.15403
39.16	0.154837
39.17	0.155538
39.18	0.15613
39.19	0.156614
39.2	0.156987
39.21	0.15725
39.22	0.157402
39.23	0.157443
39.24	0.157373
39.25	0.157192
39.26	0.156901
39.27	0.156499
39.28	0.155989
39.29	0.155371
39.3	0.154646
39.31	0.153816
39.32	0.152883
39.33	0.151848
39.34	0.150713
39.35	0.149481
39.36	0.148154
39.37	0.146735
39.38	0.145225
39.39	0.143629
39.4	0.141949
39.41	0.140188
39.42	0.138349
39.43	0.136436
39.44	0.134453
39.45	0.132402
39.46	0.130288
39.47	0.128113
39.48	0.125883
39.49	0.123601
39.5	0.12127
39.51	0.118894
39.52	0.116478
39.53	0.114026
39.54	0.111541
39.55	0.109028
39.56	0.106489
39.57	0.10393
39.58	0.101355
39.59	0.098766
39.6	0.096168
39.61	0.0935646
39.62	0.0909594
39.63	0.0883561
39.64	0.0857581
39.65	0.0831689
39.66	0.0805918
39.67	0.0780301
39.68	0.0754868
39.69	0.072965
39.7	0.0704677
39.71	0.0679974
39.72	0.065557
39.73	0.063149
39.74	0.0607756
39.75	0.0584392
39.76	0.0561419
39.77	0.0538857
39.78	0.0516723
39.79	0.0495035
39.8	0.0473809
39.81	0.0453057
39.82	0.0432794
39.83	0.041303
39.84	0.0393775
39.85	0.0375038
39.86	0.0356826
39.87	0.0339144
39.88	0.0321998
39.89	0.0305389
39.9	0.0289321
39.91	0.0273795
39.92	0.0258808
39.93	0.0244362
39.94	0.0230452
39.95	0.0217075
39.96	0.0204226
39.97	0.0191901
39.98	0.0180092
39.99	0.0168792
40	0.0157994
40.01	0.0147688
40.02	0.0137866
40.03	0.0128516
40.04	0.0119629
40.05	0.0111193
40.06	0.0103197
40.07	0.00956282
40.08	0.00884747
40.09	0.00817237
40.1	0.00753623
40.11	0.00693772
40.12	0.00637551
40.13	0.00584827
40.14	0.00535462
40.15	0.00489323
40.16	0.00446273
40.17	0.00406178
40.18	0.00368903
40.19	0.00334316
40.2	0.00302285
40.21	0.00272681
40.22	0.00245377
40.23	0.00220248
40.24	0.00197172
40.25	0.0017603
40.26	0.00156705
40.27	0.00139086
40.28	0.00123063
40.29	0.0010853
40.3	0.000953857
40.31	0.000835318
40.32	0.000728743
40.33	0.00063323
40.34	0.000547919
40.35	0.00047199
40.36	0.000404662
40.37	0.000345197
40.38	0.000292896
40.39	0.0002471
40.4	0.000207189
40.41	0.000172583
40.42	0.000142739
40.43	0.000117152
40.44	9.53523e-05
40.45	7.69062e-05
40.46	6.14135e-05
40.47	4.85068e-05
40.48	3.78504e-05
40.49	2.91386e-05
40.5	2.20948e-05
40.51	1.64696e-05
40.52	1.20396e-05
40.53	8.60612e-06
40.54	5.99351e-06
40.55	4.04771e-06
40.56	2.63489e-06
40.57	1.63996e-06
40.58	9.65155e-07
40.59	5.28637e-07
40.6	2.63121e-07
40.61	1.14544e-07
40.62	4.07752e-08
40.63	1.03616e-08
40.64	1.32615e-09
40.65	1.75591e-11
40.66	1.23031e-11
40.67	1.07384e-09
40.68	8.1699e-09
40.69	3.05497e-08
40.7	8.08819e-08
40.71	1.74455e-07
40.72	3.28438e-07
40.73	5.61207e-07
40.74	8.91727e-07
40.75	1.339e-06
40.76	1.92158e-06
40.77	2.6571e-06
40.78	3.56197e-06
40.79	4.65097e-06
40.8	5.93702e-06
40.81	7.43098e-06
40.82	9.14142e-06
40.83	1.10745e-05
40.84	1.32341e-05
40.85	1.56214e-05
40.86	1.8235e-05
40.87	2.10713e-05
40.88	2.4124e-05
40.89	2.73846e-05
40.9	3.08424e-05
40.91	3.44846e-05
40.92	3.82964e-05
40.93	4.22612e-05
40.94	4.63609e-05
40.95	5.0576e-05
40.96	5.48859e-05
40.97	5.92688e-05
40.98	6.37024e-05
40.99	6.81636e-05
41	7.26292e-05
41.01	7.70755e-05
41.02	8.14793e-05
41.03	8.58173e-05
41.04	9.00669e-05
41.05	9.42059e-05
41.06	9.82129e-05
41.07	0.000102068
41.08	0.000105751
41.09	0.000109244
41.1	0.000112531
41.11	0.000115596
41.12	0.000118426
41.13	0.000121007
41.14	0.000123329
41.15	0.000125383
41.16	0.000127162
41.17	0.00012866
41.18	0.000129873
41.19	0.000130799
41.2	0.000131436
41.21	0.000131787
41.22	0.000131853
41.23	0.000131638
41.24	0.000131148
41.25	0.00013039
41.26	0.000129371
41.27	0.0001281
41.28	0.000126589
41.29	0.000124848
41.3	0.000122889
41.31	0.000120725
41.32	0.00011837
41.33	0.000115837
41.34	0.000113142
41.35	0.000110299
41.36	0.000107323
41.37	0.000104229
41.38	0.000101033
41.39	9.77497e-05
41.4	9.43944e-05
41.41	9.09818e-05
41.42	8.75263e-05
41.43	8.40421e-05
41.44	8.05427e-05
41.45	7.70413e-05
41.46	7.35503e-05
41.47	7.00817e-05
41.48	6.66467e-05
41.49	6.32558e-05
41.5	5.99188e-05
41.51	5.66446e-05
41.52	5.34417e-05
41.53	5.03173e-05
41.54	4.72782e-05
41.55	4.43302e-05
41.56	4.14785e-05
41.57	3.87275e-05
41.58	3.60806e-05
41.59	3.35408e-05
41.6	3.11102e-05
41.61	2.87902e-05
41.62	2.65818e-05
41.63	2.44851e-05
41.64	2.24997e-05
41.65	2.06248e-05
41.66	1.88591e-05
41.67	1.72005e-05
41.68	1.5647e-05
41.69	1.41958e-05
41.7	1.2844e-05
41.71	1.15885e-05
41.72	1.04256e-05
41.73	9.35172e-06
41.74	8.36299e-06
41.75	7.45544e-06
41.76	6.62497e-06
41.77	5.86746e-06
41.78	5.17875e-06
41.79	4.55467e-06
41.8	3.99109e-06
41.81	3.48395e-06
41.82	3.02924e-06
41.83	2.62308e-06
41.84	2.26168e-06
41.85	1.94141e-06
41.86	1.65875e-06
41.87	1.41037e-06
41.88	1.19309e-06
41.89	1.0039e-06
41.9	8.39986e-07
41.91	6.98688e-07
41.92	5.77541e-07
41.93	4.74258e-07
41.94	3.86727e-07
41.95	3.13012e-07
41.96	2.51346e-07
41.97	2.00122e-07
41.98	1.57893e-07
41.99	1.2336e-07
42	9.53637e-08
42.01	7.28783e-08
42.02	5.50007e-08
42.03	4.0942e-08
42.04	3.00187e-08
42.05	2.16429e-08
42.06	1.53139e-08
42.07	1.06088e-08
42.08	7.17473e-09
42.09	4.71995e-09
42.1	3.00673e-09
42.11	1.84392e-09
42.12	1.08027e-09
42.13	5.98286e-10
42.14	3.08636e-10
42.15	1.45089e-10
42.16	6.00477e-11
42.17	2.06238e-11
42.18	5.24003e-12
42.19	7.47583e-13
42.2	2.12871e-14
42.21	2.89059e-16
42.22	1.35727e-13
42.23	1.20412e-12
42.24	4.4434e-12
42.25	1.09673e-11
42.26	2.1414e-11
42.27	3.57852e-11
42.28	5.34338e-11
42.29	7.31602e-11
42.3	9.33808e-11
42.31	1.12335e-10
42.32	1.283e-10
42.33	1.39794e-10
42.34	1.45743e-10
42.35	1.45595e-10
42.36	1.39377e-10
42.37	1.27692e-10
42.38	1.11648e-10
42.39	9.27371e-11
42.4	7.26633e-11
42.41	5.31467e-11
42.42	3.57164e-11
42.43	2.15168e-11
42.44	1.11564e-11
42.45	4.62531e-12
42.46	1.31478e-12
42.47	1.68671e-13
42.48	9.81778e-16
42.49	1.05277e-14
42.5	5.23774e-13
42.51	3.99468e-12
42.52	1.62876e-11
42.53	4.82658e-11
42.54	1.17704e-10
42.55	2.51538e-10
42.56	4.88461e-10
42.57	8.81865e-10
42.58	1.50313e-09
42.59	2.44522e-09
42.6	3.82666e-09
42.61	5.79569e-09
42.62	8.53478e-09
42.63	1.22653e-08
42.64	1.72522e-08
42.65	2.38094e-08
42.66	3.23042e-08
42.67	4.31627e-08
42.68	5.68742e-08
42.69	7.39966e-08
42.7	9.51599e-08
42.71	1.21071e-07
42.72	1.52517e-07
42.73	1.90368e-07
42.74	2.3558e-07
42.75	2.89197e-07
42.76	3.52349e-07
42.77	4.26258e-07
42.78	5.1223e-07
42.79	6.11658e-07
42.8	7.26016e-07
42.81	8.56855e-07
42.82	1.0058e-06
42.83	1.17454e-06
42.84	1.36482e-06
42.85	1.57844e-06
42.86	1.81721e-06
42.87	2.083e-06
42.88	2.37767e-06
42.89	2.70308e-06
42.9	3.06106e-06
42.91	3.45342e-06
42.92	3.88189e-06
42.93	4.34816e-06
42.94	4.85379e-06
42.95	5.40025e-06
42.96	5.98886e-06
42.97	6.62079e-06
42.98	7.29702e-06
42.99	8.01833e-06
43	8.78531e-06
43.01	9.59826e-06
43.02	1.04572e-05
43.03	1.13621e-05
43.04	1.23122e-05
43.05	1.33067e-05
43.06	1.43446e-05
43.07	1.54243e-05
43.08	1.65439e-05
43.09	1.77013e-05
43.1	1.88937e-05
43.11	2.01184e-05
43.12	2.13719e-05
43.13	2.26505e-05
43.14	2.39503e-05
43.15	2.52667e-05
43.16	2.65951e-05
43.17	2.79303e-05
43.18	2.92671e-05
43.19	3.05997e-05
43.2	3.19223e-05
43.21	3.32287e-05
43.22	3.45126e-05
43.23	3.57677e-05
43.24	3.69872e-05
43.25	3.81646e-05
43.26	3.92933e-05
43.27	4.03665e-05
43.28	4.13778e-05
43.29	4.23207e-05
43.3	4.31889e-05
43.31	4.39764e-05
43.32	4.46776e-05
43.33	4.5287e-05
43.34	4.57995e-05
43.35	4.62107e-05
43.36	4.65165e-05
43.37	4.67132e-05
43.38	4.67981e-05
43.39	4.67687e-05
43.4	4.66234e-05
43.41	4.63613e-05
43.42	4.5982e-05
43.43	4.54862e-05
43.44	4.48751e-05
43.45	4.41507e-05
43.46	4.33159e-05
43.47	4.23743e-05
43.48	4.13303e-05
43.49	4.01891e-05
43.5	3.89566e-05
43.51	3.76392e-05
43.52	3.62443e-05
43.53	3.47797e-05
43.54	3.32537e-05
43.55	3.16754e-05
43.56	3.00539e-05
43.57	2.83989e-05
43.58	2.67204e-05
43.59	2.50285e-05
43.6	2.33333e-05
43.61	2.16449e-05
43.62	1.99735e-05
43.63	1.83289e-05
43.64	1.67205e-05
43.65	1.51574e-05
43.66	1.36482e-05
43.67	1.22008e-05
43.68	1.08224e-05
43.69	9.51925e-06
43.7	8.29694e-06
43.71	7.15991e-06
43.72	6.11161e-06
43.73	5.15438e-06
43.74	4.28943e-06
43.75	3.51682e-06
43.76	2.83541e-06
43.77	2.24294e-06
43.78	1.736e-06
43.79	1.31012e-06
43.8	9.59851e-07
43.81	6.78838e-07
43.82	4.5998e-07
43.83	2.95579e-07
43.84	1.7753e-07
43.85	9.75428e-08
43.86	4.73948e-08
43.87	1.92157e-08
43.88	5.80774e-09
43.89	9.99897e-10
43.9	3.63081e-11
43.91	3.61591e-13
43.92	2.73516e-10
43.93	3.02895e-09
43.94	1.37595e-08
43.95	4.18392e-08
43.96	1.01117e-07
43.97	2.10544e-07
43.98	3.94826e-07
43.99	6.85109e-07
44	1.11969e-06
44.01	1.74474e-06
44.02	2.61508e-06
44.03	3.79493e-06
44.04	5.35872e-06
44.05	7.39185e-06
44.06	9.99154e-06
44.07	1.32676e-05
44.08	1.73434e-05
44.09	2.23563e-05
44.1	2.84589e-05
44.11	3.58194e-05
44.12	4.46229e-05
44.13	5.50714e-05
44.14	6.73854e-05
44.15	8.18036e-05
44.16	9.85845e-05
44.17	0.000118006
44.18	0.000140367
44.19	0.000165987
44.2	0.000195207
44.21	0.00022839
44.22	0.00026592
44.23	0.000308204
44.24	0.000355671
44.25	0.000408773
44.26	0.000467983
44.27	0.000533796
44.28	0.00060673
44.29	0.000687324
44.3	0.000776137
44.31	0.000873749
44.32	0.000980759
44.33	0.00109779
44.34	0.00122546
44.35	0.00136445
44.36	0.0015154
44.37	0.00167901
44.38	0.00185596
44.39	0.00204697
44.4	0.00225274
44.41	0.002474
44.42	0.00271148
44.43	0.00296589
44.44	0.00323798
44.45	0.00352848
44.46	0.00383811
44.47	0.00416759
44.48	0.00451762
44.49	0.00488892
44.5	0.00528216
44.51	0.00569802
44.52	0.00613713
44.53	0.00660014
44.54	0.00708762
44.55	0.00760016
44.56	0.0081383
44.57	0.00870252
44.58	0.00929331
44.59	0.00991108
44.6	0.0105562
44.61	0.011229
44.62	0.0119298
44.63	0.0126588
44.64	0.0134162
44.65	0.0142021
44.66	0.0150165
44.67	0.0158595
44.68	0.0167309
44.69	0.0176306
44.7	0.0185585
44.71	0.0195141
44.72	0.0204972
44.73	0.0215074
44.74	0.022544
44.75	0.0236066
44.76	0.0246945
44.77	0.0258068
44.78	0.0269429
44.79	0.0281017
44.8	0.0292824
44.81	0.0304838
44.82	0.0317048
44.83	0.0329441
44.84	0.0342006
44.85	0.0354728
44.86	0.0367593
44.87	0.0380586
44.88	0.039369
44.89	0.040689
44.9	0.0420168
44.91	0.0433507
44.92	0.0446888
44.93	0.0460293
44.94	0.0473701
44.95	0.0487094
44.96	0.0500452
44.97	0.0513753
44.98	0.0526977
44.99	0.0540102
45	0.0553108
45.01	0.0565973
45.02	0.0578675
45.03	0.0591192
45.04	0.0603503
45.05	0.0615586
45.06	0.0627419
45.07	0.0638982
45.08	0.0650252
45.09	0.066121
45.1	0.0671834
45.11	0.0682105
45.12	0.0692002
45.13	0.0701508
45.14	0.0710602
45.15	0.0719267
45.16	0.0727486
45.17	0.0735242
45.18	0.074252
45.19	0.0749304
45.2	0.0755581
45.21	0.0761338
45.22	0.0766561
45.23	0.0771241
45.24	0.0775366
45.25	0.0778929
45.26	0.078192
45.27	0.0784333
45.28	0.0786163
45.29	0.0787405
45.3	0.0788055
45.31	0.0788112
45.32	0.0787574
45.33	0.0786442
45.34	0.0784717
45.35	0.0782402
45.36	0.0779502
45.37	0.0776021
45.38	0.0771965
45.39	0.0767342
45.4	0.0762161
45.41	0.0756432
45.42	0.0750165
45.43	0.0743372
45.44	0.0736067
45.45	0.0728263
45.46	0.0719975
45.47	0.071122
45.48	0.0702013
45.49	0.0692374
45.5	0.0682319
45.51	0.0671868
45.52	0.066104
45.53	0.0649857
45.54	0.0638338
45.55	0.0626506
45.56	0.0614381
45.57	0.0601986
45.58	0.0589344
45.59	0.0576478
45.6	0.0563409
45.61	0.0550161
45.62	0.0536757
45.63	0.052322
45.64	0.0509574
45.65	0.0495839
45.66	0.048204
45.67	0.0468199
45.68	0.0454337
45.69	0.0440477
45.7	0.0426638
45.71	0.0412843
45.72	0.0399112
45.73	0.0385463
45.74	0.0371916
45.75	0.035849
45.76	0.0345201
45.77	0.0332068
45.78	0.0319105
45.79	0.030633
45.8	0.0293755
45.81	0.0281394
45.82	0.0269262
45.83	0.0257368
45.84	0.0245726
45.85	0.0234344
45.86	0.0223232
45.87	0.0212398
45.88	0.020185
45.89	0.0191594
45.9	0.0181636
45.91	0.017198
45.92	0.016263
45.93	0.015359
45.94	0.0144861
45.95	0.0136445
45.96	0.0128341
45.97	0.012055
45.98	0.0113071
45.99	0.0105902
46	0.00990395
46.01	0.00924814
46.02	0.00862235
46.03	0.00802615
46.04	0.00745903
46.05	0.00692046
46.06	0.00640984
46.07	0.00592652
46.08	0.00546983
46.09	0.00503904
46.1	0.00463342
46.11	0.00425218
46.12	0.00389451
46.13	0.00355961
46.14	0.00324662
46.15	0.00295469
46.16	0.00268296
46.17	0.00243057
46.18	0.00219664
46.19	0.00198029
46.2	0.00178067
46.21	0.00159691
46.22	0.00142817
46.23	0.00127359
46.24	0.00113236
46.25	0.00100368
46.26	0.000886742
46.27	0.000780793
46.28	0.000685085
46.29	0.000598897
46.3	0.000521534
46.31	0.000452327
46.32	0.000390637
46.33	0.000335852
46.34	0.000287387
46.35	0.00024469
46.36	0.000207236
46.37	0.000174531
46.38	0.000146111
46.39	0.00012154
46.4	0.000100414
46.41	8.23541e-05
46.42	6.70117e-05
46.43	5.40647e-05
46.44	4.32178e-05
46.45	3.42009e-05
46.46	2.67687e-05
46.47	2.06992e-05
46.48	1.57927e-05
46.49	1.18707e-05
46.5	8.77468e-06
46.51	6.36463e-06
46.52	4.51803e-06
46.53	3.12847e-06
46.54	2.10437e-06
46.55	1.36777e-06
46.56	8.53042e-07
46.57	5.057e-07
46.58	2.81217e-07
46.59	1.4389e-07
46.6	6.57495e-08
46.61	2.55247e-08
46.62	7.6699e-09
46.63	1.44936e-09
46.64	8.96172e-11
46.65	4.05889e-17
46.66	6.31779e-11
46.67	9.96941e-10
46.68	4.78753e-09
46.69	1.41942e-08
46.7	3.23239e-08
46.71	6.22743e-08
46.72	1.06843e-07
46.73	1.68301e-07
46.74	2.48224e-07
46.75	3.47379e-07
46.76	4.65668e-07
46.77	6.0211e-07
46.78	7.54871e-07
46.79	9.21328e-07
46.8	1.09817e-06
46.81	1.28149e-06
46.82	1.46698e-06
46.83	1.65002e-06
46.84	1.8259e-06
46.85	1.98991e-06
46.86	2.13759e-06
46.87	2.26482e-06
46.88	2.36797e-06
46.89	2.44404e-06
46.9	2.49077e-06
46.91	2.50669e-06
46.92	2.49123e-06
46.93	2.44468e-06
46.94	2.36823e-06
46.95	2.26394e-06
46.96	2.13468e-06
46.97	1.98401e-06
46.98	1.8161e-06
46.99	1.63558e-06
47	1.44738e-06
47.01	1.25655e-06
47.02	1.06807e-06
47.03	8.86684e-07
47.04	7.16692e-07
47.05	5.61766e-07
47.06	4.24801e-07
47.07	3.07777e-07
47.08	2.1166e-07
47.09	1.36354e-07
47.1	8.07077e-08
47.11	4.25915e-08
47.12	1.90542e-08
47.13	6.57427e-09
47.14	1.41486e-09
47.15	9.658e-11
47.16	1.16774e-20
47.17	1.10188e-10
47.18	1.91542e-09
47.19	1.04719e-08
47.2	3.56461e-08
47.21	9.35451e-08
47.22	2.08147e-07
47.23	4.13137e-07
47.24	7.53964e-07
47.25	1.29012e-06
47.26	2.09766e-06
47.27	3.27192e-06
47.28	4.93057e-06
47.29	7.21677e-06
47.3	1.03027e-05
47.31	1.43934e-05
47.32	1.97303e-05
47.33	2.65962e-05
47.34	3.5319e-05
47.35	4.62766e-05
47.36	5.99021e-05
47.37	7.66885e-05
47.38	9.71942e-05
47.39	0.000122049
47.4	0.000151957
47.41	0.000187708
47.42	0.000230178
47.43	0.000280337
47.44	0.000339257
47.45	0.000408114
47.46	0.000488199
47.47	0.000580922
47.48	0.000687816
47.49	0.000810546
47.5	0.000950916
47.51	0.00111087
47.52	0.0012925
47.53	0.00149806
47.54	0.00172995
47.55	0.00199075
47.56	0.00228318
47.57	0.00261018
47.58	0.00297482
47.59	0.00338038
47.6	0.0038303
47.61	0.00432823
47.62	0.00487798
47.63	0.00548357
47.64	0.00614921
47.65	0.00687926
47.66	0.00767832
47.67	0.00855114
47.68	0.00950267
47.69	0.010538
47.7	0.0116625
47.71	0.0128816
47.72	0.0142009
47.73	0.0156262
47.74	0.0171635
47.75	0.0188188
47.76	0.0205984
47.77	0.0225085
47.78	0.0245557
47.79	0.0267465
47.8	0.0290875
47.81	0.0315854
47.82	0.034247
47.83	0.037079
47.84	0.0400883
47.85	0.0432816
47.86	0.0466658
47.87	0.0502477
47.88	0.054034
47.89	0.0580312
47.9	0.062246
47.91	0.0666848
47.92	0.0713538
47.93	0.0762592
47.94	0.081407
47.95	0.0868028
47.96	0.0924522
47.97	0.0983604
47.98	0.104532
47.99	0.110973
48	0.117686
48.01	0.124675
48.02	0.131945
48.03	0.139499
48.04	0.147338
48.05	0.155467
48.06	0.163885
48.07	0.172596
48.08	0.181599
48.09	0.190894
48.1	0.200483
48.11	0.210363
48.12	0.220534
48.13	0.230994
48.14	0.241739
48.15	0.252767
48.16	0.264074
48.17	0.275655
48.18	0.287506
48.19	0.299619
48.2	0.31199
48.21	0.32461
48.22	0.337472
48.23	0.350567
48.24	0.363887
48.25	0.377421
48.26	0.391158
48.27	0.405088
48.28	0.419199
48.29	0.433478
48.3	0.447913
48.31	0.462489
48.32	0.477192
48.33	0.492008
48.34	0.506921
48.35	0.521915
48.36	0.536974
48.37	0.552081
48.38	0.567219
48.39	0.582369
48.4	0.597515
48.41	0.612637
48.42	0.627716
48.43	0.642734
48.44	0.657671
48.45	0.672508
48.46	0.687226
48.47	0.701803
48.48	0.716222
48.49	0.73046
48.5	0.7445
48.51	0.758321
48.52	0.771902
48.53	0.785225
48.54	0.798271
48.55	0.811019
48.56	0.823451
48.57	0.835549
48.58	0.847293
48.59	0.858667
48.6	0.869652
48.61	0.880232
48.62	0.89039
48.63	0.900111
48.64	0.909378
48.65	0.918178
48.66	0.926497
48.67	0.93432
48.68	0.941636
48.69	0.948433
48.7	0.954699
48.71	0.960425
48.72	0.965601
48.73	0.97022
48.74	0.974272
48.75	0.977752
48.76	0.980653
48.77	0.982972
48.78	0.984704
48.79	0.985847
48.8	0.986398
48.81	0.986357
48.82	0.985723
48.83	0.984498
48.84	0.982684
48.85	0.980284
48.86	0.977301
48.87	0.973741
48.88	0.969609
48.89	0.964913
48.9	0.95966
48.91	0.953858
48.92	0.947517
48.93	0.940647
48.94	0.93326
48.95	0.925366
48.96	0.91698
48.97	0.908114
48.98	0.898782
48.99	0.888999
49	0.878781
49.01	0.868143
49.02	0.857102
49.03	0.845675
49.04	0.83388
49.05	0.821734
49.06	0.809255
49.07	0.796464
49.08	0.783377
49.09	0.770015
49.1	0.756398
49.11	0.742543
49.12	0.728473
49.13	0.714206
49.14	0.699761
49.15	0.68516
49.16	0.670422
49.17	0.655566
49.18	0.640613
49.19	0.625581
49.2	0.610491
49.21	0.59536
49.22	0.580208
49.23	0.565052
49.24	0.549912
49.25	0.534805
49.26	0.519747
49.27	0.504757
49.28	0.489849
49.29	0.475041
49.3	0.460347
49.31	0.445781
49.32	0.431359
49.33	0.417094
49.34	0.402998
49.35	0.389085
49.36	0.375366
49.37	0.361851
49.38	0.348552
49.39	0.335478
49.4	0.322639
49.41	0.310042
49.42	0.297696
49.43	0.285608
49.44	0.273784
49.45	0.262229
49.46	0.25095
49.47	0.23995
49.48	0.229233
49.49	0.218803
49.5	0.208662
49.51	0.198812
49.52	0.189253
49.53	0.179988
49.54	0.171016
49.55	0.162337
49.56	0.15395
49.57	0.145853
49.58	0.138045
49.59	0.130523
49.6	0.123285
49.61	0.116327
49.62	0.109646
49.63	0.103238
49.64	0.0970976
49.65	0.0912212
49.66	0.0856035
49.67	0.0802393
49.68	0.075123
49.69	0.0702489
49.7	0.065611
49.71	0.0612033
49.72	0.0570193
49.73	0.0530527
49.74	0.0492969
49.75	0.0457452
49.76	0.0423909
49.77	0.0392272
49.78	0.0362473
49.79	0.0334444
49.8	0.0308116
49.81	0.0283421
49.82	0.0260292
49.83	0.0238662
49.84	0.0218463
49.85	0.0199632
49.86	0.0182101
49.87	0.016581
49.88	0.0150694
49.89	0.0136693
49.9	0.0123748
49.91	0.01118
49.92	0.0100792
49.93	0.00906713
49.94	0.0081383
49.95	0.00728762
49.96	0.00651012
49.97	0.00580104
49.98	0.00515579
49.99	0.00456997
50	0.00403936
50.01	0.00355994
