# mu=0.3
# lamb=0
# N=14
# m=0
# dim=3432
# T=10
# dt=0.1
# n=1

#<S_z*S_z+n>
-0.25	-0.25	-0.25	-0.25	-0.25	-0.25	-0.25	-0.25	-0.25	-0.25	-0.25	-0.25	-0.25	-0.25	
-0.247513	-0.247513	-0.247513	-0.247513	-0.247513	-0.247513	-0.247513	-0.247513	-0.247513	-0.247513	-0.247513	-0.247513	-0.247513	-0.247513	
-0.240201	-0.240201	-0.240201	-0.240201	-0.240201	-0.240201	-0.240201	-0.240201	-0.240201	-0.240201	-0.240201	-0.240201	-0.240201	-0.240201	
-0.228502	-0.228502	-0.228502	-0.228502	-0.228502	-0.228502	-0.228502	-0.228502	-0.228502	-0.228502	-0.228502	-0.228502	-0.228502	-0.228502	
-0.213106	-0.213106	-0.213106	-0.213106	-0.213106	-0.213106	-0.213106	-0.213106	-0.213106	-0.213106	-0.213106	-0.213106	-0.213106	-0.213106	
-0.194896	-0.194896	-0.194896	-0.194896	-0.194896	-0.194896	-0.194896	-0.194896	-0.194896	-0.194896	-0.194896	-0.194896	-0.194896	-0.194896	
-0.174878	-0.174878	-0.174878	-0.174878	-0.174878	-0.174878	-0.174878	-0.174878	-0.174878	-0.174878	-0.174878	-0.174878	-0.174878	-0.174878	
-0.154105	-0.154105	-0.154105	-0.154105	-0.154105	-0.154105	-0.154105	-0.154105	-0.154105	-0.154105	-0.154105	-0.154105	-0.154105	-0.154105	
-0.133591	-0.133591	-0.133591	-0.133591	-0.133591	-0.133591	-0.133591	-0.133591	-0.133591	-0.133591	-0.133591	-0.133591	-0.133591	-0.133591	
-0.114242	-0.114242	-0.114242	-0.114242	-0.114242	-0.114242	-0.114242	-0.114242	-0.114242	-0.114242	-0.114242	-0.114242	-0.114242	-0.114242	
-0.0967969	-0.0967969	-0.0967969	-0.0967969	-0.0967969	-0.0967969	-0.0967969	-0.0967969	-0.0967969	-0.0967969	-0.0967969	-0.0967969	-0.0967969	-0.0967969	
-0.0817845	-0.0817845	-0.0817845	-0.0817845	-0.0817845	-0.0817845	-0.0817845	-0.0817845	-0.0817845	-0.0817845	-0.0817845	-0.0817845	-0.0817845	-0.0817845	
-0.0695039	-0.0695039	-0.0695039	-0.0695039	-0.0695039	-0.0695039	-0.0695039	-0.0695039	-0.0695039	-0.0695039	-0.0695039	-0.0695039	-0.0695039	-0.0695039	
-0.0600253	-0.0600253	-0.0600253	-0.0600253	-0.0600253	-0.0600253	-0.0600253	-0.0600253	-0.0600253	-0.0600253	-0.0600253	-0.0600253	-0.0600253	-0.0600253	
-0.0532111	-0.0532111	-0.0532111	-0.0532111	-0.0532111	-0.0532111	-0.0532111	-0.0532111	-0.0532111	-0.0532111	-0.0532111	-0.0532111	-0.0532111	-0.0532111	
-0.0487531	-0.0487531	-0.0487531	-0.0487531	-0.0487531	-0.0487531	-0.0487531	-0.0487531	-0.0487531	-0.0487531	-0.0487531	-0.0487531	-0.0487531	-0.0487531	
-0.0462216	-0.0462216	-0.0462216	-0.0462216	-0.0462216	-0.0462216	-0.0462216	-0.0462216	-0.0462216	-0.0462216	-0.0462216	-0.0462216	-0.0462216	-0.0462216	
-0.0451201	-0.0451201	-0.0451201	-0.0451201	-0.0451201	-0.0451201	-0.0451201	-0.0451201	-0.0451201	-0.0451201	-0.0451201	-0.0451201	-0.0451201	-0.0451201	
-0.0449399	-0.0449399	-0.0449399	-0.0449399	-0.0449399	-0.0449399	-0.0449399	-0.0449399	-0.0449399	-0.0449399	-0.0449399	-0.0449399	-0.0449399	-0.0449399	
-0.0452089	-0.0452089	-0.0452089	-0.0452089	-0.0452089	-0.0452089	-0.0452089	-0.0452089	-0.0452089	-0.0452089	-0.0452089	-0.0452089	-0.0452089	-0.0452089	
-0.0455314	-0.0455314	-0.0455314	-0.0455314	-0.0455314	-0.0455314	-0.0455314	-0.0455314	-0.0455314	-0.0455314	-0.0455314	-0.0455314	-0.0455314	-0.0455314	
-0.045614	-0.045614	-0.045614	-0.045614	-0.045614	-0.045614	-0.045614	-0.045614	-0.045614	-0.045614	-0.045614	-0.045614	-0.045614	-0.045614	
-0.0452779	-0.0452779	-0.0452779	-0.0452779	-0.0452779	-0.0452779	-0.0452779	-0.0452779	-0.0452779	-0.0452779	-0.0452779	-0.0452779	-0.0452779	-0.0452779	
-0.044457	-0.044457	-0.044457	-0.044457	-0.044457	-0.044457	-0.044457	-0.044457	-0.044457	-0.044457	-0.044457	-0.044457	-0.044457	-0.044457	
-0.0431842	-0.0431842	-0.0431842	-0.0431842	-0.0431842	-0.0431842	-0.0431842	-0.0431842	-0.0431842	-0.0431842	-0.0431842	-0.0431842	-0.0431842	-0.0431842	
-0.041569	-0.041569	-0.041569	-0.041569	-0.041569	-0.041569	-0.041569	-0.041569	-0.041569	-0.041569	-0.041569	-0.041569	-0.041569	-0.041569	
-0.0397682	-0.0397682	-0.0397682	-0.0397682	-0.0397682	-0.0397682	-0.0397682	-0.0397682	-0.0397682	-0.0397682	-0.0397682	-0.0397682	-0.0397682	-0.0397682	
-0.0379574	-0.0379574	-0.0379574	-0.0379574	-0.0379574	-0.0379574	-0.0379574	-0.0379574	-0.0379574	-0.0379574	-0.0379574	-0.0379574	-0.0379574	-0.0379574	
-0.0363021	-0.0363021	-0.0363021	-0.0363021	-0.0363021	-0.0363021	-0.0363021	-0.0363021	-0.0363021	-0.0363021	-0.0363021	-0.0363021	-0.0363021	-0.0363021	
-0.0349361	-0.0349361	-0.0349361	-0.0349361	-0.0349361	-0.0349361	-0.0349361	-0.0349361	-0.0349361	-0.0349361	-0.0349361	-0.0349361	-0.0349361	-0.0349361	
-0.0339459	-0.0339459	-0.0339459	-0.0339459	-0.0339459	-0.0339459	-0.0339459	-0.0339459	-0.0339459	-0.0339459	-0.0339459	-0.0339459	-0.0339459	-0.0339459	
-0.0333639	-0.0333639	-0.0333639	-0.0333639	-0.0333639	-0.0333639	-0.0333639	-0.0333639	-0.0333639	-0.0333639	-0.0333639	-0.0333639	-0.0333639	-0.0333639	
-0.0331694	-0.0331694	-0.0331694	-0.0331694	-0.0331694	-0.0331694	-0.0331694	-0.0331694	-0.0331694	-0.0331694	-0.0331694	-0.0331694	-0.0331694	-0.0331694	
-0.0332972	-0.0332972	-0.0332972	-0.0332972	-0.0332972	-0.0332972	-0.0332972	-0.0332972	-0.0332972	-0.0332972	-0.0332972	-0.0332972	-0.0332972	-0.0332972	
-0.0336505	-0.0336505	-0.0336505	-0.0336505	-0.0336505	-0.0336505	-0.0336505	-0.0336505	-0.0336505	-0.0336505	-0.0336505	-0.0336505	-0.0336505	-0.0336505	
-0.0341177	-0.0341177	-0.0341177	-0.0341177	-0.0341177	-0.0341177	-0.0341177	-0.0341177	-0.0341177	-0.0341177	-0.0341177	-0.0341177	-0.0341177	-0.0341177	
-0.0345891	-0.0345891	-0.0345891	-0.0345891	-0.0345891	-0.0345891	-0.0345891	-0.0345891	-0.0345891	-0.0345891	-0.0345891	-0.0345891	-0.0345891	-0.0345891	
-0.0349716	-0.0349716	-0.0349716	-0.0349716	-0.0349716	-0.0349716	-0.0349716	-0.0349716	-0.0349716	-0.0349716	-0.0349716	-0.0349716	-0.0349716	-0.0349716	
-0.0352004	-0.0352004	-0.0352004	-0.0352004	-0.0352004	-0.0352004	-0.0352004	-0.0352004	-0.0352004	-0.0352004	-0.0352004	-0.0352004	-0.0352004	-0.0352004	
-0.0352451	-0.0352451	-0.0352451	-0.0352451	-0.0352451	-0.0352451	-0.0352451	-0.0352451	-0.0352451	-0.0352451	-0.0352451	-0.0352451	-0.0352451	-0.0352451	
-0.0351112	-0.0351112	-0.0351112	-0.0351112	-0.0351112	-0.0351112	-0.0351112	-0.0351112	-0.0351112	-0.0351112	-0.0351112	-0.0351112	-0.0351112	-0.0351112	
-0.0348359	-0.0348359	-0.0348359	-0.0348359	-0.0348359	-0.0348359	-0.0348359	-0.0348359	-0.0348359	-0.0348359	-0.0348359	-0.0348359	-0.0348359	-0.0348359	
-0.0344807	-0.0344807	-0.0344807	-0.0344807	-0.0344807	-0.0344807	-0.0344807	-0.0344807	-0.0344807	-0.0344807	-0.0344807	-0.0344807	-0.0344807	-0.0344807	
-0.0341205	-0.0341205	-0.0341205	-0.0341205	-0.0341205	-0.0341205	-0.0341205	-0.0341205	-0.0341205	-0.0341205	-0.0341205	-0.0341205	-0.0341205	-0.0341205	
-0.0338314	-0.0338314	-0.0338314	-0.0338314	-0.0338314	-0.0338314	-0.0338314	-0.0338314	-0.0338314	-0.0338314	-0.0338314	-0.0338314	-0.0338314	-0.0338314	
-0.0336795	-0.0336795	-0.0336795	-0.0336795	-0.0336795	-0.0336795	-0.0336795	-0.0336795	-0.0336795	-0.0336795	-0.0336795	-0.0336795	-0.0336795	-0.0336795	
-0.0337117	-0.0337117	-0.0337117	-0.0337117	-0.0337117	-0.0337117	-0.0337117	-0.0337117	-0.0337117	-0.0337117	-0.0337117	-0.0337117	-0.0337117	-0.0337117	
-0.0339485	-0.0339485	-0.0339485	-0.0339485	-0.0339485	-0.0339485	-0.0339485	-0.0339485	-0.0339485	-0.0339485	-0.0339485	-0.0339485	-0.0339485	-0.0339485	
-0.0343821	-0.0343821	-0.0343821	-0.0343821	-0.0343821	-0.0343821	-0.0343821	-0.0343821	-0.0343821	-0.0343821	-0.0343821	-0.0343821	-0.0343821	-0.0343821	
-0.0349772	-0.0349772	-0.0349772	-0.0349772	-0.0349772	-0.0349772	-0.0349772	-0.0349772	-0.0349772	-0.0349772	-0.0349772	-0.0349772	-0.0349772	-0.0349772	
-0.0356758	-0.0356758	-0.0356758	-0.0356758	-0.0356758	-0.0356758	-0.0356758	-0.0356758	-0.0356758	-0.0356758	-0.0356758	-0.0356758	-0.0356758	-0.0356758	
-0.0364056	-0.0364056	-0.0364056	-0.0364056	-0.0364056	-0.0364056	-0.0364056	-0.0364056	-0.0364056	-0.0364056	-0.0364056	-0.0364056	-0.0364056	-0.0364056	
-0.0370893	-0.0370893	-0.0370893	-0.0370893	-0.0370893	-0.0370893	-0.0370893	-0.0370893	-0.0370893	-0.0370893	-0.0370893	-0.0370893	-0.0370893	-0.0370893	
-0.0376551	-0.0376551	-0.0376551	-0.0376551	-0.0376551	-0.0376551	-0.0376551	-0.0376551	-0.0376551	-0.0376551	-0.0376551	-0.0376551	-0.0376551	-0.0376551	
-0.0380474	-0.0380474	-0.0380474	-0.0380474	-0.0380474	-0.0380474	-0.0380474	-0.0380474	-0.0380474	-0.0380474	-0.0380474	-0.0380474	-0.0380474	-0.0380474	
-0.0382347	-0.0382347	-0.0382347	-0.0382347	-0.0382347	-0.0382347	-0.0382347	-0.0382347	-0.0382347	-0.0382347	-0.0382347	-0.0382347	-0.0382347	-0.0382347	
-0.0382164	-0.0382164	-0.0382164	-0.0382164	-0.0382164	-0.0382164	-0.0382164	-0.0382164	-0.0382164	-0.0382164	-0.0382164	-0.0382164	-0.0382164	-0.0382164	
-0.0380255	-0.0380255	-0.0380255	-0.0380255	-0.0380255	-0.0380255	-0.0380255	-0.0380255	-0.0380255	-0.0380255	-0.0380255	-0.0380255	-0.0380255	-0.0380255	
-0.0377284	-0.0377284	-0.0377284	-0.0377284	-0.0377284	-0.0377284	-0.0377284	-0.0377284	-0.0377284	-0.0377284	-0.0377284	-0.0377284	-0.0377284	-0.0377284	
-0.037422	-0.037422	-0.037422	-0.037422	-0.037422	-0.037422	-0.037422	-0.037422	-0.037422	-0.037422	-0.037422	-0.037422	-0.037422	-0.037422	
-0.0372264	-0.0372264	-0.0372264	-0.0372264	-0.0372264	-0.0372264	-0.0372264	-0.0372264	-0.0372264	-0.0372264	-0.0372264	-0.0372264	-0.0372264	-0.0372264	
-0.0372768	-0.0372768	-0.0372768	-0.0372768	-0.0372768	-0.0372768	-0.0372768	-0.0372768	-0.0372768	-0.0372768	-0.0372768	-0.0372768	-0.0372768	-0.0372768	
-0.0377125	-0.0377125	-0.0377125	-0.0377125	-0.0377125	-0.0377125	-0.0377125	-0.0377125	-0.0377125	-0.0377125	-0.0377125	-0.0377125	-0.0377125	-0.0377125	
-0.0386658	-0.0386658	-0.0386658	-0.0386658	-0.0386658	-0.0386658	-0.0386658	-0.0386658	-0.0386658	-0.0386658	-0.0386658	-0.0386658	-0.0386658	-0.0386658	
-0.0402507	-0.0402507	-0.0402507	-0.0402507	-0.0402507	-0.0402507	-0.0402507	-0.0402507	-0.0402507	-0.0402507	-0.0402507	-0.0402507	-0.0402507	-0.0402507	
-0.042552	-0.042552	-0.042552	-0.042552	-0.042552	-0.042552	-0.042552	-0.042552	-0.042552	-0.042552	-0.042552	-0.042552	-0.042552	-0.042552	
-0.0456172	-0.0456172	-0.0456172	-0.0456172	-0.0456172	-0.0456172	-0.0456172	-0.0456172	-0.0456172	-0.0456172	-0.0456172	-0.0456172	-0.0456172	-0.0456172	
-0.0494497	-0.0494497	-0.0494497	-0.0494497	-0.0494497	-0.0494497	-0.0494497	-0.0494497	-0.0494497	-0.0494497	-0.0494497	-0.0494497	-0.0494497	-0.0494497	
-0.0540049	-0.0540049	-0.0540049	-0.0540049	-0.0540049	-0.0540049	-0.0540049	-0.0540049	-0.0540049	-0.0540049	-0.0540049	-0.0540049	-0.0540049	-0.0540049	
-0.0591897	-0.0591897	-0.0591897	-0.0591897	-0.0591897	-0.0591897	-0.0591897	-0.0591897	-0.0591897	-0.0591897	-0.0591897	-0.0591897	-0.0591897	-0.0591897	
-0.0648654	-0.0648654	-0.0648654	-0.0648654	-0.0648654	-0.0648654	-0.0648654	-0.0648654	-0.0648654	-0.0648654	-0.0648654	-0.0648654	-0.0648654	-0.0648654	
-0.0708531	-0.0708531	-0.0708531	-0.0708531	-0.0708531	-0.0708531	-0.0708531	-0.0708531	-0.0708531	-0.0708531	-0.0708531	-0.0708531	-0.0708531	-0.0708531	
-0.0769424	-0.0769424	-0.0769424	-0.0769424	-0.0769424	-0.0769424	-0.0769424	-0.0769424	-0.0769424	-0.0769424	-0.0769424	-0.0769424	-0.0769424	-0.0769424	
-0.0829028	-0.0829028	-0.0829028	-0.0829028	-0.0829028	-0.0829028	-0.0829028	-0.0829028	-0.0829028	-0.0829028	-0.0829028	-0.0829028	-0.0829028	-0.0829028	
-0.0884961	-0.0884961	-0.0884961	-0.0884961	-0.0884961	-0.0884961	-0.0884961	-0.0884961	-0.0884961	-0.0884961	-0.0884961	-0.0884961	-0.0884961	-0.0884961	
-0.093491	-0.093491	-0.093491	-0.093491	-0.093491	-0.093491	-0.093491	-0.093491	-0.093491	-0.093491	-0.093491	-0.093491	-0.093491	-0.093491	
-0.0976768	-0.0976768	-0.0976768	-0.0976768	-0.0976768	-0.0976768	-0.0976768	-0.0976768	-0.0976768	-0.0976768	-0.0976768	-0.0976768	-0.0976768	-0.0976768	
-0.100877	-0.100877	-0.100877	-0.100877	-0.100877	-0.100877	-0.100877	-0.100877	-0.100877	-0.100877	-0.100877	-0.100877	-0.100877	-0.100877	
-0.10296	-0.10296	-0.10296	-0.10296	-0.10296	-0.10296	-0.10296	-0.10296	-0.10296	-0.10296	-0.10296	-0.10296	-0.10296	-0.10296	
-0.103851	-0.103851	-0.103851	-0.103851	-0.103851	-0.103851	-0.103851	-0.103851	-0.103851	-0.103851	-0.103851	-0.103851	-0.103851	-0.103851	
-0.103533	-0.103533	-0.103533	-0.103533	-0.103533	-0.103533	-0.103533	-0.103533	-0.103533	-0.103533	-0.103533	-0.103533	-0.103533	-0.103533	
-0.102053	-0.102053	-0.102053	-0.102053	-0.102053	-0.102053	-0.102053	-0.102053	-0.102053	-0.102053	-0.102053	-0.102053	-0.102053	-0.102053	
-0.0995167	-0.0995167	-0.0995167	-0.0995167	-0.0995167	-0.0995167	-0.0995167	-0.0995167	-0.0995167	-0.0995167	-0.0995167	-0.0995167	-0.0995167	-0.0995167	
-0.096085	-0.096085	-0.096085	-0.096085	-0.096085	-0.096085	-0.096085	-0.096085	-0.096085	-0.096085	-0.096085	-0.096085	-0.096085	-0.096085	
-0.0919608	-0.0919608	-0.0919608	-0.0919608	-0.0919608	-0.0919608	-0.0919608	-0.0919608	-0.0919608	-0.0919608	-0.0919608	-0.0919608	-0.0919608	-0.0919608	
-0.0873776	-0.0873776	-0.0873776	-0.0873776	-0.0873776	-0.0873776	-0.0873776	-0.0873776	-0.0873776	-0.0873776	-0.0873776	-0.0873776	-0.0873776	-0.0873776	
-0.0825839	-0.0825839	-0.0825839	-0.0825839	-0.0825839	-0.0825839	-0.0825839	-0.0825839	-0.0825839	-0.0825839	-0.0825839	-0.0825839	-0.0825839	-0.0825839	
-0.0778267	-0.0778267	-0.0778267	-0.0778267	-0.0778267	-0.0778267	-0.0778267	-0.0778267	-0.0778267	-0.0778267	-0.0778267	-0.0778267	-0.0778267	-0.0778267	
-0.0733358	-0.0733358	-0.0733358	-0.0733358	-0.0733358	-0.0733358	-0.0733358	-0.0733358	-0.0733358	-0.0733358	-0.0733358	-0.0733358	-0.0733358	-0.0733358	
-0.0693089	-0.0693089	-0.0693089	-0.0693089	-0.0693089	-0.0693089	-0.0693089	-0.0693089	-0.0693089	-0.0693089	-0.0693089	-0.0693089	-0.0693089	-0.0693089	
-0.0658995	-0.0658995	-0.0658995	-0.0658995	-0.0658995	-0.0658995	-0.0658995	-0.0658995	-0.0658995	-0.0658995	-0.0658995	-0.0658995	-0.0658995	-0.0658995	
-0.0632088	-0.0632088	-0.0632088	-0.0632088	-0.0632088	-0.0632088	-0.0632088	-0.0632088	-0.0632088	-0.0632088	-0.0632088	-0.0632088	-0.0632088	-0.0632088	
-0.0612808	-0.0612808	-0.0612808	-0.0612808	-0.0612808	-0.0612808	-0.0612808	-0.0612808	-0.0612808	-0.0612808	-0.0612808	-0.0612808	-0.0612808	-0.0612808	
-0.0601027	-0.0601027	-0.0601027	-0.0601027	-0.0601027	-0.0601027	-0.0601027	-0.0601027	-0.0601027	-0.0601027	-0.0601027	-0.0601027	-0.0601027	-0.0601027	
-0.0596088	-0.0596088	-0.0596088	-0.0596088	-0.0596088	-0.0596088	-0.0596088	-0.0596088	-0.0596088	-0.0596088	-0.0596088	-0.0596088	-0.0596088	-0.0596088	
-0.059689	-0.059689	-0.059689	-0.059689	-0.059689	-0.059689	-0.059689	-0.059689	-0.059689	-0.059689	-0.059689	-0.059689	-0.059689	-0.059689	
-0.0601997	-0.0601997	-0.0601997	-0.0601997	-0.0601997	-0.0601997	-0.0601997	-0.0601997	-0.0601997	-0.0601997	-0.0601997	-0.0601997	-0.0601997	-0.0601997	
-0.0609772	-0.0609772	-0.0609772	-0.0609772	-0.0609772	-0.0609772	-0.0609772	-0.0609772	-0.0609772	-0.0609772	-0.0609772	-0.0609772	-0.0609772	-0.0609772	
-0.061852	-0.061852	-0.061852	-0.061852	-0.061852	-0.061852	-0.061852	-0.061852	-0.061852	-0.061852	-0.061852	-0.061852	-0.061852	-0.061852	
-0.0626626	-0.0626626	-0.0626626	-0.0626626	-0.0626626	-0.0626626	-0.0626626	-0.0626626	-0.0626626	-0.0626626	-0.0626626	-0.0626626	-0.0626626	-0.0626626	
-0.0632678	-0.0632678	-0.0632678	-0.0632678	-0.0632678	-0.0632678	-0.0632678	-0.0632678	-0.0632678	-0.0632678	-0.0632678	-0.0632678	-0.0632678	-0.0632678	
-0.0635571	-0.0635571	-0.0635571	-0.0635571	-0.0635571	-0.0635571	-0.0635571	-0.0635571	-0.0635571	-0.0635571	-0.0635571	-0.0635571	-0.0635571	-0.0635571	
