# mu=0.3
# lamb=0
# N=10
# m=0
# dim=252
# T=10
# dt=0.1
# n=1

#<S_z*S_z+n>
-0.25	-0.25	-0.25	-0.25	-0.25	-0.25	-0.25	-0.25	-0.25	-0.25	
-0.247513	-0.247513	-0.247513	-0.247513	-0.247513	-0.247513	-0.247513	-0.247513	-0.247513	-0.247513	
-0.240201	-0.240201	-0.240201	-0.240201	-0.240201	-0.240201	-0.240201	-0.240201	-0.240201	-0.240201	
-0.228502	-0.228502	-0.228502	-0.228502	-0.228502	-0.228502	-0.228502	-0.228502	-0.228502	-0.228502	
-0.213106	-0.213106	-0.213106	-0.213106	-0.213106	-0.213106	-0.213106	-0.213106	-0.213106	-0.213106	
-0.194896	-0.194896	-0.194896	-0.194896	-0.194896	-0.194896	-0.194896	-0.194896	-0.194896	-0.194896	
-0.174878	-0.174878	-0.174878	-0.174878	-0.174878	-0.174878	-0.174878	-0.174878	-0.174878	-0.174878	
-0.154105	-0.154105	-0.154105	-0.154105	-0.154105	-0.154105	-0.154105	-0.154105	-0.154105	-0.154105	
-0.133591	-0.133591	-0.133591	-0.133591	-0.133591	-0.133591	-0.133591	-0.133591	-0.133591	-0.133591	
-0.114242	-0.114242	-0.114242	-0.114242	-0.114242	-0.114242	-0.114242	-0.114242	-0.114242	-0.114242	
-0.0967975	-0.0967975	-0.0967975	-0.0967975	-0.0967975	-0.0967975	-0.0967975	-0.0967975	-0.0967975	-0.0967975	
-0.081786	-0.081786	-0.081786	-0.081786	-0.081786	-0.081786	-0.081786	-0.081786	-0.081786	-0.081786	
-0.0695071	-0.0695071	-0.0695071	-0.0695071	-0.0695071	-0.0695071	-0.0695071	-0.0695071	-0.0695071	-0.0695071	
-0.0600315	-0.0600315	-0.0600315	-0.0600315	-0.0600315	-0.0600315	-0.0600315	-0.0600315	-0.0600315	-0.0600315	
-0.053222	-0.053222	-0.053222	-0.053222	-0.053222	-0.053222	-0.053222	-0.053222	-0.053222	-0.053222	
-0.0487711	-0.0487711	-0.0487711	-0.0487711	-0.0487711	-0.0487711	-0.0487711	-0.0487711	-0.0487711	-0.0487711	
-0.0462492	-0.0462492	-0.0462492	-0.0462492	-0.0462492	-0.0462492	-0.0462492	-0.0462492	-0.0462492	-0.0462492	
-0.0451594	-0.0451594	-0.0451594	-0.0451594	-0.0451594	-0.0451594	-0.0451594	-0.0451594	-0.0451594	-0.0451594	
-0.0449913	-0.0449913	-0.0449913	-0.0449913	-0.0449913	-0.0449913	-0.0449913	-0.0449913	-0.0449913	-0.0449913	
-0.0452698	-0.0452698	-0.0452698	-0.0452698	-0.0452698	-0.0452698	-0.0452698	-0.0452698	-0.0452698	-0.0452698	
-0.0455934	-0.0455934	-0.0455934	-0.0455934	-0.0455934	-0.0455934	-0.0455934	-0.0455934	-0.0455934	-0.0455934	
-0.0456605	-0.0456605	-0.0456605	-0.0456605	-0.0456605	-0.0456605	-0.0456605	-0.0456605	-0.0456605	-0.0456605	
-0.0452805	-0.0452805	-0.0452805	-0.0452805	-0.0452805	-0.0452805	-0.0452805	-0.0452805	-0.0452805	-0.0452805	
-0.0443732	-0.0443732	-0.0443732	-0.0443732	-0.0443732	-0.0443732	-0.0443732	-0.0443732	-0.0443732	-0.0443732	
-0.042955	-0.042955	-0.042955	-0.042955	-0.042955	-0.042955	-0.042955	-0.042955	-0.042955	-0.042955	
-0.0411178	-0.0411178	-0.0411178	-0.0411178	-0.0411178	-0.0411178	-0.0411178	-0.0411178	-0.0411178	-0.0411178	
-0.039003	-0.039003	-0.039003	-0.039003	-0.039003	-0.039003	-0.039003	-0.039003	-0.039003	-0.039003	
-0.036775	-0.036775	-0.036775	-0.036775	-0.036775	-0.036775	-0.036775	-0.036775	-0.036775	-0.036775	
-0.0345971	-0.0345971	-0.0345971	-0.0345971	-0.0345971	-0.0345971	-0.0345971	-0.0345971	-0.0345971	-0.0345971	
-0.0326132	-0.0326132	-0.0326132	-0.0326132	-0.0326132	-0.0326132	-0.0326132	-0.0326132	-0.0326132	-0.0326132	
-0.030937	-0.030937	-0.030937	-0.030937	-0.030937	-0.030937	-0.030937	-0.030937	-0.030937	-0.030937	
-0.0296489	-0.0296489	-0.0296489	-0.0296489	-0.0296489	-0.0296489	-0.0296489	-0.0296489	-0.0296489	-0.0296489	
-0.0287991	-0.0287991	-0.0287991	-0.0287991	-0.0287991	-0.0287991	-0.0287991	-0.0287991	-0.0287991	-0.0287991	
-0.0284178	-0.0284178	-0.0284178	-0.0284178	-0.0284178	-0.0284178	-0.0284178	-0.0284178	-0.0284178	-0.0284178	
-0.0285262	-0.0285262	-0.0285262	-0.0285262	-0.0285262	-0.0285262	-0.0285262	-0.0285262	-0.0285262	-0.0285262	
-0.0291499	-0.0291499	-0.0291499	-0.0291499	-0.0291499	-0.0291499	-0.0291499	-0.0291499	-0.0291499	-0.0291499	
-0.0303279	-0.0303279	-0.0303279	-0.0303279	-0.0303279	-0.0303279	-0.0303279	-0.0303279	-0.0303279	-0.0303279	
-0.0321189	-0.0321189	-0.0321189	-0.0321189	-0.0321189	-0.0321189	-0.0321189	-0.0321189	-0.0321189	-0.0321189	
-0.0346005	-0.0346005	-0.0346005	-0.0346005	-0.0346005	-0.0346005	-0.0346005	-0.0346005	-0.0346005	-0.0346005	
-0.0378627	-0.0378627	-0.0378627	-0.0378627	-0.0378627	-0.0378627	-0.0378627	-0.0378627	-0.0378627	-0.0378627	
-0.0419954	-0.0419954	-0.0419954	-0.0419954	-0.0419954	-0.0419954	-0.0419954	-0.0419954	-0.0419954	-0.0419954	
-0.0470723	-0.0470723	-0.0470723	-0.0470723	-0.0470723	-0.0470723	-0.0470723	-0.0470723	-0.0470723	-0.0470723	
-0.0531317	-0.0531317	-0.0531317	-0.0531317	-0.0531317	-0.0531317	-0.0531317	-0.0531317	-0.0531317	-0.0531317	
-0.0601591	-0.0601591	-0.0601591	-0.0601591	-0.0601591	-0.0601591	-0.0601591	-0.0601591	-0.0601591	-0.0601591	
-0.0680723	-0.0680723	-0.0680723	-0.0680723	-0.0680723	-0.0680723	-0.0680723	-0.0680723	-0.0680723	-0.0680723	
-0.0767127	-0.0767127	-0.0767127	-0.0767127	-0.0767127	-0.0767127	-0.0767127	-0.0767127	-0.0767127	-0.0767127	
-0.0858435	-0.0858435	-0.0858435	-0.0858435	-0.0858435	-0.0858435	-0.0858435	-0.0858435	-0.0858435	-0.0858435	
-0.0951565	-0.0951565	-0.0951565	-0.0951565	-0.0951565	-0.0951565	-0.0951565	-0.0951565	-0.0951565	-0.0951565	
-0.104287	-0.104287	-0.104287	-0.104287	-0.104287	-0.104287	-0.104287	-0.104287	-0.104287	-0.104287	
-0.112837	-0.112837	-0.112837	-0.112837	-0.112837	-0.112837	-0.112837	-0.112837	-0.112837	-0.112837	
-0.120401	-0.120401	-0.120401	-0.120401	-0.120401	-0.120401	-0.120401	-0.120401	-0.120401	-0.120401	
-0.126596	-0.126596	-0.126596	-0.126596	-0.126596	-0.126596	-0.126596	-0.126596	-0.126596	-0.126596	
-0.131095	-0.131095	-0.131095	-0.131095	-0.131095	-0.131095	-0.131095	-0.131095	-0.131095	-0.131095	
-0.13365	-0.13365	-0.13365	-0.13365	-0.13365	-0.13365	-0.13365	-0.13365	-0.13365	-0.13365	
-0.134112	-0.134112	-0.134112	-0.134112	-0.134112	-0.134112	-0.134112	-0.134112	-0.134112	-0.134112	
-0.132449	-0.132449	-0.132449	-0.132449	-0.132449	-0.132449	-0.132449	-0.132449	-0.132449	-0.132449	
-0.128747	-0.128747	-0.128747	-0.128747	-0.128747	-0.128747	-0.128747	-0.128747	-0.128747	-0.128747	
-0.123203	-0.123203	-0.123203	-0.123203	-0.123203	-0.123203	-0.123203	-0.123203	-0.123203	-0.123203	
-0.116115	-0.116115	-0.116115	-0.116115	-0.116115	-0.116115	-0.116115	-0.116115	-0.116115	-0.116115	
-0.107857	-0.107857	-0.107857	-0.107857	-0.107857	-0.107857	-0.107857	-0.107857	-0.107857	-0.107857	
-0.098856	-0.098856	-0.098856	-0.098856	-0.098856	-0.098856	-0.098856	-0.098856	-0.098856	-0.098856	
-0.0895582	-0.0895582	-0.0895582	-0.0895582	-0.0895582	-0.0895582	-0.0895582	-0.0895582	-0.0895582	-0.0895582	
-0.0804031	-0.0804031	-0.0804031	-0.0804031	-0.0804031	-0.0804031	-0.0804031	-0.0804031	-0.0804031	-0.0804031	
-0.0717944	-0.0717944	-0.0717944	-0.0717944	-0.0717944	-0.0717944	-0.0717944	-0.0717944	-0.0717944	-0.0717944	
-0.0640777	-0.0640777	-0.0640777	-0.0640777	-0.0640777	-0.0640777	-0.0640777	-0.0640777	-0.0640777	-0.0640777	
-0.0575229	-0.0575229	-0.0575229	-0.0575229	-0.0575229	-0.0575229	-0.0575229	-0.0575229	-0.0575229	-0.0575229	
-0.0523142	-0.0523142	-0.0523142	-0.0523142	-0.0523142	-0.0523142	-0.0523142	-0.0523142	-0.0523142	-0.0523142	
-0.0485466	-0.0485466	-0.0485466	-0.0485466	-0.0485466	-0.0485466	-0.0485466	-0.0485466	-0.0485466	-0.0485466	
-0.0462288	-0.0462288	-0.0462288	-0.0462288	-0.0462288	-0.0462288	-0.0462288	-0.0462288	-0.0462288	-0.0462288	
-0.0452916	-0.0452916	-0.0452916	-0.0452916	-0.0452916	-0.0452916	-0.0452916	-0.0452916	-0.0452916	-0.0452916	
-0.0456001	-0.0456001	-0.0456001	-0.0456001	-0.0456001	-0.0456001	-0.0456001	-0.0456001	-0.0456001	-0.0456001	
-0.0469695	-0.0469695	-0.0469695	-0.0469695	-0.0469695	-0.0469695	-0.0469695	-0.0469695	-0.0469695	-0.0469695	
-0.0491804	-0.0491804	-0.0491804	-0.0491804	-0.0491804	-0.0491804	-0.0491804	-0.0491804	-0.0491804	-0.0491804	
-0.0519954	-0.0519954	-0.0519954	-0.0519954	-0.0519954	-0.0519954	-0.0519954	-0.0519954	-0.0519954	-0.0519954	
-0.0551733	-0.0551733	-0.0551733	-0.0551733	-0.0551733	-0.0551733	-0.0551733	-0.0551733	-0.0551733	-0.0551733	
-0.0584815	-0.0584815	-0.0584815	-0.0584815	-0.0584815	-0.0584815	-0.0584815	-0.0584815	-0.0584815	-0.0584815	
-0.0617063	-0.0617063	-0.0617063	-0.0617063	-0.0617063	-0.0617063	-0.0617063	-0.0617063	-0.0617063	-0.0617063	
-0.0646601	-0.0646601	-0.0646601	-0.0646601	-0.0646601	-0.0646601	-0.0646601	-0.0646601	-0.0646601	-0.0646601	
-0.0671866	-0.0671866	-0.0671866	-0.0671866	-0.0671866	-0.0671866	-0.0671866	-0.0671866	-0.0671866	-0.0671866	
-0.0691646	-0.0691646	-0.0691646	-0.0691646	-0.0691646	-0.0691646	-0.0691646	-0.0691646	-0.0691646	-0.0691646	
-0.0705091	-0.0705091	-0.0705091	-0.0705091	-0.0705091	-0.0705091	-0.0705091	-0.0705091	-0.0705091	-0.0705091	
-0.0711727	-0.0711727	-0.0711727	-0.0711727	-0.0711727	-0.0711727	-0.0711727	-0.0711727	-0.0711727	-0.0711727	
-0.0711451	-0.0711451	-0.0711451	-0.0711451	-0.0711451	-0.0711451	-0.0711451	-0.0711451	-0.0711451	-0.0711451	
-0.0704533	-0.0704533	-0.0704533	-0.0704533	-0.0704533	-0.0704533	-0.0704533	-0.0704533	-0.0704533	-0.0704533	
-0.0691599	-0.0691599	-0.0691599	-0.0691599	-0.0691599	-0.0691599	-0.0691599	-0.0691599	-0.0691599	-0.0691599	
-0.0673613	-0.0673613	-0.0673613	-0.0673613	-0.0673613	-0.0673613	-0.0673613	-0.0673613	-0.0673613	-0.0673613	
-0.0651852	-0.0651852	-0.0651852	-0.0651852	-0.0651852	-0.0651852	-0.0651852	-0.0651852	-0.0651852	-0.0651852	
-0.0627861	-0.0627861	-0.0627861	-0.0627861	-0.0627861	-0.0627861	-0.0627861	-0.0627861	-0.0627861	-0.0627861	
-0.0603399	-0.0603399	-0.0603399	-0.0603399	-0.0603399	-0.0603399	-0.0603399	-0.0603399	-0.0603399	-0.0603399	
-0.0580361	-0.0580361	-0.0580361	-0.0580361	-0.0580361	-0.0580361	-0.0580361	-0.0580361	-0.0580361	-0.0580361	
-0.0560692	-0.0560692	-0.0560692	-0.0560692	-0.0560692	-0.0560692	-0.0560692	-0.0560692	-0.0560692	-0.0560692	
-0.0546281	-0.0546281	-0.0546281	-0.0546281	-0.0546281	-0.0546281	-0.0546281	-0.0546281	-0.0546281	-0.0546281	
-0.0538844	-0.0538844	-0.0538844	-0.0538844	-0.0538844	-0.0538844	-0.0538844	-0.0538844	-0.0538844	-0.0538844	
-0.0539815	-0.0539815	-0.0539815	-0.0539815	-0.0539815	-0.0539815	-0.0539815	-0.0539815	-0.0539815	-0.0539815	
-0.0550228	-0.0550228	-0.0550228	-0.0550228	-0.0550228	-0.0550228	-0.0550228	-0.0550228	-0.0550228	-0.0550228	
-0.0570625	-0.0570625	-0.0570625	-0.0570625	-0.0570625	-0.0570625	-0.0570625	-0.0570625	-0.0570625	-0.0570625	
-0.0600981	-0.0600981	-0.0600981	-0.0600981	-0.0600981	-0.0600981	-0.0600981	-0.0600981	-0.0600981	-0.0600981	
-0.0640665	-0.0640665	-0.0640665	-0.0640665	-0.0640665	-0.0640665	-0.0640665	-0.0640665	-0.0640665	-0.0640665	
-0.0688434	-0.0688434	-0.0688434	-0.0688434	-0.0688434	-0.0688434	-0.0688434	-0.0688434	-0.0688434	-0.0688434	
-0.0742473	-0.0742473	-0.0742473	-0.0742473	-0.0742473	-0.0742473	-0.0742473	-0.0742473	-0.0742473	-0.0742473	
-0.0800474	-0.0800474	-0.0800474	-0.0800474	-0.0800474	-0.0800474	-0.0800474	-0.0800474	-0.0800474	-0.0800474	
-0.0859753	-0.0859753	-0.0859753	-0.0859753	-0.0859753	-0.0859753	-0.0859753	-0.0859753	-0.0859753	-0.0859753	
