# mu=0.3
# lamb=0
# N=8
# m=0
# dim=70
# T=10
# dt=0.01
# n=1

#<S_z*S_z+n>
-0.25	-0.25	-0.25	-0.25	-0.25	-0.25	-0.25	-0.25	
-0.249975	-0.249975	-0.249975	-0.249975	-0.249975	-0.249975	-0.249975	-0.249975	
-0.2499	-0.2499	-0.2499	-0.2499	-0.2499	-0.2499	-0.2499	-0.2499	
-0.249775	-0.249775	-0.249775	-0.249775	-0.249775	-0.249775	-0.249775	-0.249775	
-0.2496	-0.2496	-0.2496	-0.2496	-0.2496	-0.2496	-0.2496	-0.2496	
-0.249376	-0.249376	-0.249376	-0.249376	-0.249376	-0.249376	-0.249376	-0.249376	
-0.249102	-0.249102	-0.249102	-0.249102	-0.249102	-0.249102	-0.249102	-0.249102	
-0.248778	-0.248778	-0.248778	-0.248778	-0.248778	-0.248778	-0.248778	-0.248778	
-0.248405	-0.248405	-0.248405	-0.248405	-0.248405	-0.248405	-0.248405	-0.248405	
-0.247983	-0.247983	-0.247983	-0.247983	-0.247983	-0.247983	-0.247983	-0.247983	
-0.247513	-0.247513	-0.247513	-0.247513	-0.247513	-0.247513	-0.247513	-0.247513	
-0.246994	-0.246994	-0.246994	-0.246994	-0.246994	-0.246994	-0.246994	-0.246994	
-0.246426	-0.246426	-0.246426	-0.246426	-0.246426	-0.246426	-0.246426	-0.246426	
-0.245811	-0.245811	-0.245811	-0.245811	-0.245811	-0.245811	-0.245811	-0.245811	
-0.245148	-0.245148	-0.245148	-0.245148	-0.245148	-0.245148	-0.245148	-0.245148	
-0.244439	-0.244439	-0.244439	-0.244439	-0.244439	-0.244439	-0.244439	-0.244439	
-0.243683	-0.243683	-0.243683	-0.243683	-0.243683	-0.243683	-0.243683	-0.243683	
-0.24288	-0.24288	-0.24288	-0.24288	-0.24288	-0.24288	-0.24288	-0.24288	
-0.242032	-0.242032	-0.242032	-0.242032	-0.242032	-0.242032	-0.242032	-0.242032	
-0.241139	-0.241139	-0.241139	-0.241139	-0.241139	-0.241139	-0.241139	-0.241139	
-0.240201	-0.240201	-0.240201	-0.240201	-0.240201	-0.240201	-0.240201	-0.240201	
-0.239219	-0.239219	-0.239219	-0.239219	-0.239219	-0.239219	-0.239219	-0.239219	
-0.238193	-0.238193	-0.238193	-0.238193	-0.238193	-0.238193	-0.238193	-0.238193	
-0.237125	-0.237125	-0.237125	-0.237125	-0.237125	-0.237125	-0.237125	-0.237125	
-0.236014	-0.236014	-0.236014	-0.236014	-0.236014	-0.236014	-0.236014	-0.236014	
-0.234862	-0.234862	-0.234862	-0.234862	-0.234862	-0.234862	-0.234862	-0.234862	
-0.233669	-0.233669	-0.233669	-0.233669	-0.233669	-0.233669	-0.233669	-0.233669	
-0.232436	-0.232436	-0.232436	-0.232436	-0.232436	-0.232436	-0.232436	-0.232436	
-0.231163	-0.231163	-0.231163	-0.231163	-0.231163	-0.231163	-0.231163	-0.231163	
-0.229851	-0.229851	-0.229851	-0.229851	-0.229851	-0.229851	-0.229851	-0.229851	
-0.228502	-0.228502	-0.228502	-0.228502	-0.228502	-0.228502	-0.228502	-0.228502	
-0.227116	-0.227116	-0.227116	-0.227116	-0.227116	-0.227116	-0.227116	-0.227116	
-0.225693	-0.225693	-0.225693	-0.225693	-0.225693	-0.225693	-0.225693	-0.225693	
-0.224234	-0.224234	-0.224234	-0.224234	-0.224234	-0.224234	-0.224234	-0.224234	
-0.222741	-0.222741	-0.222741	-0.222741	-0.222741	-0.222741	-0.222741	-0.222741	
-0.221215	-0.221215	-0.221215	-0.221215	-0.221215	-0.221215	-0.221215	-0.221215	
-0.219655	-0.219655	-0.219655	-0.219655	-0.219655	-0.219655	-0.219655	-0.219655	
-0.218063	-0.218063	-0.218063	-0.218063	-0.218063	-0.218063	-0.218063	-0.218063	
-0.216441	-0.216441	-0.216441	-0.216441	-0.216441	-0.216441	-0.216441	-0.216441	
-0.214788	-0.214788	-0.214788	-0.214788	-0.214788	-0.214788	-0.214788	-0.214788	
-0.213106	-0.213106	-0.213106	-0.213106	-0.213106	-0.213106	-0.213106	-0.213106	
-0.211396	-0.211396	-0.211396	-0.211396	-0.211396	-0.211396	-0.211396	-0.211396	
-0.209658	-0.209658	-0.209658	-0.209658	-0.209658	-0.209658	-0.209658	-0.209658	
-0.207894	-0.207894	-0.207894	-0.207894	-0.207894	-0.207894	-0.207894	-0.207894	
-0.206105	-0.206105	-0.206105	-0.206105	-0.206105	-0.206105	-0.206105	-0.206105	
-0.204292	-0.204292	-0.204292	-0.204292	-0.204292	-0.204292	-0.204292	-0.204292	
-0.202455	-0.202455	-0.202455	-0.202455	-0.202455	-0.202455	-0.202455	-0.202455	
-0.200596	-0.200596	-0.200596	-0.200596	-0.200596	-0.200596	-0.200596	-0.200596	
-0.198716	-0.198716	-0.198716	-0.198716	-0.198716	-0.198716	-0.198716	-0.198716	
-0.196815	-0.196815	-0.196815	-0.196815	-0.196815	-0.196815	-0.196815	-0.196815	
-0.194896	-0.194896	-0.194896	-0.194896	-0.194896	-0.194896	-0.194896	-0.194896	
-0.192958	-0.192958	-0.192958	-0.192958	-0.192958	-0.192958	-0.192958	-0.192958	
-0.191004	-0.191004	-0.191004	-0.191004	-0.191004	-0.191004	-0.191004	-0.191004	
-0.189033	-0.189033	-0.189033	-0.189033	-0.189033	-0.189033	-0.189033	-0.189033	
-0.187047	-0.187047	-0.187047	-0.187047	-0.187047	-0.187047	-0.187047	-0.187047	
-0.185048	-0.185048	-0.185048	-0.185048	-0.185048	-0.185048	-0.185048	-0.185048	
-0.183036	-0.183036	-0.183036	-0.183036	-0.183036	-0.183036	-0.183036	-0.183036	
-0.181011	-0.181011	-0.181011	-0.181011	-0.181011	-0.181011	-0.181011	-0.181011	
-0.178977	-0.178977	-0.178977	-0.178977	-0.178977	-0.178977	-0.178977	-0.178977	
-0.176932	-0.176932	-0.176932	-0.176932	-0.176932	-0.176932	-0.176932	-0.176932	
-0.174879	-0.174879	-0.174879	-0.174879	-0.174879	-0.174879	-0.174879	-0.174879	
-0.172819	-0.172819	-0.172819	-0.172819	-0.172819	-0.172819	-0.172819	-0.172819	
-0.170752	-0.170752	-0.170752	-0.170752	-0.170752	-0.170752	-0.170752	-0.170752	
-0.16868	-0.16868	-0.16868	-0.16868	-0.16868	-0.16868	-0.16868	-0.16868	
-0.166603	-0.166603	-0.166603	-0.166603	-0.166603	-0.166603	-0.166603	-0.166603	
-0.164523	-0.164523	-0.164523	-0.164523	-0.164523	-0.164523	-0.164523	-0.164523	
-0.162441	-0.162441	-0.162441	-0.162441	-0.162441	-0.162441	-0.162441	-0.162441	
-0.160357	-0.160357	-0.160357	-0.160357	-0.160357	-0.160357	-0.160357	-0.160357	
-0.158273	-0.158273	-0.158273	-0.158273	-0.158273	-0.158273	-0.158273	-0.158273	
-0.15619	-0.15619	-0.15619	-0.15619	-0.15619	-0.15619	-0.15619	-0.15619	
-0.154109	-0.154109	-0.154109	-0.154109	-0.154109	-0.154109	-0.154109	-0.154109	
-0.15203	-0.15203	-0.15203	-0.15203	-0.15203	-0.15203	-0.15203	-0.15203	
-0.149955	-0.149955	-0.149955	-0.149955	-0.149955	-0.149955	-0.149955	-0.149955	
-0.147884	-0.147884	-0.147884	-0.147884	-0.147884	-0.147884	-0.147884	-0.147884	
-0.14582	-0.14582	-0.14582	-0.14582	-0.14582	-0.14582	-0.14582	-0.14582	
-0.143761	-0.143761	-0.143761	-0.143761	-0.143761	-0.143761	-0.143761	-0.143761	
-0.141711	-0.141711	-0.141711	-0.141711	-0.141711	-0.141711	-0.141711	-0.141711	
-0.139668	-0.139668	-0.139668	-0.139668	-0.139668	-0.139668	-0.139668	-0.139668	
-0.137635	-0.137635	-0.137635	-0.137635	-0.137635	-0.137635	-0.137635	-0.137635	
-0.135612	-0.135612	-0.135612	-0.135612	-0.135612	-0.135612	-0.135612	-0.135612	
-0.1336	-0.1336	-0.1336	-0.1336	-0.1336	-0.1336	-0.1336	-0.1336	
-0.1316	-0.1316	-0.1316	-0.1316	-0.1316	-0.1316	-0.1316	-0.1316	
-0.129612	-0.129612	-0.129612	-0.129612	-0.129612	-0.129612	-0.129612	-0.129612	
-0.127639	-0.127639	-0.127639	-0.127639	-0.127639	-0.127639	-0.127639	-0.127639	
-0.125679	-0.125679	-0.125679	-0.125679	-0.125679	-0.125679	-0.125679	-0.125679	
-0.123734	-0.123734	-0.123734	-0.123734	-0.123734	-0.123734	-0.123734	-0.123734	
-0.121806	-0.121806	-0.121806	-0.121806	-0.121806	-0.121806	-0.121806	-0.121806	
-0.119893	-0.119893	-0.119893	-0.119893	-0.119893	-0.119893	-0.119893	-0.119893	
-0.117999	-0.117999	-0.117999	-0.117999	-0.117999	-0.117999	-0.117999	-0.117999	
-0.116122	-0.116122	-0.116122	-0.116122	-0.116122	-0.116122	-0.116122	-0.116122	
-0.114263	-0.114263	-0.114263	-0.114263	-0.114263	-0.114263	-0.114263	-0.114263	
-0.112425	-0.112425	-0.112425	-0.112425	-0.112425	-0.112425	-0.112425	-0.112425	
-0.110606	-0.110606	-0.110606	-0.110606	-0.110606	-0.110606	-0.110606	-0.110606	
-0.108807	-0.108807	-0.108807	-0.108807	-0.108807	-0.108807	-0.108807	-0.108807	
-0.10703	-0.10703	-0.10703	-0.10703	-0.10703	-0.10703	-0.10703	-0.10703	
-0.105275	-0.105275	-0.105275	-0.105275	-0.105275	-0.105275	-0.105275	-0.105275	
-0.103542	-0.103542	-0.103542	-0.103542	-0.103542	-0.103542	-0.103542	-0.103542	
-0.101831	-0.101831	-0.101831	-0.101831	-0.101831	-0.101831	-0.101831	-0.101831	
-0.100144	-0.100144	-0.100144	-0.100144	-0.100144	-0.100144	-0.100144	-0.100144	
-0.0984809	-0.0984809	-0.0984809	-0.0984809	-0.0984809	-0.0984809	-0.0984809	-0.0984809	
-0.096842	-0.096842	-0.096842	-0.096842	-0.096842	-0.096842	-0.096842	-0.096842	
-0.0952277	-0.0952277	-0.0952277	-0.0952277	-0.0952277	-0.0952277	-0.0952277	-0.0952277	
-0.0936386	-0.0936386	-0.0936386	-0.0936386	-0.0936386	-0.0936386	-0.0936386	-0.0936386	
-0.0920749	-0.0920749	-0.0920749	-0.0920749	-0.0920749	-0.0920749	-0.0920749	-0.0920749	
-0.0905371	-0.0905371	-0.0905371	-0.0905371	-0.0905371	-0.0905371	-0.0905371	-0.0905371	
-0.0890255	-0.0890255	-0.0890255	-0.0890255	-0.0890255	-0.0890255	-0.0890255	-0.0890255	
-0.0875405	-0.0875405	-0.0875405	-0.0875405	-0.0875405	-0.0875405	-0.0875405	-0.0875405	
-0.0860822	-0.0860822	-0.0860822	-0.0860822	-0.0860822	-0.0860822	-0.0860822	-0.0860822	
-0.084651	-0.084651	-0.084651	-0.084651	-0.084651	-0.084651	-0.084651	-0.084651	
-0.0832472	-0.0832472	-0.0832472	-0.0832472	-0.0832472	-0.0832472	-0.0832472	-0.0832472	
-0.0818709	-0.0818709	-0.0818709	-0.0818709	-0.0818709	-0.0818709	-0.0818709	-0.0818709	
-0.0805224	-0.0805224	-0.0805224	-0.0805224	-0.0805224	-0.0805224	-0.0805224	-0.0805224	
-0.0792018	-0.0792018	-0.0792018	-0.0792018	-0.0792018	-0.0792018	-0.0792018	-0.0792018	
-0.0779094	-0.0779094	-0.0779094	-0.0779094	-0.0779094	-0.0779094	-0.0779094	-0.0779094	
-0.0766451	-0.0766451	-0.0766451	-0.0766451	-0.0766451	-0.0766451	-0.0766451	-0.0766451	
-0.0754092	-0.0754092	-0.0754092	-0.0754092	-0.0754092	-0.0754092	-0.0754092	-0.0754092	
-0.0742017	-0.0742017	-0.0742017	-0.0742017	-0.0742017	-0.0742017	-0.0742017	-0.0742017	
-0.0730226	-0.0730226	-0.0730226	-0.0730226	-0.0730226	-0.0730226	-0.0730226	-0.0730226	
-0.0718721	-0.0718721	-0.0718721	-0.0718721	-0.0718721	-0.0718721	-0.0718721	-0.0718721	
-0.0707502	-0.0707502	-0.0707502	-0.0707502	-0.0707502	-0.0707502	-0.0707502	-0.0707502	
-0.0696568	-0.0696568	-0.0696568	-0.0696568	-0.0696568	-0.0696568	-0.0696568	-0.0696568	
-0.0685919	-0.0685919	-0.0685919	-0.0685919	-0.0685919	-0.0685919	-0.0685919	-0.0685919	
-0.0675555	-0.0675555	-0.0675555	-0.0675555	-0.0675555	-0.0675555	-0.0675555	-0.0675555	
-0.0665475	-0.0665475	-0.0665475	-0.0665475	-0.0665475	-0.0665475	-0.0665475	-0.0665475	
-0.0655678	-0.0655678	-0.0655678	-0.0655678	-0.0655678	-0.0655678	-0.0655678	-0.0655678	
-0.0646163	-0.0646163	-0.0646163	-0.0646163	-0.0646163	-0.0646163	-0.0646163	-0.0646163	
-0.0636929	-0.0636929	-0.0636929	-0.0636929	-0.0636929	-0.0636929	-0.0636929	-0.0636929	
-0.0627975	-0.0627975	-0.0627975	-0.0627975	-0.0627975	-0.0627975	-0.0627975	-0.0627975	
-0.0619299	-0.0619299	-0.0619299	-0.0619299	-0.0619299	-0.0619299	-0.0619299	-0.0619299	
-0.0610898	-0.0610898	-0.0610898	-0.0610898	-0.0610898	-0.0610898	-0.0610898	-0.0610898	
-0.0602771	-0.0602771	-0.0602771	-0.0602771	-0.0602771	-0.0602771	-0.0602771	-0.0602771	
-0.0594916	-0.0594916	-0.0594916	-0.0594916	-0.0594916	-0.0594916	-0.0594916	-0.0594916	
-0.0587331	-0.0587331	-0.0587331	-0.0587331	-0.0587331	-0.0587331	-0.0587331	-0.0587331	
-0.0580012	-0.0580012	-0.0580012	-0.0580012	-0.0580012	-0.0580012	-0.0580012	-0.0580012	
-0.0572957	-0.0572957	-0.0572957	-0.0572957	-0.0572957	-0.0572957	-0.0572957	-0.0572957	
-0.0566163	-0.0566163	-0.0566163	-0.0566163	-0.0566163	-0.0566163	-0.0566163	-0.0566163	
-0.0559627	-0.0559627	-0.0559627	-0.0559627	-0.0559627	-0.0559627	-0.0559627	-0.0559627	
-0.0553346	-0.0553346	-0.0553346	-0.0553346	-0.0553346	-0.0553346	-0.0553346	-0.0553346	
-0.0547317	-0.0547317	-0.0547317	-0.0547317	-0.0547317	-0.0547317	-0.0547317	-0.0547317	
-0.0541536	-0.0541536	-0.0541536	-0.0541536	-0.0541536	-0.0541536	-0.0541536	-0.0541536	
-0.0535999	-0.0535999	-0.0535999	-0.0535999	-0.0535999	-0.0535999	-0.0535999	-0.0535999	
-0.0530703	-0.0530703	-0.0530703	-0.0530703	-0.0530703	-0.0530703	-0.0530703	-0.0530703	
-0.0525644	-0.0525644	-0.0525644	-0.0525644	-0.0525644	-0.0525644	-0.0525644	-0.0525644	
-0.0520817	-0.0520817	-0.0520817	-0.0520817	-0.0520817	-0.0520817	-0.0520817	-0.0520817	
-0.0516219	-0.0516219	-0.0516219	-0.0516219	-0.0516219	-0.0516219	-0.0516219	-0.0516219	
-0.0511845	-0.0511845	-0.0511845	-0.0511845	-0.0511845	-0.0511845	-0.0511845	-0.0511845	
-0.0507691	-0.0507691	-0.0507691	-0.0507691	-0.0507691	-0.0507691	-0.0507691	-0.0507691	
-0.0503752	-0.0503752	-0.0503752	-0.0503752	-0.0503752	-0.0503752	-0.0503752	-0.0503752	
-0.0500025	-0.0500025	-0.0500025	-0.0500025	-0.0500025	-0.0500025	-0.0500025	-0.0500025	
-0.0496503	-0.0496503	-0.0496503	-0.0496503	-0.0496503	-0.0496503	-0.0496503	-0.0496503	
-0.0493183	-0.0493183	-0.0493183	-0.0493183	-0.0493183	-0.0493183	-0.0493183	-0.0493183	
-0.049006	-0.049006	-0.049006	-0.049006	-0.049006	-0.049006	-0.049006	-0.049006	
-0.0487129	-0.0487129	-0.0487129	-0.0487129	-0.0487129	-0.0487129	-0.0487129	-0.0487129	
-0.0484384	-0.0484384	-0.0484384	-0.0484384	-0.0484384	-0.0484384	-0.0484384	-0.0484384	
-0.0481821	-0.0481821	-0.0481821	-0.0481821	-0.0481821	-0.0481821	-0.0481821	-0.0481821	
-0.0479435	-0.0479435	-0.0479435	-0.0479435	-0.0479435	-0.0479435	-0.0479435	-0.0479435	
-0.047722	-0.047722	-0.047722	-0.047722	-0.047722	-0.047722	-0.047722	-0.047722	
-0.0475171	-0.0475171	-0.0475171	-0.0475171	-0.0475171	-0.0475171	-0.0475171	-0.0475171	
-0.0473283	-0.0473283	-0.0473283	-0.0473283	-0.0473283	-0.0473283	-0.0473283	-0.0473283	
-0.0471551	-0.0471551	-0.0471551	-0.0471551	-0.0471551	-0.0471551	-0.0471551	-0.0471551	
-0.046997	-0.046997	-0.046997	-0.046997	-0.046997	-0.046997	-0.046997	-0.046997	
-0.0468533	-0.0468533	-0.0468533	-0.0468533	-0.0468533	-0.0468533	-0.0468533	-0.0468533	
-0.0467236	-0.0467236	-0.0467236	-0.0467236	-0.0467236	-0.0467236	-0.0467236	-0.0467236	
-0.0466073	-0.0466073	-0.0466073	-0.0466073	-0.0466073	-0.0466073	-0.0466073	-0.0466073	
-0.0465039	-0.0465039	-0.0465039	-0.0465039	-0.0465039	-0.0465039	-0.0465039	-0.0465039	
-0.0464128	-0.0464128	-0.0464128	-0.0464128	-0.0464128	-0.0464128	-0.0464128	-0.0464128	
-0.0463335	-0.0463335	-0.0463335	-0.0463335	-0.0463335	-0.0463335	-0.0463335	-0.0463335	
-0.0462655	-0.0462655	-0.0462655	-0.0462655	-0.0462655	-0.0462655	-0.0462655	-0.0462655	
-0.0462082	-0.0462082	-0.0462082	-0.0462082	-0.0462082	-0.0462082	-0.0462082	-0.0462082	
-0.046161	-0.046161	-0.046161	-0.046161	-0.046161	-0.046161	-0.046161	-0.046161	
-0.0461235	-0.0461235	-0.0461235	-0.0461235	-0.0461235	-0.0461235	-0.0461235	-0.0461235	
-0.0460951	-0.0460951	-0.0460951	-0.0460951	-0.0460951	-0.0460951	-0.0460951	-0.0460951	
-0.0460752	-0.0460752	-0.0460752	-0.0460752	-0.0460752	-0.0460752	-0.0460752	-0.0460752	
-0.0460634	-0.0460634	-0.0460634	-0.0460634	-0.0460634	-0.0460634	-0.0460634	-0.0460634	
-0.046059	-0.046059	-0.046059	-0.046059	-0.046059	-0.046059	-0.046059	-0.046059	
-0.0460616	-0.0460616	-0.0460616	-0.0460616	-0.0460616	-0.0460616	-0.0460616	-0.0460616	
-0.0460707	-0.0460707	-0.0460707	-0.0460707	-0.0460707	-0.0460707	-0.0460707	-0.0460707	
-0.0460857	-0.0460857	-0.0460857	-0.0460857	-0.0460857	-0.0460857	-0.0460857	-0.0460857	
-0.0461062	-0.0461062	-0.0461062	-0.0461062	-0.0461062	-0.0461062	-0.0461062	-0.0461062	
-0.0461315	-0.0461315	-0.0461315	-0.0461315	-0.0461315	-0.0461315	-0.0461315	-0.0461315	
-0.0461613	-0.0461613	-0.0461613	-0.0461613	-0.0461613	-0.0461613	-0.0461613	-0.0461613	
-0.046195	-0.046195	-0.046195	-0.046195	-0.046195	-0.046195	-0.046195	-0.046195	
-0.0462321	-0.0462321	-0.0462321	-0.0462321	-0.0462321	-0.0462321	-0.0462321	-0.0462321	
-0.0462722	-0.0462722	-0.0462722	-0.0462722	-0.0462722	-0.0462722	-0.0462722	-0.0462722	
-0.0463148	-0.0463148	-0.0463148	-0.0463148	-0.0463148	-0.0463148	-0.0463148	-0.0463148	
-0.0463594	-0.0463594	-0.0463594	-0.0463594	-0.0463594	-0.0463594	-0.0463594	-0.0463594	
-0.0464055	-0.0464055	-0.0464055	-0.0464055	-0.0464055	-0.0464055	-0.0464055	-0.0464055	
-0.0464528	-0.0464528	-0.0464528	-0.0464528	-0.0464528	-0.0464528	-0.0464528	-0.0464528	
-0.0465007	-0.0465007	-0.0465007	-0.0465007	-0.0465007	-0.0465007	-0.0465007	-0.0465007	
-0.0465489	-0.0465489	-0.0465489	-0.0465489	-0.0465489	-0.0465489	-0.0465489	-0.0465489	
-0.0465969	-0.0465969	-0.0465969	-0.0465969	-0.0465969	-0.0465969	-0.0465969	-0.0465969	
-0.0466443	-0.0466443	-0.0466443	-0.0466443	-0.0466443	-0.0466443	-0.0466443	-0.0466443	
-0.0466907	-0.0466907	-0.0466907	-0.0466907	-0.0466907	-0.0466907	-0.0466907	-0.0466907	
-0.0467356	-0.0467356	-0.0467356	-0.0467356	-0.0467356	-0.0467356	-0.0467356	-0.0467356	
-0.0467789	-0.0467789	-0.0467789	-0.0467789	-0.0467789	-0.0467789	-0.0467789	-0.0467789	
-0.0468199	-0.0468199	-0.0468199	-0.0468199	-0.0468199	-0.0468199	-0.0468199	-0.0468199	
-0.0468584	-0.0468584	-0.0468584	-0.0468584	-0.0468584	-0.0468584	-0.0468584	-0.0468584	
-0.0468941	-0.0468941	-0.0468941	-0.0468941	-0.0468941	-0.0468941	-0.0468941	-0.0468941	
-0.0469265	-0.0469265	-0.0469265	-0.0469265	-0.0469265	-0.0469265	-0.0469265	-0.0469265	
-0.0469553	-0.0469553	-0.0469553	-0.0469553	-0.0469553	-0.0469553	-0.0469553	-0.0469553	
-0.0469803	-0.0469803	-0.0469803	-0.0469803	-0.0469803	-0.0469803	-0.0469803	-0.0469803	
-0.0470011	-0.0470011	-0.0470011	-0.0470011	-0.0470011	-0.0470011	-0.0470011	-0.0470011	
-0.0470175	-0.0470175	-0.0470175	-0.0470175	-0.0470175	-0.0470175	-0.0470175	-0.0470175	
-0.047029	-0.047029	-0.047029	-0.047029	-0.047029	-0.047029	-0.047029	-0.047029	
-0.0470355	-0.0470355	-0.0470355	-0.0470355	-0.0470355	-0.0470355	-0.0470355	-0.0470355	
-0.0470367	-0.0470367	-0.0470367	-0.0470367	-0.0470367	-0.0470367	-0.0470367	-0.0470367	
-0.0470323	-0.0470323	-0.0470323	-0.0470323	-0.0470323	-0.0470323	-0.0470323	-0.0470323	
-0.0470221	-0.0470221	-0.0470221	-0.0470221	-0.0470221	-0.0470221	-0.0470221	-0.0470221	
-0.0470058	-0.0470058	-0.0470058	-0.0470058	-0.0470058	-0.0470058	-0.0470058	-0.0470058	
-0.0469833	-0.0469833	-0.0469833	-0.0469833	-0.0469833	-0.0469833	-0.0469833	-0.0469833	
-0.0469543	-0.0469543	-0.0469543	-0.0469543	-0.0469543	-0.0469543	-0.0469543	-0.0469543	
-0.0469187	-0.0469187	-0.0469187	-0.0469187	-0.0469187	-0.0469187	-0.0469187	-0.0469187	
-0.0468762	-0.0468762	-0.0468762	-0.0468762	-0.0468762	-0.0468762	-0.0468762	-0.0468762	
-0.0468268	-0.0468268	-0.0468268	-0.0468268	-0.0468268	-0.0468268	-0.0468268	-0.0468268	
-0.0467701	-0.0467701	-0.0467701	-0.0467701	-0.0467701	-0.0467701	-0.0467701	-0.0467701	
-0.0467061	-0.0467061	-0.0467061	-0.0467061	-0.0467061	-0.0467061	-0.0467061	-0.0467061	
-0.0466347	-0.0466347	-0.0466347	-0.0466347	-0.0466347	-0.0466347	-0.0466347	-0.0466347	
-0.0465557	-0.0465557	-0.0465557	-0.0465557	-0.0465557	-0.0465557	-0.0465557	-0.0465557	
-0.046469	-0.046469	-0.046469	-0.046469	-0.046469	-0.046469	-0.046469	-0.046469	
-0.0463746	-0.0463746	-0.0463746	-0.0463746	-0.0463746	-0.0463746	-0.0463746	-0.0463746	
-0.0462722	-0.0462722	-0.0462722	-0.0462722	-0.0462722	-0.0462722	-0.0462722	-0.0462722	
-0.046162	-0.046162	-0.046162	-0.046162	-0.046162	-0.046162	-0.046162	-0.046162	
-0.0460437	-0.0460437	-0.0460437	-0.0460437	-0.0460437	-0.0460437	-0.0460437	-0.0460437	
-0.0459173	-0.0459173	-0.0459173	-0.0459173	-0.0459173	-0.0459173	-0.0459173	-0.0459173	
-0.0457828	-0.0457828	-0.0457828	-0.0457828	-0.0457828	-0.0457828	-0.0457828	-0.0457828	
-0.0456402	-0.0456402	-0.0456402	-0.0456402	-0.0456402	-0.0456402	-0.0456402	-0.0456402	
-0.0454894	-0.0454894	-0.0454894	-0.0454894	-0.0454894	-0.0454894	-0.0454894	-0.0454894	
-0.0453305	-0.0453305	-0.0453305	-0.0453305	-0.0453305	-0.0453305	-0.0453305	-0.0453305	
-0.0451634	-0.0451634	-0.0451634	-0.0451634	-0.0451634	-0.0451634	-0.0451634	-0.0451634	
-0.0449882	-0.0449882	-0.0449882	-0.0449882	-0.0449882	-0.0449882	-0.0449882	-0.0449882	
-0.0448048	-0.0448048	-0.0448048	-0.0448048	-0.0448048	-0.0448048	-0.0448048	-0.0448048	
-0.0446134	-0.0446134	-0.0446134	-0.0446134	-0.0446134	-0.0446134	-0.0446134	-0.0446134	
-0.0444139	-0.0444139	-0.0444139	-0.0444139	-0.0444139	-0.0444139	-0.0444139	-0.0444139	
-0.0442065	-0.0442065	-0.0442065	-0.0442065	-0.0442065	-0.0442065	-0.0442065	-0.0442065	
-0.0439911	-0.0439911	-0.0439911	-0.0439911	-0.0439911	-0.0439911	-0.0439911	-0.0439911	
-0.0437679	-0.0437679	-0.0437679	-0.0437679	-0.0437679	-0.0437679	-0.0437679	-0.0437679	
-0.0435369	-0.0435369	-0.0435369	-0.0435369	-0.0435369	-0.0435369	-0.0435369	-0.0435369	
-0.0432983	-0.0432983	-0.0432983	-0.0432983	-0.0432983	-0.0432983	-0.0432983	-0.0432983	
-0.0430521	-0.0430521	-0.0430521	-0.0430521	-0.0430521	-0.0430521	-0.0430521	-0.0430521	
-0.0427985	-0.0427985	-0.0427985	-0.0427985	-0.0427985	-0.0427985	-0.0427985	-0.0427985	
-0.0425376	-0.0425376	-0.0425376	-0.0425376	-0.0425376	-0.0425376	-0.0425376	-0.0425376	
-0.0422695	-0.0422695	-0.0422695	-0.0422695	-0.0422695	-0.0422695	-0.0422695	-0.0422695	
-0.0419943	-0.0419943	-0.0419943	-0.0419943	-0.0419943	-0.0419943	-0.0419943	-0.0419943	
-0.0417123	-0.0417123	-0.0417123	-0.0417123	-0.0417123	-0.0417123	-0.0417123	-0.0417123	
-0.0414236	-0.0414236	-0.0414236	-0.0414236	-0.0414236	-0.0414236	-0.0414236	-0.0414236	
-0.0411283	-0.0411283	-0.0411283	-0.0411283	-0.0411283	-0.0411283	-0.0411283	-0.0411283	
-0.0408266	-0.0408266	-0.0408266	-0.0408266	-0.0408266	-0.0408266	-0.0408266	-0.0408266	
-0.0405187	-0.0405187	-0.0405187	-0.0405187	-0.0405187	-0.0405187	-0.0405187	-0.0405187	
-0.0402048	-0.0402048	-0.0402048	-0.0402048	-0.0402048	-0.0402048	-0.0402048	-0.0402048	
-0.0398851	-0.0398851	-0.0398851	-0.0398851	-0.0398851	-0.0398851	-0.0398851	-0.0398851	
-0.0395598	-0.0395598	-0.0395598	-0.0395598	-0.0395598	-0.0395598	-0.0395598	-0.0395598	
-0.0392292	-0.0392292	-0.0392292	-0.0392292	-0.0392292	-0.0392292	-0.0392292	-0.0392292	
-0.0388933	-0.0388933	-0.0388933	-0.0388933	-0.0388933	-0.0388933	-0.0388933	-0.0388933	
-0.0385526	-0.0385526	-0.0385526	-0.0385526	-0.0385526	-0.0385526	-0.0385526	-0.0385526	
-0.0382071	-0.0382071	-0.0382071	-0.0382071	-0.0382071	-0.0382071	-0.0382071	-0.0382071	
-0.0378572	-0.0378572	-0.0378572	-0.0378572	-0.0378572	-0.0378572	-0.0378572	-0.0378572	
-0.037503	-0.037503	-0.037503	-0.037503	-0.037503	-0.037503	-0.037503	-0.037503	
-0.0371449	-0.0371449	-0.0371449	-0.0371449	-0.0371449	-0.0371449	-0.0371449	-0.0371449	
-0.0367831	-0.0367831	-0.0367831	-0.0367831	-0.0367831	-0.0367831	-0.0367831	-0.0367831	
-0.0364178	-0.0364178	-0.0364178	-0.0364178	-0.0364178	-0.0364178	-0.0364178	-0.0364178	
-0.0360494	-0.0360494	-0.0360494	-0.0360494	-0.0360494	-0.0360494	-0.0360494	-0.0360494	
-0.0356781	-0.0356781	-0.0356781	-0.0356781	-0.0356781	-0.0356781	-0.0356781	-0.0356781	
-0.0353042	-0.0353042	-0.0353042	-0.0353042	-0.0353042	-0.0353042	-0.0353042	-0.0353042	
-0.0349279	-0.0349279	-0.0349279	-0.0349279	-0.0349279	-0.0349279	-0.0349279	-0.0349279	
-0.0345497	-0.0345497	-0.0345497	-0.0345497	-0.0345497	-0.0345497	-0.0345497	-0.0345497	
-0.0341696	-0.0341696	-0.0341696	-0.0341696	-0.0341696	-0.0341696	-0.0341696	-0.0341696	
-0.0337881	-0.0337881	-0.0337881	-0.0337881	-0.0337881	-0.0337881	-0.0337881	-0.0337881	
-0.0334055	-0.0334055	-0.0334055	-0.0334055	-0.0334055	-0.0334055	-0.0334055	-0.0334055	
-0.033022	-0.033022	-0.033022	-0.033022	-0.033022	-0.033022	-0.033022	-0.033022	
-0.032638	-0.032638	-0.032638	-0.032638	-0.032638	-0.032638	-0.032638	-0.032638	
-0.0322538	-0.0322538	-0.0322538	-0.0322538	-0.0322538	-0.0322538	-0.0322538	-0.0322538	
-0.0318697	-0.0318697	-0.0318697	-0.0318697	-0.0318697	-0.0318697	-0.0318697	-0.0318697	
-0.031486	-0.031486	-0.031486	-0.031486	-0.031486	-0.031486	-0.031486	-0.031486	
-0.031103	-0.031103	-0.031103	-0.031103	-0.031103	-0.031103	-0.031103	-0.031103	
-0.0307211	-0.0307211	-0.0307211	-0.0307211	-0.0307211	-0.0307211	-0.0307211	-0.0307211	
-0.0303406	-0.0303406	-0.0303406	-0.0303406	-0.0303406	-0.0303406	-0.0303406	-0.0303406	
-0.0299617	-0.0299617	-0.0299617	-0.0299617	-0.0299617	-0.0299617	-0.0299617	-0.0299617	
-0.029585	-0.029585	-0.029585	-0.029585	-0.029585	-0.029585	-0.029585	-0.029585	
-0.0292106	-0.0292106	-0.0292106	-0.0292106	-0.0292106	-0.0292106	-0.0292106	-0.0292106	
-0.028839	-0.028839	-0.028839	-0.028839	-0.028839	-0.028839	-0.028839	-0.028839	
-0.0284704	-0.0284704	-0.0284704	-0.0284704	-0.0284704	-0.0284704	-0.0284704	-0.0284704	
-0.0281052	-0.0281052	-0.0281052	-0.0281052	-0.0281052	-0.0281052	-0.0281052	-0.0281052	
-0.0277437	-0.0277437	-0.0277437	-0.0277437	-0.0277437	-0.0277437	-0.0277437	-0.0277437	
-0.0273863	-0.0273863	-0.0273863	-0.0273863	-0.0273863	-0.0273863	-0.0273863	-0.0273863	
-0.0270333	-0.0270333	-0.0270333	-0.0270333	-0.0270333	-0.0270333	-0.0270333	-0.0270333	
-0.026685	-0.026685	-0.026685	-0.026685	-0.026685	-0.026685	-0.026685	-0.026685	
-0.0263419	-0.0263419	-0.0263419	-0.0263419	-0.0263419	-0.0263419	-0.0263419	-0.0263419	
-0.0260042	-0.0260042	-0.0260042	-0.0260042	-0.0260042	-0.0260042	-0.0260042	-0.0260042	
-0.0256723	-0.0256723	-0.0256723	-0.0256723	-0.0256723	-0.0256723	-0.0256723	-0.0256723	
-0.0253465	-0.0253465	-0.0253465	-0.0253465	-0.0253465	-0.0253465	-0.0253465	-0.0253465	
-0.0250271	-0.0250271	-0.0250271	-0.0250271	-0.0250271	-0.0250271	-0.0250271	-0.0250271	
-0.0247146	-0.0247146	-0.0247146	-0.0247146	-0.0247146	-0.0247146	-0.0247146	-0.0247146	
-0.0244092	-0.0244092	-0.0244092	-0.0244092	-0.0244092	-0.0244092	-0.0244092	-0.0244092	
-0.0241113	-0.0241113	-0.0241113	-0.0241113	-0.0241113	-0.0241113	-0.0241113	-0.0241113	
-0.0238212	-0.0238212	-0.0238212	-0.0238212	-0.0238212	-0.0238212	-0.0238212	-0.0238212	
-0.0235393	-0.0235393	-0.0235393	-0.0235393	-0.0235393	-0.0235393	-0.0235393	-0.0235393	
-0.0232659	-0.0232659	-0.0232659	-0.0232659	-0.0232659	-0.0232659	-0.0232659	-0.0232659	
-0.0230014	-0.0230014	-0.0230014	-0.0230014	-0.0230014	-0.0230014	-0.0230014	-0.0230014	
-0.022746	-0.022746	-0.022746	-0.022746	-0.022746	-0.022746	-0.022746	-0.022746	
-0.0225001	-0.0225001	-0.0225001	-0.0225001	-0.0225001	-0.0225001	-0.0225001	-0.0225001	
-0.0222641	-0.0222641	-0.0222641	-0.0222641	-0.0222641	-0.0222641	-0.0222641	-0.0222641	
-0.0220382	-0.0220382	-0.0220382	-0.0220382	-0.0220382	-0.0220382	-0.0220382	-0.0220382	
-0.0218228	-0.0218228	-0.0218228	-0.0218228	-0.0218228	-0.0218228	-0.0218228	-0.0218228	
-0.0216182	-0.0216182	-0.0216182	-0.0216182	-0.0216182	-0.0216182	-0.0216182	-0.0216182	
-0.0214248	-0.0214248	-0.0214248	-0.0214248	-0.0214248	-0.0214248	-0.0214248	-0.0214248	
-0.0212428	-0.0212428	-0.0212428	-0.0212428	-0.0212428	-0.0212428	-0.0212428	-0.0212428	
-0.0210726	-0.0210726	-0.0210726	-0.0210726	-0.0210726	-0.0210726	-0.0210726	-0.0210726	
-0.0209145	-0.0209145	-0.0209145	-0.0209145	-0.0209145	-0.0209145	-0.0209145	-0.0209145	
-0.0207687	-0.0207687	-0.0207687	-0.0207687	-0.0207687	-0.0207687	-0.0207687	-0.0207687	
-0.0206357	-0.0206357	-0.0206357	-0.0206357	-0.0206357	-0.0206357	-0.0206357	-0.0206357	
-0.0205156	-0.0205156	-0.0205156	-0.0205156	-0.0205156	-0.0205156	-0.0205156	-0.0205156	
-0.0204089	-0.0204089	-0.0204089	-0.0204089	-0.0204089	-0.0204089	-0.0204089	-0.0204089	
-0.0203157	-0.0203157	-0.0203157	-0.0203157	-0.0203157	-0.0203157	-0.0203157	-0.0203157	
-0.0202364	-0.0202364	-0.0202364	-0.0202364	-0.0202364	-0.0202364	-0.0202364	-0.0202364	
-0.0201713	-0.0201713	-0.0201713	-0.0201713	-0.0201713	-0.0201713	-0.0201713	-0.0201713	
-0.0201207	-0.0201207	-0.0201207	-0.0201207	-0.0201207	-0.0201207	-0.0201207	-0.0201207	
-0.0200847	-0.0200847	-0.0200847	-0.0200847	-0.0200847	-0.0200847	-0.0200847	-0.0200847	
-0.0200638	-0.0200638	-0.0200638	-0.0200638	-0.0200638	-0.0200638	-0.0200638	-0.0200638	
-0.0200582	-0.0200582	-0.0200582	-0.0200582	-0.0200582	-0.0200582	-0.0200582	-0.0200582	
-0.020068	-0.020068	-0.020068	-0.020068	-0.020068	-0.020068	-0.020068	-0.020068	
-0.0200937	-0.0200937	-0.0200937	-0.0200937	-0.0200937	-0.0200937	-0.0200937	-0.0200937	
-0.0201353	-0.0201353	-0.0201353	-0.0201353	-0.0201353	-0.0201353	-0.0201353	-0.0201353	
-0.0201933	-0.0201933	-0.0201933	-0.0201933	-0.0201933	-0.0201933	-0.0201933	-0.0201933	
-0.0202678	-0.0202678	-0.0202678	-0.0202678	-0.0202678	-0.0202678	-0.0202678	-0.0202678	
-0.020359	-0.020359	-0.020359	-0.020359	-0.020359	-0.020359	-0.020359	-0.020359	
-0.0204673	-0.0204673	-0.0204673	-0.0204673	-0.0204673	-0.0204673	-0.0204673	-0.0204673	
-0.0205927	-0.0205927	-0.0205927	-0.0205927	-0.0205927	-0.0205927	-0.0205927	-0.0205927	
-0.0207356	-0.0207356	-0.0207356	-0.0207356	-0.0207356	-0.0207356	-0.0207356	-0.0207356	
-0.020896	-0.020896	-0.020896	-0.020896	-0.020896	-0.020896	-0.020896	-0.020896	
-0.0210744	-0.0210744	-0.0210744	-0.0210744	-0.0210744	-0.0210744	-0.0210744	-0.0210744	
-0.0212707	-0.0212707	-0.0212707	-0.0212707	-0.0212707	-0.0212707	-0.0212707	-0.0212707	
-0.0214853	-0.0214853	-0.0214853	-0.0214853	-0.0214853	-0.0214853	-0.0214853	-0.0214853	
-0.0217182	-0.0217182	-0.0217182	-0.0217182	-0.0217182	-0.0217182	-0.0217182	-0.0217182	
-0.0219697	-0.0219697	-0.0219697	-0.0219697	-0.0219697	-0.0219697	-0.0219697	-0.0219697	
-0.02224	-0.02224	-0.02224	-0.02224	-0.02224	-0.02224	-0.02224	-0.02224	
-0.0225291	-0.0225291	-0.0225291	-0.0225291	-0.0225291	-0.0225291	-0.0225291	-0.0225291	
-0.0228373	-0.0228373	-0.0228373	-0.0228373	-0.0228373	-0.0228373	-0.0228373	-0.0228373	
-0.0231647	-0.0231647	-0.0231647	-0.0231647	-0.0231647	-0.0231647	-0.0231647	-0.0231647	
-0.0235113	-0.0235113	-0.0235113	-0.0235113	-0.0235113	-0.0235113	-0.0235113	-0.0235113	
-0.0238774	-0.0238774	-0.0238774	-0.0238774	-0.0238774	-0.0238774	-0.0238774	-0.0238774	
-0.0242631	-0.0242631	-0.0242631	-0.0242631	-0.0242631	-0.0242631	-0.0242631	-0.0242631	
-0.0246684	-0.0246684	-0.0246684	-0.0246684	-0.0246684	-0.0246684	-0.0246684	-0.0246684	
-0.0250935	-0.0250935	-0.0250935	-0.0250935	-0.0250935	-0.0250935	-0.0250935	-0.0250935	
-0.0255384	-0.0255384	-0.0255384	-0.0255384	-0.0255384	-0.0255384	-0.0255384	-0.0255384	
-0.0260033	-0.0260033	-0.0260033	-0.0260033	-0.0260033	-0.0260033	-0.0260033	-0.0260033	
-0.0264881	-0.0264881	-0.0264881	-0.0264881	-0.0264881	-0.0264881	-0.0264881	-0.0264881	
-0.0269931	-0.0269931	-0.0269931	-0.0269931	-0.0269931	-0.0269931	-0.0269931	-0.0269931	
-0.0275181	-0.0275181	-0.0275181	-0.0275181	-0.0275181	-0.0275181	-0.0275181	-0.0275181	
-0.0280632	-0.0280632	-0.0280632	-0.0280632	-0.0280632	-0.0280632	-0.0280632	-0.0280632	
-0.0286286	-0.0286286	-0.0286286	-0.0286286	-0.0286286	-0.0286286	-0.0286286	-0.0286286	
-0.0292141	-0.0292141	-0.0292141	-0.0292141	-0.0292141	-0.0292141	-0.0292141	-0.0292141	
-0.0298199	-0.0298199	-0.0298199	-0.0298199	-0.0298199	-0.0298199	-0.0298199	-0.0298199	
-0.0304459	-0.0304459	-0.0304459	-0.0304459	-0.0304459	-0.0304459	-0.0304459	-0.0304459	
-0.031092	-0.031092	-0.031092	-0.031092	-0.031092	-0.031092	-0.031092	-0.031092	
-0.0317584	-0.0317584	-0.0317584	-0.0317584	-0.0317584	-0.0317584	-0.0317584	-0.0317584	
-0.0324449	-0.0324449	-0.0324449	-0.0324449	-0.0324449	-0.0324449	-0.0324449	-0.0324449	
-0.0331515	-0.0331515	-0.0331515	-0.0331515	-0.0331515	-0.0331515	-0.0331515	-0.0331515	
-0.0338782	-0.0338782	-0.0338782	-0.0338782	-0.0338782	-0.0338782	-0.0338782	-0.0338782	
-0.0346249	-0.0346249	-0.0346249	-0.0346249	-0.0346249	-0.0346249	-0.0346249	-0.0346249	
-0.0353914	-0.0353914	-0.0353914	-0.0353914	-0.0353914	-0.0353914	-0.0353914	-0.0353914	
-0.0361778	-0.0361778	-0.0361778	-0.0361778	-0.0361778	-0.0361778	-0.0361778	-0.0361778	
-0.036984	-0.036984	-0.036984	-0.036984	-0.036984	-0.036984	-0.036984	-0.036984	
-0.0378097	-0.0378097	-0.0378097	-0.0378097	-0.0378097	-0.0378097	-0.0378097	-0.0378097	
-0.0386549	-0.0386549	-0.0386549	-0.0386549	-0.0386549	-0.0386549	-0.0386549	-0.0386549	
-0.0395195	-0.0395195	-0.0395195	-0.0395195	-0.0395195	-0.0395195	-0.0395195	-0.0395195	
-0.0404033	-0.0404033	-0.0404033	-0.0404033	-0.0404033	-0.0404033	-0.0404033	-0.0404033	
-0.0413062	-0.0413062	-0.0413062	-0.0413062	-0.0413062	-0.0413062	-0.0413062	-0.0413062	
-0.042228	-0.042228	-0.042228	-0.042228	-0.042228	-0.042228	-0.042228	-0.042228	
-0.0431685	-0.0431685	-0.0431685	-0.0431685	-0.0431685	-0.0431685	-0.0431685	-0.0431685	
-0.0441275	-0.0441275	-0.0441275	-0.0441275	-0.0441275	-0.0441275	-0.0441275	-0.0441275	
-0.0451048	-0.0451048	-0.0451048	-0.0451048	-0.0451048	-0.0451048	-0.0451048	-0.0451048	
-0.0461002	-0.0461002	-0.0461002	-0.0461002	-0.0461002	-0.0461002	-0.0461002	-0.0461002	
-0.0471135	-0.0471135	-0.0471135	-0.0471135	-0.0471135	-0.0471135	-0.0471135	-0.0471135	
-0.0481444	-0.0481444	-0.0481444	-0.0481444	-0.0481444	-0.0481444	-0.0481444	-0.0481444	
-0.0491927	-0.0491927	-0.0491927	-0.0491927	-0.0491927	-0.0491927	-0.0491927	-0.0491927	
-0.050258	-0.050258	-0.050258	-0.050258	-0.050258	-0.050258	-0.050258	-0.050258	
-0.0513403	-0.0513403	-0.0513403	-0.0513403	-0.0513403	-0.0513403	-0.0513403	-0.0513403	
-0.052439	-0.052439	-0.052439	-0.052439	-0.052439	-0.052439	-0.052439	-0.052439	
-0.0535541	-0.0535541	-0.0535541	-0.0535541	-0.0535541	-0.0535541	-0.0535541	-0.0535541	
-0.054685	-0.054685	-0.054685	-0.054685	-0.054685	-0.054685	-0.054685	-0.054685	
-0.0558316	-0.0558316	-0.0558316	-0.0558316	-0.0558316	-0.0558316	-0.0558316	-0.0558316	
-0.0569934	-0.0569934	-0.0569934	-0.0569934	-0.0569934	-0.0569934	-0.0569934	-0.0569934	
-0.0581701	-0.0581701	-0.0581701	-0.0581701	-0.0581701	-0.0581701	-0.0581701	-0.0581701	
-0.0593614	-0.0593614	-0.0593614	-0.0593614	-0.0593614	-0.0593614	-0.0593614	-0.0593614	
-0.0605669	-0.0605669	-0.0605669	-0.0605669	-0.0605669	-0.0605669	-0.0605669	-0.0605669	
-0.0617862	-0.0617862	-0.0617862	-0.0617862	-0.0617862	-0.0617862	-0.0617862	-0.0617862	
-0.063019	-0.063019	-0.063019	-0.063019	-0.063019	-0.063019	-0.063019	-0.063019	
-0.0642647	-0.0642647	-0.0642647	-0.0642647	-0.0642647	-0.0642647	-0.0642647	-0.0642647	
-0.065523	-0.065523	-0.065523	-0.065523	-0.065523	-0.065523	-0.065523	-0.065523	
-0.0667935	-0.0667935	-0.0667935	-0.0667935	-0.0667935	-0.0667935	-0.0667935	-0.0667935	
-0.0680757	-0.0680757	-0.0680757	-0.0680757	-0.0680757	-0.0680757	-0.0680757	-0.0680757	
-0.0693692	-0.0693692	-0.0693692	-0.0693692	-0.0693692	-0.0693692	-0.0693692	-0.0693692	
-0.0706735	-0.0706735	-0.0706735	-0.0706735	-0.0706735	-0.0706735	-0.0706735	-0.0706735	
-0.0719881	-0.0719881	-0.0719881	-0.0719881	-0.0719881	-0.0719881	-0.0719881	-0.0719881	
-0.0733126	-0.0733126	-0.0733126	-0.0733126	-0.0733126	-0.0733126	-0.0733126	-0.0733126	
-0.0746464	-0.0746464	-0.0746464	-0.0746464	-0.0746464	-0.0746464	-0.0746464	-0.0746464	
-0.0759892	-0.0759892	-0.0759892	-0.0759892	-0.0759892	-0.0759892	-0.0759892	-0.0759892	
-0.0773403	-0.0773403	-0.0773403	-0.0773403	-0.0773403	-0.0773403	-0.0773403	-0.0773403	
-0.0786992	-0.0786992	-0.0786992	-0.0786992	-0.0786992	-0.0786992	-0.0786992	-0.0786992	
-0.0800654	-0.0800654	-0.0800654	-0.0800654	-0.0800654	-0.0800654	-0.0800654	-0.0800654	
-0.0814384	-0.0814384	-0.0814384	-0.0814384	-0.0814384	-0.0814384	-0.0814384	-0.0814384	
-0.0828176	-0.0828176	-0.0828176	-0.0828176	-0.0828176	-0.0828176	-0.0828176	-0.0828176	
-0.0842025	-0.0842025	-0.0842025	-0.0842025	-0.0842025	-0.0842025	-0.0842025	-0.0842025	
-0.0855925	-0.0855925	-0.0855925	-0.0855925	-0.0855925	-0.0855925	-0.0855925	-0.0855925	
-0.086987	-0.086987	-0.086987	-0.086987	-0.086987	-0.086987	-0.086987	-0.086987	
-0.0883855	-0.0883855	-0.0883855	-0.0883855	-0.0883855	-0.0883855	-0.0883855	-0.0883855	
-0.0897873	-0.0897873	-0.0897873	-0.0897873	-0.0897873	-0.0897873	-0.0897873	-0.0897873	
-0.0911919	-0.0911919	-0.0911919	-0.0911919	-0.0911919	-0.0911919	-0.0911919	-0.0911919	
-0.0925986	-0.0925986	-0.0925986	-0.0925986	-0.0925986	-0.0925986	-0.0925986	-0.0925986	
-0.094007	-0.094007	-0.094007	-0.094007	-0.094007	-0.094007	-0.094007	-0.094007	
-0.0954162	-0.0954162	-0.0954162	-0.0954162	-0.0954162	-0.0954162	-0.0954162	-0.0954162	
-0.0968258	-0.0968258	-0.0968258	-0.0968258	-0.0968258	-0.0968258	-0.0968258	-0.0968258	
-0.0982351	-0.0982351	-0.0982351	-0.0982351	-0.0982351	-0.0982351	-0.0982351	-0.0982351	
-0.0996435	-0.0996435	-0.0996435	-0.0996435	-0.0996435	-0.0996435	-0.0996435	-0.0996435	
-0.10105	-0.10105	-0.10105	-0.10105	-0.10105	-0.10105	-0.10105	-0.10105	
-0.102455	-0.102455	-0.102455	-0.102455	-0.102455	-0.102455	-0.102455	-0.102455	
-0.103857	-0.103857	-0.103857	-0.103857	-0.103857	-0.103857	-0.103857	-0.103857	
-0.105255	-0.105255	-0.105255	-0.105255	-0.105255	-0.105255	-0.105255	-0.105255	
-0.106649	-0.106649	-0.106649	-0.106649	-0.106649	-0.106649	-0.106649	-0.106649	
-0.108039	-0.108039	-0.108039	-0.108039	-0.108039	-0.108039	-0.108039	-0.108039	
-0.109423	-0.109423	-0.109423	-0.109423	-0.109423	-0.109423	-0.109423	-0.109423	
-0.110801	-0.110801	-0.110801	-0.110801	-0.110801	-0.110801	-0.110801	-0.110801	
-0.112172	-0.112172	-0.112172	-0.112172	-0.112172	-0.112172	-0.112172	-0.112172	
-0.113535	-0.113535	-0.113535	-0.113535	-0.113535	-0.113535	-0.113535	-0.113535	
-0.114891	-0.114891	-0.114891	-0.114891	-0.114891	-0.114891	-0.114891	-0.114891	
-0.116238	-0.116238	-0.116238	-0.116238	-0.116238	-0.116238	-0.116238	-0.116238	
-0.117576	-0.117576	-0.117576	-0.117576	-0.117576	-0.117576	-0.117576	-0.117576	
-0.118903	-0.118903	-0.118903	-0.118903	-0.118903	-0.118903	-0.118903	-0.118903	
-0.12022	-0.12022	-0.12022	-0.12022	-0.12022	-0.12022	-0.12022	-0.12022	
-0.121526	-0.121526	-0.121526	-0.121526	-0.121526	-0.121526	-0.121526	-0.121526	
-0.122819	-0.122819	-0.122819	-0.122819	-0.122819	-0.122819	-0.122819	-0.122819	
-0.1241	-0.1241	-0.1241	-0.1241	-0.1241	-0.1241	-0.1241	-0.1241	
-0.125368	-0.125368	-0.125368	-0.125368	-0.125368	-0.125368	-0.125368	-0.125368	
-0.126622	-0.126622	-0.126622	-0.126622	-0.126622	-0.126622	-0.126622	-0.126622	
-0.127861	-0.127861	-0.127861	-0.127861	-0.127861	-0.127861	-0.127861	-0.127861	
-0.129085	-0.129085	-0.129085	-0.129085	-0.129085	-0.129085	-0.129085	-0.129085	
-0.130293	-0.130293	-0.130293	-0.130293	-0.130293	-0.130293	-0.130293	-0.130293	
-0.131485	-0.131485	-0.131485	-0.131485	-0.131485	-0.131485	-0.131485	-0.131485	
-0.13266	-0.13266	-0.13266	-0.13266	-0.13266	-0.13266	-0.13266	-0.13266	
-0.133817	-0.133817	-0.133817	-0.133817	-0.133817	-0.133817	-0.133817	-0.133817	
-0.134956	-0.134956	-0.134956	-0.134956	-0.134956	-0.134956	-0.134956	-0.134956	
-0.136075	-0.136075	-0.136075	-0.136075	-0.136075	-0.136075	-0.136075	-0.136075	
-0.137176	-0.137176	-0.137176	-0.137176	-0.137176	-0.137176	-0.137176	-0.137176	
-0.138256	-0.138256	-0.138256	-0.138256	-0.138256	-0.138256	-0.138256	-0.138256	
-0.139316	-0.139316	-0.139316	-0.139316	-0.139316	-0.139316	-0.139316	-0.139316	
-0.140355	-0.140355	-0.140355	-0.140355	-0.140355	-0.140355	-0.140355	-0.140355	
-0.141372	-0.141372	-0.141372	-0.141372	-0.141372	-0.141372	-0.141372	-0.141372	
-0.142367	-0.142367	-0.142367	-0.142367	-0.142367	-0.142367	-0.142367	-0.142367	
-0.143339	-0.143339	-0.143339	-0.143339	-0.143339	-0.143339	-0.143339	-0.143339	
-0.144288	-0.144288	-0.144288	-0.144288	-0.144288	-0.144288	-0.144288	-0.144288	
-0.145213	-0.145213	-0.145213	-0.145213	-0.145213	-0.145213	-0.145213	-0.145213	
-0.146114	-0.146114	-0.146114	-0.146114	-0.146114	-0.146114	-0.146114	-0.146114	
-0.14699	-0.14699	-0.14699	-0.14699	-0.14699	-0.14699	-0.14699	-0.14699	
-0.147841	-0.147841	-0.147841	-0.147841	-0.147841	-0.147841	-0.147841	-0.147841	
-0.148666	-0.148666	-0.148666	-0.148666	-0.148666	-0.148666	-0.148666	-0.148666	
-0.149465	-0.149465	-0.149465	-0.149465	-0.149465	-0.149465	-0.149465	-0.149465	
-0.150238	-0.150238	-0.150238	-0.150238	-0.150238	-0.150238	-0.150238	-0.150238	
-0.150983	-0.150983	-0.150983	-0.150983	-0.150983	-0.150983	-0.150983	-0.150983	
-0.151701	-0.151701	-0.151701	-0.151701	-0.151701	-0.151701	-0.151701	-0.151701	
-0.152392	-0.152392	-0.152392	-0.152392	-0.152392	-0.152392	-0.152392	-0.152392	
-0.153054	-0.153054	-0.153054	-0.153054	-0.153054	-0.153054	-0.153054	-0.153054	
-0.153688	-0.153688	-0.153688	-0.153688	-0.153688	-0.153688	-0.153688	-0.153688	
-0.154293	-0.154293	-0.154293	-0.154293	-0.154293	-0.154293	-0.154293	-0.154293	
-0.15487	-0.15487	-0.15487	-0.15487	-0.15487	-0.15487	-0.15487	-0.15487	
-0.155416	-0.155416	-0.155416	-0.155416	-0.155416	-0.155416	-0.155416	-0.155416	
-0.155934	-0.155934	-0.155934	-0.155934	-0.155934	-0.155934	-0.155934	-0.155934	
-0.156421	-0.156421	-0.156421	-0.156421	-0.156421	-0.156421	-0.156421	-0.156421	
-0.156878	-0.156878	-0.156878	-0.156878	-0.156878	-0.156878	-0.156878	-0.156878	
-0.157304	-0.157304	-0.157304	-0.157304	-0.157304	-0.157304	-0.157304	-0.157304	
-0.1577	-0.1577	-0.1577	-0.1577	-0.1577	-0.1577	-0.1577	-0.1577	
-0.158066	-0.158066	-0.158066	-0.158066	-0.158066	-0.158066	-0.158066	-0.158066	
-0.1584	-0.1584	-0.1584	-0.1584	-0.1584	-0.1584	-0.1584	-0.1584	
-0.158703	-0.158703	-0.158703	-0.158703	-0.158703	-0.158703	-0.158703	-0.158703	
-0.158975	-0.158975	-0.158975	-0.158975	-0.158975	-0.158975	-0.158975	-0.158975	
-0.159216	-0.159216	-0.159216	-0.159216	-0.159216	-0.159216	-0.159216	-0.159216	
-0.159425	-0.159425	-0.159425	-0.159425	-0.159425	-0.159425	-0.159425	-0.159425	
-0.159603	-0.159603	-0.159603	-0.159603	-0.159603	-0.159603	-0.159603	-0.159603	
-0.159749	-0.159749	-0.159749	-0.159749	-0.159749	-0.159749	-0.159749	-0.159749	
-0.159863	-0.159863	-0.159863	-0.159863	-0.159863	-0.159863	-0.159863	-0.159863	
-0.159946	-0.159946	-0.159946	-0.159946	-0.159946	-0.159946	-0.159946	-0.159946	
-0.159998	-0.159998	-0.159998	-0.159998	-0.159998	-0.159998	-0.159998	-0.159998	
-0.160017	-0.160017	-0.160017	-0.160017	-0.160017	-0.160017	-0.160017	-0.160017	
-0.160006	-0.160006	-0.160006	-0.160006	-0.160006	-0.160006	-0.160006	-0.160006	
-0.159963	-0.159963	-0.159963	-0.159963	-0.159963	-0.159963	-0.159963	-0.159963	
-0.159888	-0.159888	-0.159888	-0.159888	-0.159888	-0.159888	-0.159888	-0.159888	
-0.159782	-0.159782	-0.159782	-0.159782	-0.159782	-0.159782	-0.159782	-0.159782	
-0.159646	-0.159646	-0.159646	-0.159646	-0.159646	-0.159646	-0.159646	-0.159646	
-0.159478	-0.159478	-0.159478	-0.159478	-0.159478	-0.159478	-0.159478	-0.159478	
-0.159279	-0.159279	-0.159279	-0.159279	-0.159279	-0.159279	-0.159279	-0.159279	
-0.15905	-0.15905	-0.15905	-0.15905	-0.15905	-0.15905	-0.15905	-0.15905	
-0.158791	-0.158791	-0.158791	-0.158791	-0.158791	-0.158791	-0.158791	-0.158791	
-0.158502	-0.158502	-0.158502	-0.158502	-0.158502	-0.158502	-0.158502	-0.158502	
-0.158182	-0.158182	-0.158182	-0.158182	-0.158182	-0.158182	-0.158182	-0.158182	
-0.157834	-0.157834	-0.157834	-0.157834	-0.157834	-0.157834	-0.157834	-0.157834	
-0.157456	-0.157456	-0.157456	-0.157456	-0.157456	-0.157456	-0.157456	-0.157456	
-0.157048	-0.157048	-0.157048	-0.157048	-0.157048	-0.157048	-0.157048	-0.157048	
-0.156613	-0.156613	-0.156613	-0.156613	-0.156613	-0.156613	-0.156613	-0.156613	
-0.156149	-0.156149	-0.156149	-0.156149	-0.156149	-0.156149	-0.156149	-0.156149	
-0.155657	-0.155657	-0.155657	-0.155657	-0.155657	-0.155657	-0.155657	-0.155657	
-0.155138	-0.155138	-0.155138	-0.155138	-0.155138	-0.155138	-0.155138	-0.155138	
-0.154592	-0.154592	-0.154592	-0.154592	-0.154592	-0.154592	-0.154592	-0.154592	
-0.154019	-0.154019	-0.154019	-0.154019	-0.154019	-0.154019	-0.154019	-0.154019	
-0.15342	-0.15342	-0.15342	-0.15342	-0.15342	-0.15342	-0.15342	-0.15342	
-0.152795	-0.152795	-0.152795	-0.152795	-0.152795	-0.152795	-0.152795	-0.152795	
-0.152145	-0.152145	-0.152145	-0.152145	-0.152145	-0.152145	-0.152145	-0.152145	
-0.15147	-0.15147	-0.15147	-0.15147	-0.15147	-0.15147	-0.15147	-0.15147	
-0.150772	-0.150772	-0.150772	-0.150772	-0.150772	-0.150772	-0.150772	-0.150772	
-0.150049	-0.150049	-0.150049	-0.150049	-0.150049	-0.150049	-0.150049	-0.150049	
-0.149304	-0.149304	-0.149304	-0.149304	-0.149304	-0.149304	-0.149304	-0.149304	
-0.148536	-0.148536	-0.148536	-0.148536	-0.148536	-0.148536	-0.148536	-0.148536	
-0.147746	-0.147746	-0.147746	-0.147746	-0.147746	-0.147746	-0.147746	-0.147746	
-0.146934	-0.146934	-0.146934	-0.146934	-0.146934	-0.146934	-0.146934	-0.146934	
-0.146102	-0.146102	-0.146102	-0.146102	-0.146102	-0.146102	-0.146102	-0.146102	
-0.14525	-0.14525	-0.14525	-0.14525	-0.14525	-0.14525	-0.14525	-0.14525	
-0.144379	-0.144379	-0.144379	-0.144379	-0.144379	-0.144379	-0.144379	-0.144379	
-0.143489	-0.143489	-0.143489	-0.143489	-0.143489	-0.143489	-0.143489	-0.143489	
-0.14258	-0.14258	-0.14258	-0.14258	-0.14258	-0.14258	-0.14258	-0.14258	
-0.141655	-0.141655	-0.141655	-0.141655	-0.141655	-0.141655	-0.141655	-0.141655	
-0.140712	-0.140712	-0.140712	-0.140712	-0.140712	-0.140712	-0.140712	-0.140712	
-0.139754	-0.139754	-0.139754	-0.139754	-0.139754	-0.139754	-0.139754	-0.139754	
-0.13878	-0.13878	-0.13878	-0.13878	-0.13878	-0.13878	-0.13878	-0.13878	
-0.137792	-0.137792	-0.137792	-0.137792	-0.137792	-0.137792	-0.137792	-0.137792	
-0.136789	-0.136789	-0.136789	-0.136789	-0.136789	-0.136789	-0.136789	-0.136789	
-0.135774	-0.135774	-0.135774	-0.135774	-0.135774	-0.135774	-0.135774	-0.135774	
-0.134747	-0.134747	-0.134747	-0.134747	-0.134747	-0.134747	-0.134747	-0.134747	
-0.133708	-0.133708	-0.133708	-0.133708	-0.133708	-0.133708	-0.133708	-0.133708	
-0.132658	-0.132658	-0.132658	-0.132658	-0.132658	-0.132658	-0.132658	-0.132658	
-0.131598	-0.131598	-0.131598	-0.131598	-0.131598	-0.131598	-0.131598	-0.131598	
-0.130529	-0.130529	-0.130529	-0.130529	-0.130529	-0.130529	-0.130529	-0.130529	
-0.129451	-0.129451	-0.129451	-0.129451	-0.129451	-0.129451	-0.129451	-0.129451	
-0.128366	-0.128366	-0.128366	-0.128366	-0.128366	-0.128366	-0.128366	-0.128366	
-0.127274	-0.127274	-0.127274	-0.127274	-0.127274	-0.127274	-0.127274	-0.127274	
-0.126176	-0.126176	-0.126176	-0.126176	-0.126176	-0.126176	-0.126176	-0.126176	
-0.125072	-0.125072	-0.125072	-0.125072	-0.125072	-0.125072	-0.125072	-0.125072	
-0.123965	-0.123965	-0.123965	-0.123965	-0.123965	-0.123965	-0.123965	-0.123965	
-0.122853	-0.122853	-0.122853	-0.122853	-0.122853	-0.122853	-0.122853	-0.122853	
-0.121739	-0.121739	-0.121739	-0.121739	-0.121739	-0.121739	-0.121739	-0.121739	
-0.120623	-0.120623	-0.120623	-0.120623	-0.120623	-0.120623	-0.120623	-0.120623	
-0.119505	-0.119505	-0.119505	-0.119505	-0.119505	-0.119505	-0.119505	-0.119505	
-0.118388	-0.118388	-0.118388	-0.118388	-0.118388	-0.118388	-0.118388	-0.118388	
-0.11727	-0.11727	-0.11727	-0.11727	-0.11727	-0.11727	-0.11727	-0.11727	
-0.116154	-0.116154	-0.116154	-0.116154	-0.116154	-0.116154	-0.116154	-0.116154	
-0.11504	-0.11504	-0.11504	-0.11504	-0.11504	-0.11504	-0.11504	-0.11504	
-0.113928	-0.113928	-0.113928	-0.113928	-0.113928	-0.113928	-0.113928	-0.113928	
-0.112821	-0.112821	-0.112821	-0.112821	-0.112821	-0.112821	-0.112821	-0.112821	
-0.111717	-0.111717	-0.111717	-0.111717	-0.111717	-0.111717	-0.111717	-0.111717	
-0.110619	-0.110619	-0.110619	-0.110619	-0.110619	-0.110619	-0.110619	-0.110619	
-0.109527	-0.109527	-0.109527	-0.109527	-0.109527	-0.109527	-0.109527	-0.109527	
-0.108442	-0.108442	-0.108442	-0.108442	-0.108442	-0.108442	-0.108442	-0.108442	
-0.107364	-0.107364	-0.107364	-0.107364	-0.107364	-0.107364	-0.107364	-0.107364	
-0.106295	-0.106295	-0.106295	-0.106295	-0.106295	-0.106295	-0.106295	-0.106295	
-0.105234	-0.105234	-0.105234	-0.105234	-0.105234	-0.105234	-0.105234	-0.105234	
-0.104184	-0.104184	-0.104184	-0.104184	-0.104184	-0.104184	-0.104184	-0.104184	
-0.103143	-0.103143	-0.103143	-0.103143	-0.103143	-0.103143	-0.103143	-0.103143	
-0.102114	-0.102114	-0.102114	-0.102114	-0.102114	-0.102114	-0.102114	-0.102114	
-0.101097	-0.101097	-0.101097	-0.101097	-0.101097	-0.101097	-0.101097	-0.101097	
-0.100093	-0.100093	-0.100093	-0.100093	-0.100093	-0.100093	-0.100093	-0.100093	
-0.0991021	-0.0991021	-0.0991021	-0.0991021	-0.0991021	-0.0991021	-0.0991021	-0.0991021	
-0.0981251	-0.0981251	-0.0981251	-0.0981251	-0.0981251	-0.0981251	-0.0981251	-0.0981251	
-0.0971628	-0.0971628	-0.0971628	-0.0971628	-0.0971628	-0.0971628	-0.0971628	-0.0971628	
-0.0962158	-0.0962158	-0.0962158	-0.0962158	-0.0962158	-0.0962158	-0.0962158	-0.0962158	
-0.0952848	-0.0952848	-0.0952848	-0.0952848	-0.0952848	-0.0952848	-0.0952848	-0.0952848	
-0.0943704	-0.0943704	-0.0943704	-0.0943704	-0.0943704	-0.0943704	-0.0943704	-0.0943704	
-0.0934732	-0.0934732	-0.0934732	-0.0934732	-0.0934732	-0.0934732	-0.0934732	-0.0934732	
-0.0925938	-0.0925938	-0.0925938	-0.0925938	-0.0925938	-0.0925938	-0.0925938	-0.0925938	
-0.0917327	-0.0917327	-0.0917327	-0.0917327	-0.0917327	-0.0917327	-0.0917327	-0.0917327	
-0.0908906	-0.0908906	-0.0908906	-0.0908906	-0.0908906	-0.0908906	-0.0908906	-0.0908906	
-0.090068	-0.090068	-0.090068	-0.090068	-0.090068	-0.090068	-0.090068	-0.090068	
-0.0892653	-0.0892653	-0.0892653	-0.0892653	-0.0892653	-0.0892653	-0.0892653	-0.0892653	
-0.0884832	-0.0884832	-0.0884832	-0.0884832	-0.0884832	-0.0884832	-0.0884832	-0.0884832	
-0.0877221	-0.0877221	-0.0877221	-0.0877221	-0.0877221	-0.0877221	-0.0877221	-0.0877221	
-0.0869825	-0.0869825	-0.0869825	-0.0869825	-0.0869825	-0.0869825	-0.0869825	-0.0869825	
-0.0862648	-0.0862648	-0.0862648	-0.0862648	-0.0862648	-0.0862648	-0.0862648	-0.0862648	
-0.0855695	-0.0855695	-0.0855695	-0.0855695	-0.0855695	-0.0855695	-0.0855695	-0.0855695	
-0.084897	-0.084897	-0.084897	-0.084897	-0.084897	-0.084897	-0.084897	-0.084897	
-0.0842477	-0.0842477	-0.0842477	-0.0842477	-0.0842477	-0.0842477	-0.0842477	-0.0842477	
-0.083622	-0.083622	-0.083622	-0.083622	-0.083622	-0.083622	-0.083622	-0.083622	
-0.0830202	-0.0830202	-0.0830202	-0.0830202	-0.0830202	-0.0830202	-0.0830202	-0.0830202	
-0.0824427	-0.0824427	-0.0824427	-0.0824427	-0.0824427	-0.0824427	-0.0824427	-0.0824427	
-0.0818897	-0.0818897	-0.0818897	-0.0818897	-0.0818897	-0.0818897	-0.0818897	-0.0818897	
-0.0813617	-0.0813617	-0.0813617	-0.0813617	-0.0813617	-0.0813617	-0.0813617	-0.0813617	
-0.0808588	-0.0808588	-0.0808588	-0.0808588	-0.0808588	-0.0808588	-0.0808588	-0.0808588	
-0.0803814	-0.0803814	-0.0803814	-0.0803814	-0.0803814	-0.0803814	-0.0803814	-0.0803814	
-0.0799296	-0.0799296	-0.0799296	-0.0799296	-0.0799296	-0.0799296	-0.0799296	-0.0799296	
-0.0795037	-0.0795037	-0.0795037	-0.0795037	-0.0795037	-0.0795037	-0.0795037	-0.0795037	
-0.0791038	-0.0791038	-0.0791038	-0.0791038	-0.0791038	-0.0791038	-0.0791038	-0.0791038	
-0.0787302	-0.0787302	-0.0787302	-0.0787302	-0.0787302	-0.0787302	-0.0787302	-0.0787302	
-0.0783829	-0.0783829	-0.0783829	-0.0783829	-0.0783829	-0.0783829	-0.0783829	-0.0783829	
-0.0780622	-0.0780622	-0.0780622	-0.0780622	-0.0780622	-0.0780622	-0.0780622	-0.0780622	
-0.0777681	-0.0777681	-0.0777681	-0.0777681	-0.0777681	-0.0777681	-0.0777681	-0.0777681	
-0.0775007	-0.0775007	-0.0775007	-0.0775007	-0.0775007	-0.0775007	-0.0775007	-0.0775007	
-0.07726	-0.07726	-0.07726	-0.07726	-0.07726	-0.07726	-0.07726	-0.07726	
-0.0770461	-0.0770461	-0.0770461	-0.0770461	-0.0770461	-0.0770461	-0.0770461	-0.0770461	
-0.0768591	-0.0768591	-0.0768591	-0.0768591	-0.0768591	-0.0768591	-0.0768591	-0.0768591	
-0.0766989	-0.0766989	-0.0766989	-0.0766989	-0.0766989	-0.0766989	-0.0766989	-0.0766989	
-0.0765655	-0.0765655	-0.0765655	-0.0765655	-0.0765655	-0.0765655	-0.0765655	-0.0765655	
-0.0764588	-0.0764588	-0.0764588	-0.0764588	-0.0764588	-0.0764588	-0.0764588	-0.0764588	
-0.0763788	-0.0763788	-0.0763788	-0.0763788	-0.0763788	-0.0763788	-0.0763788	-0.0763788	
-0.0763254	-0.0763254	-0.0763254	-0.0763254	-0.0763254	-0.0763254	-0.0763254	-0.0763254	
-0.0762985	-0.0762985	-0.0762985	-0.0762985	-0.0762985	-0.0762985	-0.0762985	-0.0762985	
-0.0762979	-0.0762979	-0.0762979	-0.0762979	-0.0762979	-0.0762979	-0.0762979	-0.0762979	
-0.0763235	-0.0763235	-0.0763235	-0.0763235	-0.0763235	-0.0763235	-0.0763235	-0.0763235	
-0.0763752	-0.0763752	-0.0763752	-0.0763752	-0.0763752	-0.0763752	-0.0763752	-0.0763752	
-0.0764527	-0.0764527	-0.0764527	-0.0764527	-0.0764527	-0.0764527	-0.0764527	-0.0764527	
-0.0765558	-0.0765558	-0.0765558	-0.0765558	-0.0765558	-0.0765558	-0.0765558	-0.0765558	
-0.0766843	-0.0766843	-0.0766843	-0.0766843	-0.0766843	-0.0766843	-0.0766843	-0.0766843	
-0.0768379	-0.0768379	-0.0768379	-0.0768379	-0.0768379	-0.0768379	-0.0768379	-0.0768379	
-0.0770164	-0.0770164	-0.0770164	-0.0770164	-0.0770164	-0.0770164	-0.0770164	-0.0770164	
-0.0772194	-0.0772194	-0.0772194	-0.0772194	-0.0772194	-0.0772194	-0.0772194	-0.0772194	
-0.0774467	-0.0774467	-0.0774467	-0.0774467	-0.0774467	-0.0774467	-0.0774467	-0.0774467	
-0.077698	-0.077698	-0.077698	-0.077698	-0.077698	-0.077698	-0.077698	-0.077698	
-0.0779728	-0.0779728	-0.0779728	-0.0779728	-0.0779728	-0.0779728	-0.0779728	-0.0779728	
-0.0782709	-0.0782709	-0.0782709	-0.0782709	-0.0782709	-0.0782709	-0.0782709	-0.0782709	
-0.0785918	-0.0785918	-0.0785918	-0.0785918	-0.0785918	-0.0785918	-0.0785918	-0.0785918	
-0.0789351	-0.0789351	-0.0789351	-0.0789351	-0.0789351	-0.0789351	-0.0789351	-0.0789351	
-0.0793005	-0.0793005	-0.0793005	-0.0793005	-0.0793005	-0.0793005	-0.0793005	-0.0793005	
-0.0796874	-0.0796874	-0.0796874	-0.0796874	-0.0796874	-0.0796874	-0.0796874	-0.0796874	
-0.0800955	-0.0800955	-0.0800955	-0.0800955	-0.0800955	-0.0800955	-0.0800955	-0.0800955	
-0.0805243	-0.0805243	-0.0805243	-0.0805243	-0.0805243	-0.0805243	-0.0805243	-0.0805243	
-0.0809733	-0.0809733	-0.0809733	-0.0809733	-0.0809733	-0.0809733	-0.0809733	-0.0809733	
-0.081442	-0.081442	-0.081442	-0.081442	-0.081442	-0.081442	-0.081442	-0.081442	
-0.08193	-0.08193	-0.08193	-0.08193	-0.08193	-0.08193	-0.08193	-0.08193	
-0.0824366	-0.0824366	-0.0824366	-0.0824366	-0.0824366	-0.0824366	-0.0824366	-0.0824366	
-0.0829614	-0.0829614	-0.0829614	-0.0829614	-0.0829614	-0.0829614	-0.0829614	-0.0829614	
-0.0835038	-0.0835038	-0.0835038	-0.0835038	-0.0835038	-0.0835038	-0.0835038	-0.0835038	
-0.0840632	-0.0840632	-0.0840632	-0.0840632	-0.0840632	-0.0840632	-0.0840632	-0.0840632	
-0.0846392	-0.0846392	-0.0846392	-0.0846392	-0.0846392	-0.0846392	-0.0846392	-0.0846392	
-0.085231	-0.085231	-0.085231	-0.085231	-0.085231	-0.085231	-0.085231	-0.085231	
-0.0858382	-0.0858382	-0.0858382	-0.0858382	-0.0858382	-0.0858382	-0.0858382	-0.0858382	
-0.0864601	-0.0864601	-0.0864601	-0.0864601	-0.0864601	-0.0864601	-0.0864601	-0.0864601	
-0.0870961	-0.0870961	-0.0870961	-0.0870961	-0.0870961	-0.0870961	-0.0870961	-0.0870961	
-0.0877457	-0.0877457	-0.0877457	-0.0877457	-0.0877457	-0.0877457	-0.0877457	-0.0877457	
-0.0884081	-0.0884081	-0.0884081	-0.0884081	-0.0884081	-0.0884081	-0.0884081	-0.0884081	
-0.0890827	-0.0890827	-0.0890827	-0.0890827	-0.0890827	-0.0890827	-0.0890827	-0.0890827	
-0.0897689	-0.0897689	-0.0897689	-0.0897689	-0.0897689	-0.0897689	-0.0897689	-0.0897689	
-0.0904661	-0.0904661	-0.0904661	-0.0904661	-0.0904661	-0.0904661	-0.0904661	-0.0904661	
-0.0911736	-0.0911736	-0.0911736	-0.0911736	-0.0911736	-0.0911736	-0.0911736	-0.0911736	
-0.0918907	-0.0918907	-0.0918907	-0.0918907	-0.0918907	-0.0918907	-0.0918907	-0.0918907	
-0.0926168	-0.0926168	-0.0926168	-0.0926168	-0.0926168	-0.0926168	-0.0926168	-0.0926168	
-0.0933512	-0.0933512	-0.0933512	-0.0933512	-0.0933512	-0.0933512	-0.0933512	-0.0933512	
-0.0940932	-0.0940932	-0.0940932	-0.0940932	-0.0940932	-0.0940932	-0.0940932	-0.0940932	
-0.0948423	-0.0948423	-0.0948423	-0.0948423	-0.0948423	-0.0948423	-0.0948423	-0.0948423	
-0.0955976	-0.0955976	-0.0955976	-0.0955976	-0.0955976	-0.0955976	-0.0955976	-0.0955976	
-0.0963585	-0.0963585	-0.0963585	-0.0963585	-0.0963585	-0.0963585	-0.0963585	-0.0963585	
-0.0971243	-0.0971243	-0.0971243	-0.0971243	-0.0971243	-0.0971243	-0.0971243	-0.0971243	
-0.0978944	-0.0978944	-0.0978944	-0.0978944	-0.0978944	-0.0978944	-0.0978944	-0.0978944	
-0.0986681	-0.0986681	-0.0986681	-0.0986681	-0.0986681	-0.0986681	-0.0986681	-0.0986681	
-0.0994447	-0.0994447	-0.0994447	-0.0994447	-0.0994447	-0.0994447	-0.0994447	-0.0994447	
-0.100223	-0.100223	-0.100223	-0.100223	-0.100223	-0.100223	-0.100223	-0.100223	
-0.101004	-0.101004	-0.101004	-0.101004	-0.101004	-0.101004	-0.101004	-0.101004	
-0.101785	-0.101785	-0.101785	-0.101785	-0.101785	-0.101785	-0.101785	-0.101785	
-0.102566	-0.102566	-0.102566	-0.102566	-0.102566	-0.102566	-0.102566	-0.102566	
-0.103347	-0.103347	-0.103347	-0.103347	-0.103347	-0.103347	-0.103347	-0.103347	
-0.104127	-0.104127	-0.104127	-0.104127	-0.104127	-0.104127	-0.104127	-0.104127	
-0.104905	-0.104905	-0.104905	-0.104905	-0.104905	-0.104905	-0.104905	-0.104905	
-0.10568	-0.10568	-0.10568	-0.10568	-0.10568	-0.10568	-0.10568	-0.10568	
-0.106453	-0.106453	-0.106453	-0.106453	-0.106453	-0.106453	-0.106453	-0.106453	
-0.107221	-0.107221	-0.107221	-0.107221	-0.107221	-0.107221	-0.107221	-0.107221	
-0.107985	-0.107985	-0.107985	-0.107985	-0.107985	-0.107985	-0.107985	-0.107985	
-0.108744	-0.108744	-0.108744	-0.108744	-0.108744	-0.108744	-0.108744	-0.108744	
-0.109498	-0.109498	-0.109498	-0.109498	-0.109498	-0.109498	-0.109498	-0.109498	
-0.110245	-0.110245	-0.110245	-0.110245	-0.110245	-0.110245	-0.110245	-0.110245	
-0.110985	-0.110985	-0.110985	-0.110985	-0.110985	-0.110985	-0.110985	-0.110985	
-0.111718	-0.111718	-0.111718	-0.111718	-0.111718	-0.111718	-0.111718	-0.111718	
-0.112443	-0.112443	-0.112443	-0.112443	-0.112443	-0.112443	-0.112443	-0.112443	
-0.113159	-0.113159	-0.113159	-0.113159	-0.113159	-0.113159	-0.113159	-0.113159	
-0.113866	-0.113866	-0.113866	-0.113866	-0.113866	-0.113866	-0.113866	-0.113866	
-0.114563	-0.114563	-0.114563	-0.114563	-0.114563	-0.114563	-0.114563	-0.114563	
-0.11525	-0.11525	-0.11525	-0.11525	-0.11525	-0.11525	-0.11525	-0.11525	
-0.115926	-0.115926	-0.115926	-0.115926	-0.115926	-0.115926	-0.115926	-0.115926	
-0.11659	-0.11659	-0.11659	-0.11659	-0.11659	-0.11659	-0.11659	-0.11659	
-0.117243	-0.117243	-0.117243	-0.117243	-0.117243	-0.117243	-0.117243	-0.117243	
-0.117883	-0.117883	-0.117883	-0.117883	-0.117883	-0.117883	-0.117883	-0.117883	
-0.11851	-0.11851	-0.11851	-0.11851	-0.11851	-0.11851	-0.11851	-0.11851	
-0.119124	-0.119124	-0.119124	-0.119124	-0.119124	-0.119124	-0.119124	-0.119124	
-0.119724	-0.119724	-0.119724	-0.119724	-0.119724	-0.119724	-0.119724	-0.119724	
-0.12031	-0.12031	-0.12031	-0.12031	-0.12031	-0.12031	-0.12031	-0.12031	
-0.120881	-0.120881	-0.120881	-0.120881	-0.120881	-0.120881	-0.120881	-0.120881	
-0.121437	-0.121437	-0.121437	-0.121437	-0.121437	-0.121437	-0.121437	-0.121437	
-0.121977	-0.121977	-0.121977	-0.121977	-0.121977	-0.121977	-0.121977	-0.121977	
-0.122501	-0.122501	-0.122501	-0.122501	-0.122501	-0.122501	-0.122501	-0.122501	
-0.123009	-0.123009	-0.123009	-0.123009	-0.123009	-0.123009	-0.123009	-0.123009	
-0.123501	-0.123501	-0.123501	-0.123501	-0.123501	-0.123501	-0.123501	-0.123501	
-0.123975	-0.123975	-0.123975	-0.123975	-0.123975	-0.123975	-0.123975	-0.123975	
-0.124432	-0.124432	-0.124432	-0.124432	-0.124432	-0.124432	-0.124432	-0.124432	
-0.124872	-0.124872	-0.124872	-0.124872	-0.124872	-0.124872	-0.124872	-0.124872	
-0.125293	-0.125293	-0.125293	-0.125293	-0.125293	-0.125293	-0.125293	-0.125293	
-0.125696	-0.125696	-0.125696	-0.125696	-0.125696	-0.125696	-0.125696	-0.125696	
-0.126081	-0.126081	-0.126081	-0.126081	-0.126081	-0.126081	-0.126081	-0.126081	
-0.126447	-0.126447	-0.126447	-0.126447	-0.126447	-0.126447	-0.126447	-0.126447	
-0.126794	-0.126794	-0.126794	-0.126794	-0.126794	-0.126794	-0.126794	-0.126794	
-0.127122	-0.127122	-0.127122	-0.127122	-0.127122	-0.127122	-0.127122	-0.127122	
-0.12743	-0.12743	-0.12743	-0.12743	-0.12743	-0.12743	-0.12743	-0.12743	
-0.127719	-0.127719	-0.127719	-0.127719	-0.127719	-0.127719	-0.127719	-0.127719	
-0.127988	-0.127988	-0.127988	-0.127988	-0.127988	-0.127988	-0.127988	-0.127988	
-0.128237	-0.128237	-0.128237	-0.128237	-0.128237	-0.128237	-0.128237	-0.128237	
-0.128466	-0.128466	-0.128466	-0.128466	-0.128466	-0.128466	-0.128466	-0.128466	
-0.128675	-0.128675	-0.128675	-0.128675	-0.128675	-0.128675	-0.128675	-0.128675	
-0.128864	-0.128864	-0.128864	-0.128864	-0.128864	-0.128864	-0.128864	-0.128864	
-0.129033	-0.129033	-0.129033	-0.129033	-0.129033	-0.129033	-0.129033	-0.129033	
-0.129181	-0.129181	-0.129181	-0.129181	-0.129181	-0.129181	-0.129181	-0.129181	
-0.129309	-0.129309	-0.129309	-0.129309	-0.129309	-0.129309	-0.129309	-0.129309	
-0.129416	-0.129416	-0.129416	-0.129416	-0.129416	-0.129416	-0.129416	-0.129416	
-0.129503	-0.129503	-0.129503	-0.129503	-0.129503	-0.129503	-0.129503	-0.129503	
-0.12957	-0.12957	-0.12957	-0.12957	-0.12957	-0.12957	-0.12957	-0.12957	
-0.129616	-0.129616	-0.129616	-0.129616	-0.129616	-0.129616	-0.129616	-0.129616	
-0.129641	-0.129641	-0.129641	-0.129641	-0.129641	-0.129641	-0.129641	-0.129641	
-0.129647	-0.129647	-0.129647	-0.129647	-0.129647	-0.129647	-0.129647	-0.129647	
-0.129632	-0.129632	-0.129632	-0.129632	-0.129632	-0.129632	-0.129632	-0.129632	
-0.129597	-0.129597	-0.129597	-0.129597	-0.129597	-0.129597	-0.129597	-0.129597	
-0.129542	-0.129542	-0.129542	-0.129542	-0.129542	-0.129542	-0.129542	-0.129542	
-0.129467	-0.129467	-0.129467	-0.129467	-0.129467	-0.129467	-0.129467	-0.129467	
-0.129372	-0.129372	-0.129372	-0.129372	-0.129372	-0.129372	-0.129372	-0.129372	
-0.129258	-0.129258	-0.129258	-0.129258	-0.129258	-0.129258	-0.129258	-0.129258	
-0.129124	-0.129124	-0.129124	-0.129124	-0.129124	-0.129124	-0.129124	-0.129124	
-0.128971	-0.128971	-0.128971	-0.128971	-0.128971	-0.128971	-0.128971	-0.128971	
-0.128798	-0.128798	-0.128798	-0.128798	-0.128798	-0.128798	-0.128798	-0.128798	
-0.128607	-0.128607	-0.128607	-0.128607	-0.128607	-0.128607	-0.128607	-0.128607	
-0.128397	-0.128397	-0.128397	-0.128397	-0.128397	-0.128397	-0.128397	-0.128397	
-0.128168	-0.128168	-0.128168	-0.128168	-0.128168	-0.128168	-0.128168	-0.128168	
-0.127922	-0.127922	-0.127922	-0.127922	-0.127922	-0.127922	-0.127922	-0.127922	
-0.127657	-0.127657	-0.127657	-0.127657	-0.127657	-0.127657	-0.127657	-0.127657	
-0.127375	-0.127375	-0.127375	-0.127375	-0.127375	-0.127375	-0.127375	-0.127375	
-0.127075	-0.127075	-0.127075	-0.127075	-0.127075	-0.127075	-0.127075	-0.127075	
-0.126758	-0.126758	-0.126758	-0.126758	-0.126758	-0.126758	-0.126758	-0.126758	
-0.126425	-0.126425	-0.126425	-0.126425	-0.126425	-0.126425	-0.126425	-0.126425	
-0.126074	-0.126074	-0.126074	-0.126074	-0.126074	-0.126074	-0.126074	-0.126074	
-0.125708	-0.125708	-0.125708	-0.125708	-0.125708	-0.125708	-0.125708	-0.125708	
-0.125326	-0.125326	-0.125326	-0.125326	-0.125326	-0.125326	-0.125326	-0.125326	
-0.124929	-0.124929	-0.124929	-0.124929	-0.124929	-0.124929	-0.124929	-0.124929	
-0.124516	-0.124516	-0.124516	-0.124516	-0.124516	-0.124516	-0.124516	-0.124516	
-0.124089	-0.124089	-0.124089	-0.124089	-0.124089	-0.124089	-0.124089	-0.124089	
-0.123648	-0.123648	-0.123648	-0.123648	-0.123648	-0.123648	-0.123648	-0.123648	
-0.123192	-0.123192	-0.123192	-0.123192	-0.123192	-0.123192	-0.123192	-0.123192	
-0.122723	-0.122723	-0.122723	-0.122723	-0.122723	-0.122723	-0.122723	-0.122723	
-0.122241	-0.122241	-0.122241	-0.122241	-0.122241	-0.122241	-0.122241	-0.122241	
-0.121747	-0.121747	-0.121747	-0.121747	-0.121747	-0.121747	-0.121747	-0.121747	
-0.12124	-0.12124	-0.12124	-0.12124	-0.12124	-0.12124	-0.12124	-0.12124	
-0.120721	-0.120721	-0.120721	-0.120721	-0.120721	-0.120721	-0.120721	-0.120721	
-0.120191	-0.120191	-0.120191	-0.120191	-0.120191	-0.120191	-0.120191	-0.120191	
-0.11965	-0.11965	-0.11965	-0.11965	-0.11965	-0.11965	-0.11965	-0.11965	
-0.119098	-0.119098	-0.119098	-0.119098	-0.119098	-0.119098	-0.119098	-0.119098	
-0.118537	-0.118537	-0.118537	-0.118537	-0.118537	-0.118537	-0.118537	-0.118537	
-0.117966	-0.117966	-0.117966	-0.117966	-0.117966	-0.117966	-0.117966	-0.117966	
-0.117386	-0.117386	-0.117386	-0.117386	-0.117386	-0.117386	-0.117386	-0.117386	
-0.116797	-0.116797	-0.116797	-0.116797	-0.116797	-0.116797	-0.116797	-0.116797	
-0.1162	-0.1162	-0.1162	-0.1162	-0.1162	-0.1162	-0.1162	-0.1162	
-0.115596	-0.115596	-0.115596	-0.115596	-0.115596	-0.115596	-0.115596	-0.115596	
-0.114984	-0.114984	-0.114984	-0.114984	-0.114984	-0.114984	-0.114984	-0.114984	
-0.114365	-0.114365	-0.114365	-0.114365	-0.114365	-0.114365	-0.114365	-0.114365	
-0.113741	-0.113741	-0.113741	-0.113741	-0.113741	-0.113741	-0.113741	-0.113741	
-0.113111	-0.113111	-0.113111	-0.113111	-0.113111	-0.113111	-0.113111	-0.113111	
-0.112475	-0.112475	-0.112475	-0.112475	-0.112475	-0.112475	-0.112475	-0.112475	
-0.111835	-0.111835	-0.111835	-0.111835	-0.111835	-0.111835	-0.111835	-0.111835	
-0.111191	-0.111191	-0.111191	-0.111191	-0.111191	-0.111191	-0.111191	-0.111191	
-0.110543	-0.110543	-0.110543	-0.110543	-0.110543	-0.110543	-0.110543	-0.110543	
-0.109891	-0.109891	-0.109891	-0.109891	-0.109891	-0.109891	-0.109891	-0.109891	
-0.109238	-0.109238	-0.109238	-0.109238	-0.109238	-0.109238	-0.109238	-0.109238	
-0.108581	-0.108581	-0.108581	-0.108581	-0.108581	-0.108581	-0.108581	-0.108581	
-0.107923	-0.107923	-0.107923	-0.107923	-0.107923	-0.107923	-0.107923	-0.107923	
-0.107264	-0.107264	-0.107264	-0.107264	-0.107264	-0.107264	-0.107264	-0.107264	
-0.106605	-0.106605	-0.106605	-0.106605	-0.106605	-0.106605	-0.106605	-0.106605	
-0.105944	-0.105944	-0.105944	-0.105944	-0.105944	-0.105944	-0.105944	-0.105944	
-0.105285	-0.105285	-0.105285	-0.105285	-0.105285	-0.105285	-0.105285	-0.105285	
-0.104626	-0.104626	-0.104626	-0.104626	-0.104626	-0.104626	-0.104626	-0.104626	
-0.103968	-0.103968	-0.103968	-0.103968	-0.103968	-0.103968	-0.103968	-0.103968	
-0.103312	-0.103312	-0.103312	-0.103312	-0.103312	-0.103312	-0.103312	-0.103312	
-0.102658	-0.102658	-0.102658	-0.102658	-0.102658	-0.102658	-0.102658	-0.102658	
-0.102006	-0.102006	-0.102006	-0.102006	-0.102006	-0.102006	-0.102006	-0.102006	
-0.101358	-0.101358	-0.101358	-0.101358	-0.101358	-0.101358	-0.101358	-0.101358	
-0.100713	-0.100713	-0.100713	-0.100713	-0.100713	-0.100713	-0.100713	-0.100713	
-0.100073	-0.100073	-0.100073	-0.100073	-0.100073	-0.100073	-0.100073	-0.100073	
-0.0994364	-0.0994364	-0.0994364	-0.0994364	-0.0994364	-0.0994364	-0.0994364	-0.0994364	
-0.0988052	-0.0988052	-0.0988052	-0.0988052	-0.0988052	-0.0988052	-0.0988052	-0.0988052	
-0.0981793	-0.0981793	-0.0981793	-0.0981793	-0.0981793	-0.0981793	-0.0981793	-0.0981793	
-0.0975593	-0.0975593	-0.0975593	-0.0975593	-0.0975593	-0.0975593	-0.0975593	-0.0975593	
-0.0969454	-0.0969454	-0.0969454	-0.0969454	-0.0969454	-0.0969454	-0.0969454	-0.0969454	
-0.0963382	-0.0963382	-0.0963382	-0.0963382	-0.0963382	-0.0963382	-0.0963382	-0.0963382	
-0.0957381	-0.0957381	-0.0957381	-0.0957381	-0.0957381	-0.0957381	-0.0957381	-0.0957381	
-0.0951454	-0.0951454	-0.0951454	-0.0951454	-0.0951454	-0.0951454	-0.0951454	-0.0951454	
-0.0945606	-0.0945606	-0.0945606	-0.0945606	-0.0945606	-0.0945606	-0.0945606	-0.0945606	
-0.0939841	-0.0939841	-0.0939841	-0.0939841	-0.0939841	-0.0939841	-0.0939841	-0.0939841	
-0.0934162	-0.0934162	-0.0934162	-0.0934162	-0.0934162	-0.0934162	-0.0934162	-0.0934162	
-0.0928573	-0.0928573	-0.0928573	-0.0928573	-0.0928573	-0.0928573	-0.0928573	-0.0928573	
-0.0923078	-0.0923078	-0.0923078	-0.0923078	-0.0923078	-0.0923078	-0.0923078	-0.0923078	
-0.091768	-0.091768	-0.091768	-0.091768	-0.091768	-0.091768	-0.091768	-0.091768	
-0.0912383	-0.0912383	-0.0912383	-0.0912383	-0.0912383	-0.0912383	-0.0912383	-0.0912383	
-0.090719	-0.090719	-0.090719	-0.090719	-0.090719	-0.090719	-0.090719	-0.090719	
-0.0902105	-0.0902105	-0.0902105	-0.0902105	-0.0902105	-0.0902105	-0.0902105	-0.0902105	
-0.0897131	-0.0897131	-0.0897131	-0.0897131	-0.0897131	-0.0897131	-0.0897131	-0.0897131	
-0.089227	-0.089227	-0.089227	-0.089227	-0.089227	-0.089227	-0.089227	-0.089227	
-0.0887526	-0.0887526	-0.0887526	-0.0887526	-0.0887526	-0.0887526	-0.0887526	-0.0887526	
-0.0882902	-0.0882902	-0.0882902	-0.0882902	-0.0882902	-0.0882902	-0.0882902	-0.0882902	
-0.08784	-0.08784	-0.08784	-0.08784	-0.08784	-0.08784	-0.08784	-0.08784	
-0.0874024	-0.0874024	-0.0874024	-0.0874024	-0.0874024	-0.0874024	-0.0874024	-0.0874024	
-0.0869775	-0.0869775	-0.0869775	-0.0869775	-0.0869775	-0.0869775	-0.0869775	-0.0869775	
-0.0865657	-0.0865657	-0.0865657	-0.0865657	-0.0865657	-0.0865657	-0.0865657	-0.0865657	
-0.0861672	-0.0861672	-0.0861672	-0.0861672	-0.0861672	-0.0861672	-0.0861672	-0.0861672	
-0.0857821	-0.0857821	-0.0857821	-0.0857821	-0.0857821	-0.0857821	-0.0857821	-0.0857821	
-0.0854108	-0.0854108	-0.0854108	-0.0854108	-0.0854108	-0.0854108	-0.0854108	-0.0854108	
-0.0850534	-0.0850534	-0.0850534	-0.0850534	-0.0850534	-0.0850534	-0.0850534	-0.0850534	
-0.0847101	-0.0847101	-0.0847101	-0.0847101	-0.0847101	-0.0847101	-0.0847101	-0.0847101	
-0.0843811	-0.0843811	-0.0843811	-0.0843811	-0.0843811	-0.0843811	-0.0843811	-0.0843811	
-0.0840666	-0.0840666	-0.0840666	-0.0840666	-0.0840666	-0.0840666	-0.0840666	-0.0840666	
-0.0837667	-0.0837667	-0.0837667	-0.0837667	-0.0837667	-0.0837667	-0.0837667	-0.0837667	
-0.0834816	-0.0834816	-0.0834816	-0.0834816	-0.0834816	-0.0834816	-0.0834816	-0.0834816	
-0.0832114	-0.0832114	-0.0832114	-0.0832114	-0.0832114	-0.0832114	-0.0832114	-0.0832114	
-0.0829563	-0.0829563	-0.0829563	-0.0829563	-0.0829563	-0.0829563	-0.0829563	-0.0829563	
-0.0827164	-0.0827164	-0.0827164	-0.0827164	-0.0827164	-0.0827164	-0.0827164	-0.0827164	
-0.0824917	-0.0824917	-0.0824917	-0.0824917	-0.0824917	-0.0824917	-0.0824917	-0.0824917	
-0.0822824	-0.0822824	-0.0822824	-0.0822824	-0.0822824	-0.0822824	-0.0822824	-0.0822824	
-0.0820886	-0.0820886	-0.0820886	-0.0820886	-0.0820886	-0.0820886	-0.0820886	-0.0820886	
-0.0819102	-0.0819102	-0.0819102	-0.0819102	-0.0819102	-0.0819102	-0.0819102	-0.0819102	
-0.0817475	-0.0817475	-0.0817475	-0.0817475	-0.0817475	-0.0817475	-0.0817475	-0.0817475	
-0.0816004	-0.0816004	-0.0816004	-0.0816004	-0.0816004	-0.0816004	-0.0816004	-0.0816004	
-0.081469	-0.081469	-0.081469	-0.081469	-0.081469	-0.081469	-0.081469	-0.081469	
-0.0813532	-0.0813532	-0.0813532	-0.0813532	-0.0813532	-0.0813532	-0.0813532	-0.0813532	
-0.0812532	-0.0812532	-0.0812532	-0.0812532	-0.0812532	-0.0812532	-0.0812532	-0.0812532	
-0.0811689	-0.0811689	-0.0811689	-0.0811689	-0.0811689	-0.0811689	-0.0811689	-0.0811689	
-0.0811003	-0.0811003	-0.0811003	-0.0811003	-0.0811003	-0.0811003	-0.0811003	-0.0811003	
-0.0810474	-0.0810474	-0.0810474	-0.0810474	-0.0810474	-0.0810474	-0.0810474	-0.0810474	
-0.0810101	-0.0810101	-0.0810101	-0.0810101	-0.0810101	-0.0810101	-0.0810101	-0.0810101	
-0.0809885	-0.0809885	-0.0809885	-0.0809885	-0.0809885	-0.0809885	-0.0809885	-0.0809885	
-0.0809824	-0.0809824	-0.0809824	-0.0809824	-0.0809824	-0.0809824	-0.0809824	-0.0809824	
-0.0809918	-0.0809918	-0.0809918	-0.0809918	-0.0809918	-0.0809918	-0.0809918	-0.0809918	
-0.0810167	-0.0810167	-0.0810167	-0.0810167	-0.0810167	-0.0810167	-0.0810167	-0.0810167	
-0.0810569	-0.0810569	-0.0810569	-0.0810569	-0.0810569	-0.0810569	-0.0810569	-0.0810569	
-0.0811123	-0.0811123	-0.0811123	-0.0811123	-0.0811123	-0.0811123	-0.0811123	-0.0811123	
-0.0811829	-0.0811829	-0.0811829	-0.0811829	-0.0811829	-0.0811829	-0.0811829	-0.0811829	
-0.0812686	-0.0812686	-0.0812686	-0.0812686	-0.0812686	-0.0812686	-0.0812686	-0.0812686	
-0.0813691	-0.0813691	-0.0813691	-0.0813691	-0.0813691	-0.0813691	-0.0813691	-0.0813691	
-0.0814844	-0.0814844	-0.0814844	-0.0814844	-0.0814844	-0.0814844	-0.0814844	-0.0814844	
-0.0816144	-0.0816144	-0.0816144	-0.0816144	-0.0816144	-0.0816144	-0.0816144	-0.0816144	
-0.0817588	-0.0817588	-0.0817588	-0.0817588	-0.0817588	-0.0817588	-0.0817588	-0.0817588	
-0.0819176	-0.0819176	-0.0819176	-0.0819176	-0.0819176	-0.0819176	-0.0819176	-0.0819176	
-0.0820905	-0.0820905	-0.0820905	-0.0820905	-0.0820905	-0.0820905	-0.0820905	-0.0820905	
-0.0822773	-0.0822773	-0.0822773	-0.0822773	-0.0822773	-0.0822773	-0.0822773	-0.0822773	
-0.0824779	-0.0824779	-0.0824779	-0.0824779	-0.0824779	-0.0824779	-0.0824779	-0.0824779	
-0.0826921	-0.0826921	-0.0826921	-0.0826921	-0.0826921	-0.0826921	-0.0826921	-0.0826921	
-0.0829197	-0.0829197	-0.0829197	-0.0829197	-0.0829197	-0.0829197	-0.0829197	-0.0829197	
-0.0831604	-0.0831604	-0.0831604	-0.0831604	-0.0831604	-0.0831604	-0.0831604	-0.0831604	
-0.083414	-0.083414	-0.083414	-0.083414	-0.083414	-0.083414	-0.083414	-0.083414	
-0.0836802	-0.0836802	-0.0836802	-0.0836802	-0.0836802	-0.0836802	-0.0836802	-0.0836802	
-0.083959	-0.083959	-0.083959	-0.083959	-0.083959	-0.083959	-0.083959	-0.083959	
-0.0842499	-0.0842499	-0.0842499	-0.0842499	-0.0842499	-0.0842499	-0.0842499	-0.0842499	
-0.0845527	-0.0845527	-0.0845527	-0.0845527	-0.0845527	-0.0845527	-0.0845527	-0.0845527	
-0.0848672	-0.0848672	-0.0848672	-0.0848672	-0.0848672	-0.0848672	-0.0848672	-0.0848672	
-0.0851931	-0.0851931	-0.0851931	-0.0851931	-0.0851931	-0.0851931	-0.0851931	-0.0851931	
-0.0855301	-0.0855301	-0.0855301	-0.0855301	-0.0855301	-0.0855301	-0.0855301	-0.0855301	
-0.085878	-0.085878	-0.085878	-0.085878	-0.085878	-0.085878	-0.085878	-0.085878	
-0.0862363	-0.0862363	-0.0862363	-0.0862363	-0.0862363	-0.0862363	-0.0862363	-0.0862363	
-0.086605	-0.086605	-0.086605	-0.086605	-0.086605	-0.086605	-0.086605	-0.086605	
-0.0869835	-0.0869835	-0.0869835	-0.0869835	-0.0869835	-0.0869835	-0.0869835	-0.0869835	
-0.0873717	-0.0873717	-0.0873717	-0.0873717	-0.0873717	-0.0873717	-0.0873717	-0.0873717	
-0.0877691	-0.0877691	-0.0877691	-0.0877691	-0.0877691	-0.0877691	-0.0877691	-0.0877691	
-0.0881756	-0.0881756	-0.0881756	-0.0881756	-0.0881756	-0.0881756	-0.0881756	-0.0881756	
-0.0885906	-0.0885906	-0.0885906	-0.0885906	-0.0885906	-0.0885906	-0.0885906	-0.0885906	
-0.089014	-0.089014	-0.089014	-0.089014	-0.089014	-0.089014	-0.089014	-0.089014	
-0.0894454	-0.0894454	-0.0894454	-0.0894454	-0.0894454	-0.0894454	-0.0894454	-0.0894454	
-0.0898844	-0.0898844	-0.0898844	-0.0898844	-0.0898844	-0.0898844	-0.0898844	-0.0898844	
-0.0903307	-0.0903307	-0.0903307	-0.0903307	-0.0903307	-0.0903307	-0.0903307	-0.0903307	
-0.090784	-0.090784	-0.090784	-0.090784	-0.090784	-0.090784	-0.090784	-0.090784	
-0.0912438	-0.0912438	-0.0912438	-0.0912438	-0.0912438	-0.0912438	-0.0912438	-0.0912438	
-0.0917098	-0.0917098	-0.0917098	-0.0917098	-0.0917098	-0.0917098	-0.0917098	-0.0917098	
-0.0921817	-0.0921817	-0.0921817	-0.0921817	-0.0921817	-0.0921817	-0.0921817	-0.0921817	
-0.0926591	-0.0926591	-0.0926591	-0.0926591	-0.0926591	-0.0926591	-0.0926591	-0.0926591	
-0.0931416	-0.0931416	-0.0931416	-0.0931416	-0.0931416	-0.0931416	-0.0931416	-0.0931416	
-0.0936288	-0.0936288	-0.0936288	-0.0936288	-0.0936288	-0.0936288	-0.0936288	-0.0936288	
-0.0941204	-0.0941204	-0.0941204	-0.0941204	-0.0941204	-0.0941204	-0.0941204	-0.0941204	
-0.094616	-0.094616	-0.094616	-0.094616	-0.094616	-0.094616	-0.094616	-0.094616	
-0.0951152	-0.0951152	-0.0951152	-0.0951152	-0.0951152	-0.0951152	-0.0951152	-0.0951152	
-0.0956177	-0.0956177	-0.0956177	-0.0956177	-0.0956177	-0.0956177	-0.0956177	-0.0956177	
-0.096123	-0.096123	-0.096123	-0.096123	-0.096123	-0.096123	-0.096123	-0.096123	
-0.0966308	-0.0966308	-0.0966308	-0.0966308	-0.0966308	-0.0966308	-0.0966308	-0.0966308	
-0.0971407	-0.0971407	-0.0971407	-0.0971407	-0.0971407	-0.0971407	-0.0971407	-0.0971407	
-0.0976522	-0.0976522	-0.0976522	-0.0976522	-0.0976522	-0.0976522	-0.0976522	-0.0976522	
-0.0981651	-0.0981651	-0.0981651	-0.0981651	-0.0981651	-0.0981651	-0.0981651	-0.0981651	
-0.0986789	-0.0986789	-0.0986789	-0.0986789	-0.0986789	-0.0986789	-0.0986789	-0.0986789	
-0.0991932	-0.0991932	-0.0991932	-0.0991932	-0.0991932	-0.0991932	-0.0991932	-0.0991932	
-0.0997077	-0.0997077	-0.0997077	-0.0997077	-0.0997077	-0.0997077	-0.0997077	-0.0997077	
-0.100222	-0.100222	-0.100222	-0.100222	-0.100222	-0.100222	-0.100222	-0.100222	
-0.100736	-0.100736	-0.100736	-0.100736	-0.100736	-0.100736	-0.100736	-0.100736	
-0.101248	-0.101248	-0.101248	-0.101248	-0.101248	-0.101248	-0.101248	-0.101248	
-0.101759	-0.101759	-0.101759	-0.101759	-0.101759	-0.101759	-0.101759	-0.101759	
-0.102269	-0.102269	-0.102269	-0.102269	-0.102269	-0.102269	-0.102269	-0.102269	
-0.102776	-0.102776	-0.102776	-0.102776	-0.102776	-0.102776	-0.102776	-0.102776	
-0.103281	-0.103281	-0.103281	-0.103281	-0.103281	-0.103281	-0.103281	-0.103281	
-0.103783	-0.103783	-0.103783	-0.103783	-0.103783	-0.103783	-0.103783	-0.103783	
-0.104281	-0.104281	-0.104281	-0.104281	-0.104281	-0.104281	-0.104281	-0.104281	
-0.104776	-0.104776	-0.104776	-0.104776	-0.104776	-0.104776	-0.104776	-0.104776	
-0.105267	-0.105267	-0.105267	-0.105267	-0.105267	-0.105267	-0.105267	-0.105267	
-0.105754	-0.105754	-0.105754	-0.105754	-0.105754	-0.105754	-0.105754	-0.105754	
-0.106236	-0.106236	-0.106236	-0.106236	-0.106236	-0.106236	-0.106236	-0.106236	
-0.106712	-0.106712	-0.106712	-0.106712	-0.106712	-0.106712	-0.106712	-0.106712	
-0.107183	-0.107183	-0.107183	-0.107183	-0.107183	-0.107183	-0.107183	-0.107183	
-0.107649	-0.107649	-0.107649	-0.107649	-0.107649	-0.107649	-0.107649	-0.107649	
-0.108108	-0.108108	-0.108108	-0.108108	-0.108108	-0.108108	-0.108108	-0.108108	
-0.10856	-0.10856	-0.10856	-0.10856	-0.10856	-0.10856	-0.10856	-0.10856	
-0.109006	-0.109006	-0.109006	-0.109006	-0.109006	-0.109006	-0.109006	-0.109006	
-0.109445	-0.109445	-0.109445	-0.109445	-0.109445	-0.109445	-0.109445	-0.109445	
-0.109876	-0.109876	-0.109876	-0.109876	-0.109876	-0.109876	-0.109876	-0.109876	
-0.110299	-0.110299	-0.110299	-0.110299	-0.110299	-0.110299	-0.110299	-0.110299	
-0.110714	-0.110714	-0.110714	-0.110714	-0.110714	-0.110714	-0.110714	-0.110714	
-0.11112	-0.11112	-0.11112	-0.11112	-0.11112	-0.11112	-0.11112	-0.11112	
-0.111518	-0.111518	-0.111518	-0.111518	-0.111518	-0.111518	-0.111518	-0.111518	
-0.111906	-0.111906	-0.111906	-0.111906	-0.111906	-0.111906	-0.111906	-0.111906	
-0.112285	-0.112285	-0.112285	-0.112285	-0.112285	-0.112285	-0.112285	-0.112285	
-0.112655	-0.112655	-0.112655	-0.112655	-0.112655	-0.112655	-0.112655	-0.112655	
-0.113014	-0.113014	-0.113014	-0.113014	-0.113014	-0.113014	-0.113014	-0.113014	
-0.113364	-0.113364	-0.113364	-0.113364	-0.113364	-0.113364	-0.113364	-0.113364	
-0.113702	-0.113702	-0.113702	-0.113702	-0.113702	-0.113702	-0.113702	-0.113702	
-0.11403	-0.11403	-0.11403	-0.11403	-0.11403	-0.11403	-0.11403	-0.11403	
-0.114347	-0.114347	-0.114347	-0.114347	-0.114347	-0.114347	-0.114347	-0.114347	
-0.114652	-0.114652	-0.114652	-0.114652	-0.114652	-0.114652	-0.114652	-0.114652	
-0.114946	-0.114946	-0.114946	-0.114946	-0.114946	-0.114946	-0.114946	-0.114946	
-0.115228	-0.115228	-0.115228	-0.115228	-0.115228	-0.115228	-0.115228	-0.115228	
-0.115499	-0.115499	-0.115499	-0.115499	-0.115499	-0.115499	-0.115499	-0.115499	
-0.115757	-0.115757	-0.115757	-0.115757	-0.115757	-0.115757	-0.115757	-0.115757	
-0.116002	-0.116002	-0.116002	-0.116002	-0.116002	-0.116002	-0.116002	-0.116002	
-0.116235	-0.116235	-0.116235	-0.116235	-0.116235	-0.116235	-0.116235	-0.116235	
-0.116455	-0.116455	-0.116455	-0.116455	-0.116455	-0.116455	-0.116455	-0.116455	
-0.116662	-0.116662	-0.116662	-0.116662	-0.116662	-0.116662	-0.116662	-0.116662	
-0.116855	-0.116855	-0.116855	-0.116855	-0.116855	-0.116855	-0.116855	-0.116855	
-0.117036	-0.117036	-0.117036	-0.117036	-0.117036	-0.117036	-0.117036	-0.117036	
-0.117203	-0.117203	-0.117203	-0.117203	-0.117203	-0.117203	-0.117203	-0.117203	
-0.117356	-0.117356	-0.117356	-0.117356	-0.117356	-0.117356	-0.117356	-0.117356	
-0.117495	-0.117495	-0.117495	-0.117495	-0.117495	-0.117495	-0.117495	-0.117495	
-0.11762	-0.11762	-0.11762	-0.11762	-0.11762	-0.11762	-0.11762	-0.11762	
-0.117731	-0.117731	-0.117731	-0.117731	-0.117731	-0.117731	-0.117731	-0.117731	
-0.117828	-0.117828	-0.117828	-0.117828	-0.117828	-0.117828	-0.117828	-0.117828	
-0.117911	-0.117911	-0.117911	-0.117911	-0.117911	-0.117911	-0.117911	-0.117911	
-0.117979	-0.117979	-0.117979	-0.117979	-0.117979	-0.117979	-0.117979	-0.117979	
-0.118033	-0.118033	-0.118033	-0.118033	-0.118033	-0.118033	-0.118033	-0.118033	
-0.118072	-0.118072	-0.118072	-0.118072	-0.118072	-0.118072	-0.118072	-0.118072	
-0.118096	-0.118096	-0.118096	-0.118096	-0.118096	-0.118096	-0.118096	-0.118096	
-0.118106	-0.118106	-0.118106	-0.118106	-0.118106	-0.118106	-0.118106	-0.118106	
-0.118101	-0.118101	-0.118101	-0.118101	-0.118101	-0.118101	-0.118101	-0.118101	
-0.118081	-0.118081	-0.118081	-0.118081	-0.118081	-0.118081	-0.118081	-0.118081	
-0.118046	-0.118046	-0.118046	-0.118046	-0.118046	-0.118046	-0.118046	-0.118046	
-0.117996	-0.117996	-0.117996	-0.117996	-0.117996	-0.117996	-0.117996	-0.117996	
-0.117932	-0.117932	-0.117932	-0.117932	-0.117932	-0.117932	-0.117932	-0.117932	
-0.117852	-0.117852	-0.117852	-0.117852	-0.117852	-0.117852	-0.117852	-0.117852	
-0.117758	-0.117758	-0.117758	-0.117758	-0.117758	-0.117758	-0.117758	-0.117758	
-0.117649	-0.117649	-0.117649	-0.117649	-0.117649	-0.117649	-0.117649	-0.117649	
-0.117525	-0.117525	-0.117525	-0.117525	-0.117525	-0.117525	-0.117525	-0.117525	
-0.117386	-0.117386	-0.117386	-0.117386	-0.117386	-0.117386	-0.117386	-0.117386	
-0.117232	-0.117232	-0.117232	-0.117232	-0.117232	-0.117232	-0.117232	-0.117232	
-0.117064	-0.117064	-0.117064	-0.117064	-0.117064	-0.117064	-0.117064	-0.117064	
-0.116881	-0.116881	-0.116881	-0.116881	-0.116881	-0.116881	-0.116881	-0.116881	
-0.116683	-0.116683	-0.116683	-0.116683	-0.116683	-0.116683	-0.116683	-0.116683	
-0.116471	-0.116471	-0.116471	-0.116471	-0.116471	-0.116471	-0.116471	-0.116471	
-0.116245	-0.116245	-0.116245	-0.116245	-0.116245	-0.116245	-0.116245	-0.116245	
-0.116004	-0.116004	-0.116004	-0.116004	-0.116004	-0.116004	-0.116004	-0.116004	
-0.115749	-0.115749	-0.115749	-0.115749	-0.115749	-0.115749	-0.115749	-0.115749	
-0.11548	-0.11548	-0.11548	-0.11548	-0.11548	-0.11548	-0.11548	-0.11548	
-0.115197	-0.115197	-0.115197	-0.115197	-0.115197	-0.115197	-0.115197	-0.115197	
-0.114901	-0.114901	-0.114901	-0.114901	-0.114901	-0.114901	-0.114901	-0.114901	
-0.114591	-0.114591	-0.114591	-0.114591	-0.114591	-0.114591	-0.114591	-0.114591	
-0.114267	-0.114267	-0.114267	-0.114267	-0.114267	-0.114267	-0.114267	-0.114267	
-0.11393	-0.11393	-0.11393	-0.11393	-0.11393	-0.11393	-0.11393	-0.11393	
-0.113579	-0.113579	-0.113579	-0.113579	-0.113579	-0.113579	-0.113579	-0.113579	
-0.113216	-0.113216	-0.113216	-0.113216	-0.113216	-0.113216	-0.113216	-0.113216	
-0.11284	-0.11284	-0.11284	-0.11284	-0.11284	-0.11284	-0.11284	-0.11284	
-0.112452	-0.112452	-0.112452	-0.112452	-0.112452	-0.112452	-0.112452	-0.112452	
-0.112051	-0.112051	-0.112051	-0.112051	-0.112051	-0.112051	-0.112051	-0.112051	
-0.111638	-0.111638	-0.111638	-0.111638	-0.111638	-0.111638	-0.111638	-0.111638	
-0.111213	-0.111213	-0.111213	-0.111213	-0.111213	-0.111213	-0.111213	-0.111213	
-0.110776	-0.110776	-0.110776	-0.110776	-0.110776	-0.110776	-0.110776	-0.110776	
-0.110328	-0.110328	-0.110328	-0.110328	-0.110328	-0.110328	-0.110328	-0.110328	
-0.109869	-0.109869	-0.109869	-0.109869	-0.109869	-0.109869	-0.109869	-0.109869	
-0.109399	-0.109399	-0.109399	-0.109399	-0.109399	-0.109399	-0.109399	-0.109399	
-0.108918	-0.108918	-0.108918	-0.108918	-0.108918	-0.108918	-0.108918	-0.108918	
-0.108426	-0.108426	-0.108426	-0.108426	-0.108426	-0.108426	-0.108426	-0.108426	
-0.107925	-0.107925	-0.107925	-0.107925	-0.107925	-0.107925	-0.107925	-0.107925	
-0.107413	-0.107413	-0.107413	-0.107413	-0.107413	-0.107413	-0.107413	-0.107413	
-0.106893	-0.106893	-0.106893	-0.106893	-0.106893	-0.106893	-0.106893	-0.106893	
-0.106362	-0.106362	-0.106362	-0.106362	-0.106362	-0.106362	-0.106362	-0.106362	
-0.105823	-0.105823	-0.105823	-0.105823	-0.105823	-0.105823	-0.105823	-0.105823	
-0.105275	-0.105275	-0.105275	-0.105275	-0.105275	-0.105275	-0.105275	-0.105275	
-0.104719	-0.104719	-0.104719	-0.104719	-0.104719	-0.104719	-0.104719	-0.104719	
-0.104155	-0.104155	-0.104155	-0.104155	-0.104155	-0.104155	-0.104155	-0.104155	
-0.103583	-0.103583	-0.103583	-0.103583	-0.103583	-0.103583	-0.103583	-0.103583	
-0.103004	-0.103004	-0.103004	-0.103004	-0.103004	-0.103004	-0.103004	-0.103004	
-0.102417	-0.102417	-0.102417	-0.102417	-0.102417	-0.102417	-0.102417	-0.102417	
-0.101824	-0.101824	-0.101824	-0.101824	-0.101824	-0.101824	-0.101824	-0.101824	
-0.101225	-0.101225	-0.101225	-0.101225	-0.101225	-0.101225	-0.101225	-0.101225	
-0.100619	-0.100619	-0.100619	-0.100619	-0.100619	-0.100619	-0.100619	-0.100619	
-0.100008	-0.100008	-0.100008	-0.100008	-0.100008	-0.100008	-0.100008	-0.100008	
-0.0993911	-0.0993911	-0.0993911	-0.0993911	-0.0993911	-0.0993911	-0.0993911	-0.0993911	
-0.0987695	-0.0987695	-0.0987695	-0.0987695	-0.0987695	-0.0987695	-0.0987695	-0.0987695	
-0.0981433	-0.0981433	-0.0981433	-0.0981433	-0.0981433	-0.0981433	-0.0981433	-0.0981433	
-0.0975128	-0.0975128	-0.0975128	-0.0975128	-0.0975128	-0.0975128	-0.0975128	-0.0975128	
-0.0968784	-0.0968784	-0.0968784	-0.0968784	-0.0968784	-0.0968784	-0.0968784	-0.0968784	
-0.0962404	-0.0962404	-0.0962404	-0.0962404	-0.0962404	-0.0962404	-0.0962404	-0.0962404	
-0.0955993	-0.0955993	-0.0955993	-0.0955993	-0.0955993	-0.0955993	-0.0955993	-0.0955993	
-0.0949554	-0.0949554	-0.0949554	-0.0949554	-0.0949554	-0.0949554	-0.0949554	-0.0949554	
-0.0943091	-0.0943091	-0.0943091	-0.0943091	-0.0943091	-0.0943091	-0.0943091	-0.0943091	
-0.0936607	-0.0936607	-0.0936607	-0.0936607	-0.0936607	-0.0936607	-0.0936607	-0.0936607	
-0.0930106	-0.0930106	-0.0930106	-0.0930106	-0.0930106	-0.0930106	-0.0930106	-0.0930106	
-0.0923591	-0.0923591	-0.0923591	-0.0923591	-0.0923591	-0.0923591	-0.0923591	-0.0923591	
-0.0917068	-0.0917068	-0.0917068	-0.0917068	-0.0917068	-0.0917068	-0.0917068	-0.0917068	
-0.0910538	-0.0910538	-0.0910538	-0.0910538	-0.0910538	-0.0910538	-0.0910538	-0.0910538	
