# mu=0.3
# lamb=0
# N=30
# m=26
# dim=435
# T=10
# dt=0.1
# n=1

#<S_z*S_z+n>
0.25	0.25	0.25	0.25	0.25	0.25	0.25	-0.25	-0.25	0.25	0.25	0.25	0.25	0.25	-0.25	-0.25	0.25	0.25	0.25	0.25	0.25	0.25	0.25	0.25	0.25	0.25	0.25	0.25	0.25	0.25	
0.25	0.25	0.25	0.25	0.25	0.249999	0.248752	-0.248752	-0.248752	0.248752	0.249999	0.25	0.249999	0.248752	-0.248752	-0.248752	0.248752	0.249999	0.25	0.25	0.25	0.25	0.25	0.25	0.25	0.25	0.25	0.25	0.25	0.25	
0.25	0.25	0.25	0.25	0.25	0.249988	0.245037	-0.245025	-0.245025	0.245037	0.249988	0.25	0.249988	0.245037	-0.245025	-0.245025	0.245037	0.249988	0.25	0.25	0.25	0.25	0.25	0.25	0.25	0.25	0.25	0.25	0.25	0.25	
0.25	0.25	0.25	0.25	0.25	0.249938	0.238938	-0.238876	-0.238876	0.238938	0.249938	0.25	0.249938	0.238938	-0.238876	-0.238876	0.238938	0.249938	0.25	0.25	0.25	0.25	0.25	0.25	0.25	0.25	0.25	0.25	0.25	0.25	
0.25	0.25	0.25	0.25	0.249999	0.249804	0.230592	-0.230396	-0.230396	0.230592	0.249804	0.249998	0.249804	0.230592	-0.230396	-0.230396	0.230592	0.249804	0.249999	0.25	0.25	0.25	0.25	0.25	0.25	0.25	0.25	0.25	0.25	0.25	
0.25	0.25	0.25	0.25	0.249997	0.249528	0.220185	-0.21971	-0.21971	0.220185	0.249528	0.249993	0.249528	0.220185	-0.21971	-0.21971	0.220185	0.249528	0.249997	0.25	0.25	0.25	0.25	0.25	0.25	0.25	0.25	0.25	0.25	0.25	
0.25	0.25	0.25	0.25	0.24999	0.249037	0.207948	-0.206975	-0.206975	0.207948	0.249037	0.249981	0.249037	0.207948	-0.206975	-0.206975	0.207948	0.249037	0.24999	0.25	0.25	0.25	0.25	0.25	0.25	0.25	0.25	0.25	0.25	0.25	
0.25	0.25	0.25	0.25	0.249976	0.248248	0.194153	-0.192377	-0.192377	0.194153	0.248248	0.249952	0.248248	0.194153	-0.192377	-0.192377	0.194153	0.248248	0.249976	0.25	0.25	0.25	0.25	0.25	0.25	0.25	0.25	0.25	0.25	0.25	
0.25	0.25	0.25	0.249999	0.249947	0.247073	0.179104	-0.176123	-0.176123	0.179104	0.247073	0.249894	0.247073	0.179104	-0.176123	-0.176123	0.179104	0.247073	0.249947	0.249999	0.25	0.25	0.25	0.25	0.25	0.25	0.25	0.25	0.25	0.25	
0.25	0.25	0.25	0.249999	0.249894	0.245423	0.163129	-0.158445	-0.158445	0.163129	0.245421	0.249789	0.245421	0.163129	-0.158445	-0.158445	0.163129	0.245423	0.249894	0.249999	0.25	0.25	0.25	0.25	0.25	0.25	0.25	0.25	0.25	0.25	
0.25	0.25	0.25	0.249997	0.249806	0.243207	0.146576	-0.139586	-0.139586	0.146576	0.243204	0.249611	0.243204	0.146576	-0.139586	-0.139586	0.146576	0.243207	0.249806	0.249997	0.25	0.25	0.25	0.25	0.25	0.25	0.25	0.25	0.25	0.25	
0.25	0.25	0.25	0.249993	0.249663	0.240345	0.129801	-0.119802	-0.119802	0.129801	0.240339	0.249327	0.240339	0.129801	-0.119802	-0.119802	0.129801	0.240345	0.249663	0.249993	0.25	0.25	0.25	0.25	0.25	0.25	0.25	0.25	0.25	0.25	
0.25	0.25	0.25	0.249987	0.249447	0.236764	0.113158	-0.0993556	-0.0993556	0.113158	0.236751	0.248895	0.236751	0.113158	-0.0993556	-0.0993556	0.113158	0.236764	0.249447	0.249987	0.25	0.25	0.25	0.25	0.25	0.25	0.25	0.25	0.25	0.25	
0.25	0.25	0.25	0.249976	0.249131	0.232405	0.0969965	-0.0785075	-0.0785075	0.0969963	0.232382	0.248264	0.232382	0.0969963	-0.0785075	-0.0785075	0.0969965	0.232405	0.249131	0.249976	0.25	0.25	0.25	0.25	0.25	0.25	0.25	0.25	0.25	0.25	
0.25	0.25	0.249999	0.249958	0.248684	0.227227	0.0816481	-0.057516	-0.057516	0.0816478	0.227189	0.247375	0.227189	0.0816478	-0.057516	-0.057516	0.0816481	0.227227	0.248684	0.249958	0.249999	0.25	0.25	0.25	0.25	0.25	0.25	0.25	0.25	0.25	
0.25	0.25	0.249998	0.249929	0.248072	0.221209	0.0674211	-0.0366304	-0.0366304	0.0674205	0.221147	0.24616	0.221147	0.0674205	-0.0366304	-0.0366304	0.0674211	0.221209	0.248072	0.249929	0.249998	0.25	0.25	0.25	0.25	0.25	0.25	0.25	0.25	0.25	
0.25	0.25	0.249997	0.249885	0.247258	0.214354	0.0545931	-0.0160863	-0.0160863	0.0545922	0.214255	0.244545	0.214255	0.0545922	-0.0160863	-0.0160863	0.0545931	0.214354	0.247258	0.249885	0.249997	0.25	0.25	0.25	0.25	0.25	0.25	0.25	0.25	0.25	
0.25	0.25	0.249995	0.249818	0.246198	0.206686	0.0434053	0.00389769	0.00389762	0.0434038	0.206535	0.242454	0.206535	0.0434038	0.00389762	0.00389769	0.0434053	0.206686	0.246198	0.249818	0.249995	0.25	0.25	0.25	0.25	0.25	0.25	0.25	0.25	0.25	
0.25	0.25	0.249991	0.249722	0.24485	0.198257	0.0340571	0.0231236	0.0231235	0.0340548	0.198035	0.239806	0.198035	0.0340548	0.0231235	0.0231236	0.0340571	0.198257	0.24485	0.249722	0.249991	0.25	0.25	0.25	0.25	0.25	0.25	0.25	0.25	0.25	
0.25	0.25	0.249984	0.249586	0.243168	0.189142	0.0267027	0.0414174	0.041417	0.0266992	0.188826	0.236523	0.188826	0.0266992	0.041417	0.0414174	0.0267027	0.189142	0.243168	0.249586	0.249984	0.25	0.25	0.25	0.25	0.25	0.25	0.25	0.25	0.25	
0.25	0.249999	0.249974	0.249397	0.241109	0.179441	0.0214483	0.0586307	0.05863	0.0214426	0.179004	0.232533	0.179004	0.0214426	0.05863	0.0586307	0.0214483	0.179441	0.241109	0.249397	0.249974	0.249999	0.25	0.25	0.25	0.25	0.25	0.25	0.25	0.25	
0.25	0.249999	0.24996	0.249143	0.238629	0.169276	0.0183506	0.0746431	0.0746418	0.0183412	0.168687	0.227773	0.168687	0.0183412	0.0746418	0.0746431	0.0183506	0.169276	0.238629	0.249143	0.24996	0.249999	0.25	0.25	0.25	0.25	0.25	0.25	0.25	0.25	
0.25	0.249998	0.249938	0.248805	0.23569	0.15879	0.0174169	0.0893626	0.0893604	0.0174013	0.158016	0.222195	0.158016	0.0174013	0.0893604	0.0893626	0.0174169	0.15879	0.23569	0.248805	0.249938	0.249998	0.25	0.25	0.25	0.25	0.25	0.25	0.25	0.25	
0.25	0.249996	0.249907	0.248365	0.232258	0.148141	0.0186062	0.102726	0.102723	0.0185804	0.147147	0.215768	0.147147	0.0185804	0.102723	0.102726	0.0186062	0.148141	0.232258	0.248365	0.249907	0.249996	0.25	0.25	0.25	0.25	0.25	0.25	0.25	0.25	
0.25	0.249994	0.249862	0.2478	0.228308	0.137503	0.0218317	0.1147	0.114694	0.021789	0.136253	0.208485	0.136253	0.021789	0.114694	0.1147	0.0218317	0.137503	0.228308	0.2478	0.249862	0.249994	0.25	0.25	0.25	0.25	0.25	0.25	0.25	0.25	
0.25	0.249991	0.249801	0.247088	0.22382	0.127058	0.0269644	0.125278	0.125268	0.0268943	0.125512	0.200363	0.125512	0.0268943	0.125268	0.125278	0.0269644	0.127058	0.22382	0.247088	0.249801	0.249991	0.25	0.25	0.25	0.25	0.25	0.25	0.25	0.25	
0.249999	0.249986	0.249717	0.246202	0.218789	0.11699	0.033837	0.134479	0.134464	0.033724	0.115111	0.191446	0.115111	0.033724	0.134464	0.134479	0.033837	0.11699	0.218789	0.246202	0.249717	0.249986	0.249999	0.25	0.25	0.25	0.25	0.25	0.25	0.25	
0.249999	0.249978	0.249604	0.245114	0.21322	0.107486	0.0422501	0.142348	0.142324	0.0420712	0.10523	0.181806	0.10523	0.0420712	0.142324	0.142348	0.0422501	0.107486	0.21322	0.245114	0.249604	0.249978	0.249999	0.25	0.25	0.25	0.25	0.25	0.25	0.25	
0.249999	0.249968	0.249455	0.243797	0.207129	0.098726	0.0519774	0.148949	0.148915	0.0517004	0.0960449	0.171544	0.0960449	0.0517004	0.148915	0.148949	0.0519774	0.098726	0.207129	0.243797	0.249455	0.249968	0.249999	0.25	0.25	0.25	0.25	0.25	0.25	0.25	
0.249998	0.249953	0.24926	0.242221	0.200548	0.0908784	0.0627728	0.154368	0.154319	0.0623534	0.0877142	0.160785	0.0877142	0.0623534	0.154319	0.154368	0.0627728	0.0908784	0.200548	0.242221	0.24926	0.249953	0.249998	0.25	0.25	0.25	0.25	0.25	0.25	0.25	
0.249997	0.249932	0.249009	0.240358	0.193524	0.0840978	0.074377	0.158703	0.158635	0.0737562	0.0803757	0.149676	0.0803757	0.0737562	0.158635	0.158703	0.074377	0.0840978	0.193524	0.240358	0.249009	0.249932	0.249997	0.25	0.25	0.25	0.25	0.25	0.25	0.25	
0.249995	0.249903	0.248691	0.23818	0.186115	0.0785189	0.0865244	0.162068	0.161974	0.0856258	0.0741396	0.138378	0.0741396	0.0856258	0.161974	0.162068	0.0865244	0.0785189	0.186115	0.23818	0.248691	0.249903	0.249995	0.25	0.25	0.25	0.25	0.25	0.25	0.25	
0.249992	0.249864	0.24829	0.235663	0.178397	0.0742532	0.0989501	0.164583	0.164457	0.0976776	0.069083	0.127064	0.069083	0.0976776	0.164457	0.164583	0.0989501	0.0742532	0.178397	0.235663	0.24829	0.249864	0.249992	0.25	0.25	0.25	0.25	0.25	0.25	0.25	
0.249989	0.249812	0.247793	0.232784	0.170456	0.0713853	0.111396	0.166373	0.166207	0.109632	0.0652454	0.115908	0.0652454	0.109632	0.166207	0.166373	0.111396	0.0713853	0.170456	0.232784	0.247793	0.249812	0.249989	0.249999	0.25	0.25	0.25	0.25	0.25	0.249999	
0.249983	0.249744	0.247183	0.229525	0.162392	0.0699707	0.123619	0.167567	0.16735	0.121222	0.0626263	0.105081	0.0626263	0.121222	0.16735	0.167567	0.123619	0.0699707	0.162392	0.229525	0.247183	0.249744	0.249983	0.249999	0.25	0.25	0.25	0.25	0.25	0.249999	
0.249976	0.249654	0.246441	0.225874	0.154314	0.070034	0.135392	0.168291	0.168012	0.132199	0.0611837	0.0947411	0.0611837	0.132199	0.168012	0.168291	0.135392	0.070034	0.154314	0.225874	0.246441	0.249654	0.249976	0.249999	0.25	0.25	0.25	0.25	0.25	0.249999	
0.249966	0.249538	0.245549	0.221823	0.146338	0.0715682	0.146516	0.168667	0.168312	0.142341	0.0608355	0.0850276	0.0608355	0.142341	0.168312	0.168667	0.146516	0.0715682	0.146338	0.221823	0.245549	0.249538	0.249966	0.249998	0.25	0.25	0.25	0.25	0.25	0.249998	
0.249952	0.24939	0.244487	0.217373	0.138589	0.0745341	0.156816	0.168808	0.168362	0.151454	0.061462	0.0760588	0.061462	0.151454	0.168362	0.168808	0.156816	0.0745341	0.138589	0.217373	0.244487	0.24939	0.249952	0.249997	0.25	0.25	0.25	0.25	0.25	0.249997	
0.249934	0.249204	0.243234	0.212533	0.131193	0.0788621	0.166149	0.168821	0.168262	0.159381	0.0629118	0.0679271	0.0629118	0.159381	0.168262	0.168821	0.166149	0.0788621	0.131193	0.212533	0.243234	0.249204	0.249934	0.249996	0.25	0.25	0.25	0.25	0.25	0.249996	
0.249909	0.24897	0.241769	0.20732	0.124275	0.084453	0.174408	0.168798	0.168101	0.166004	0.0650087	0.0606989	0.0650087	0.166004	0.168101	0.168798	0.174408	0.084453	0.124275	0.20732	0.241769	0.24897	0.249909	0.249994	0.25	0.25	0.25	0.25	0.25	0.249994	
0.249877	0.24868	0.240072	0.20176	0.117959	0.0911811	0.181517	0.16882	0.167953	0.171244	0.0675607	0.0544156	0.0675607	0.171244	0.167953	0.16882	0.181517	0.0911811	0.117959	0.20176	0.240072	0.24868	0.249877	0.249991	0.25	0.25	0.25	0.25	0.25	0.249991	
0.249834	0.248324	0.238123	0.195889	0.112362	0.0988976	0.187436	0.168953	0.167877	0.175066	0.0703702	0.049097	0.0703702	0.175066	0.167877	0.168953	0.187436	0.0988976	0.112362	0.195889	0.238123	0.248324	0.249834	0.249988	0.249999	0.25	0.25	0.25	0.249999	0.249988	
0.249779	0.247891	0.235906	0.189752	0.107592	0.107434	0.192157	0.169249	0.167912	0.177475	0.0732448	0.0447462	0.0732448	0.177475	0.167912	0.169249	0.192157	0.107434	0.107592	0.189752	0.235906	0.247891	0.249779	0.249983	0.249999	0.25	0.25	0.25	0.249999	0.249983	
0.249709	0.247368	0.233403	0.183405	0.103743	0.116607	0.195707	0.169744	0.168084	0.178516	0.0760073	0.0413556	0.0760073	0.178516	0.168084	0.169744	0.195707	0.116607	0.103743	0.183405	0.233403	0.247368	0.249709	0.249976	0.249999	0.25	0.25	0.25	0.249999	0.249976	
0.24962	0.246741	0.230601	0.176911	0.100896	0.126222	0.198139	0.170461	0.168398	0.17827	0.0785061	0.038913	0.0785061	0.17827	0.168398	0.170461	0.198139	0.126222	0.100896	0.176911	0.230601	0.246741	0.24962	0.249967	0.249998	0.25	0.25	0.25	0.249998	0.249967	
0.249508	0.245998	0.227492	0.170344	0.0991138	0.136081	0.199534	0.171408	0.168846	0.176848	0.0806228	0.0374079	0.0806228	0.176848	0.168846	0.171408	0.199534	0.136081	0.0991138	0.170344	0.227492	0.245998	0.249508	0.249955	0.249997	0.25	0.25	0.25	0.249997	0.249955	
0.249367	0.245123	0.224069	0.163782	0.0984391	0.145986	0.199994	0.17258	0.169401	0.174386	0.0822781	0.0368362	0.0822781	0.174386	0.169401	0.17258	0.199994	0.145986	0.0984391	0.163782	0.224069	0.245123	0.249367	0.24994	0.249996	0.25	0.25	0.25	0.249996	0.24994	
0.249194	0.2441	0.220332	0.157312	0.0988938	0.155741	0.19964	0.17396	0.170026	0.171039	0.0834358	0.0372036	0.0834358	0.171039	0.170026	0.17396	0.19964	0.155741	0.0988938	0.157312	0.220332	0.2441	0.249194	0.249919	0.249994	0.25	0.25	0.25	0.249994	0.249919	
0.248981	0.242914	0.216286	0.151025	0.100478	0.165163	0.198606	0.175522	0.170673	0.16697	0.0841023	0.0385265	0.0841023	0.16697	0.170673	0.175522	0.198606	0.165163	0.100478	0.151025	0.216286	0.242914	0.248981	0.249893	0.249991	0.249999	0.25	0.249999	0.249991	0.249893	
0.248721	0.241548	0.211941	0.145013	0.103167	0.174083	0.197033	0.17723	0.171283	0.162347	0.0843246	0.0408305	0.0843246	0.162347	0.171283	0.17723	0.197033	0.174083	0.103167	0.145013	0.211941	0.241548	0.248721	0.249859	0.249988	0.249999	0.25	0.249999	0.249988	0.249859	
0.248406	0.239989	0.207316	0.139371	0.106916	0.18235	0.195068	0.179042	0.171794	0.157332	0.0841849	0.0441468	0.0841849	0.157332	0.171794	0.179042	0.195068	0.18235	0.106916	0.139371	0.207316	0.239989	0.248406	0.249815	0.249984	0.249999	0.25	0.249999	0.249984	0.249815	
0.248028	0.23822	0.202433	0.134193	0.111658	0.189834	0.192855	0.180911	0.172144	0.152079	0.0837929	0.0485058	0.0837929	0.152079	0.172144	0.180911	0.192855	0.189834	0.111658	0.134193	0.202433	0.23822	0.248028	0.249761	0.249978	0.249998	0.25	0.249998	0.249978	0.249761	
0.247578	0.236228	0.197325	0.129567	0.117303	0.19643	0.190533	0.182785	0.172272	0.146722	0.0832769	0.05393	0.0832769	0.146722	0.172272	0.182785	0.190533	0.19643	0.117303	0.129567	0.197325	0.236228	0.247578	0.249692	0.24997	0.249998	0.25	0.249998	0.24997	0.249692	
0.247044	0.234001	0.192029	0.125579	0.123743	0.202061	0.188232	0.184612	0.17212	0.141379	0.0827733	0.0604244	0.0827733	0.141379	0.17212	0.184612	0.188232	0.202061	0.123743	0.125579	0.192029	0.234001	0.247044	0.249606	0.24996	0.249997	0.25	0.249997	0.24996	0.249606	
0.246417	0.23153	0.18659	0.122304	0.130856	0.206676	0.18607	0.186337	0.171644	0.136145	0.0824169	0.067969	0.0824169	0.136145	0.171644	0.186337	0.18607	0.206676	0.130856	0.122304	0.18659	0.23153	0.246417	0.2495	0.249947	0.249996	0.249999	0.249996	0.249947	0.2495	
0.245684	0.228806	0.18106	0.119811	0.138504	0.210254	0.184147	0.187907	0.170806	0.131094	0.0823308	0.0765103	0.0823308	0.131094	0.170806	0.187907	0.184147	0.210254	0.138504	0.119811	0.18106	0.228806	0.245684	0.24937	0.24993	0.249994	0.249999	0.249994	0.24993	0.24937	
0.244833	0.225826	0.175496	0.118154	0.146538	0.2128	0.182546	0.189272	0.169585	0.12628	0.0826195	0.0859563	0.0826195	0.12628	0.169585	0.189272	0.182546	0.2128	0.146538	0.118154	0.175496	0.225826	0.244833	0.249211	0.249909	0.249992	0.249999	0.249992	0.249909	0.249211	
0.243853	0.222589	0.169962	0.117375	0.154805	0.214347	0.181332	0.190384	0.167974	0.121738	0.0833624	0.0961727	0.0833624	0.121738	0.167974	0.190384	0.181332	0.214347	0.154805	0.117375	0.169962	0.222589	0.243853	0.249018	0.249882	0.249989	0.249998	0.249989	0.249882	0.249018	
0.242729	0.219097	0.164525	0.1175	0.163147	0.214951	0.180546	0.191199	0.165981	0.117493	0.0846109	0.106983	0.0846109	0.117493	0.165981	0.191199	0.180546	0.214951	0.163147	0.1175	0.164525	0.219097	0.242729	0.248786	0.249848	0.249985	0.249998	0.249985	0.249848	0.248786	
0.241451	0.215358	0.159256	0.118541	0.171408	0.214692	0.180211	0.191677	0.163631	0.113561	0.0863878	0.118173	0.0863878	0.113561	0.163631	0.191677	0.180211	0.214692	0.171408	0.118541	0.159256	0.215358	0.241451	0.248508	0.249805	0.24998	0.249997	0.24998	0.249805	0.248508	
0.240006	0.211386	0.154228	0.12049	0.179435	0.213668	0.180329	0.191784	0.160959	0.109954	0.0886891	0.129496	0.0886891	0.109954	0.160959	0.191784	0.180329	0.213668	0.179435	0.12049	0.154228	0.211386	0.240006	0.248178	0.249752	0.249973	0.249996	0.249973	0.249752	0.248178	
0.238381	0.207196	0.149516	0.123325	0.187085	0.211991	0.180881	0.191495	0.158016	0.106685	0.091488	0.140683	0.091488	0.106685	0.158016	0.191495	0.180881	0.211991	0.187085	0.123325	0.149516	0.207196	0.238381	0.247788	0.249686	0.249965	0.249994	0.249965	0.249686	0.247788	
0.236568	0.202813	0.145193	0.127005	0.194226	0.209785	0.181832	0.190787	0.154859	0.103776	0.0947404	0.151459	0.0947404	0.103776	0.154859	0.190787	0.181832	0.209785	0.194226	0.127005	0.145193	0.202813	0.236568	0.247329	0.249605	0.249954	0.249992	0.249954	0.249605	0.247329	
0.234555	0.198263	0.141331	0.131471	0.200742	0.207182	0.183131	0.189649	0.151551	0.101253	0.0983911	0.161549	0.0983911	0.101253	0.151551	0.189649	0.183131	0.207182	0.200742	0.131471	0.141331	0.198263	0.234555	0.246794	0.249507	0.249941	0.249989	0.249941	0.249507	0.246794	
0.232335	0.19358	0.137995	0.136651	0.206534	0.204315	0.184712	0.188076	0.148159	0.0991526	0.102381	0.170699	0.102381	0.0991526	0.148159	0.188076	0.184712	0.204315	0.206534	0.136651	0.137995	0.19358	0.232335	0.246172	0.249387	0.249923	0.249985	0.249923	0.249387	0.246172	
0.229903	0.188804	0.135249	0.142456	0.211522	0.201316	0.186501	0.186073	0.144746	0.0975207	0.106651	0.178688	0.106651	0.0975207	0.144746	0.186073	0.186501	0.201316	0.211522	0.142456	0.135249	0.188804	0.229903	0.245455	0.249242	0.249902	0.24998	0.249902	0.249242	0.245455	
0.227254	0.183978	0.133148	0.148785	0.21565	0.198313	0.188414	0.183654	0.141374	0.0964082	0.11115	0.185336	0.11115	0.0964082	0.141374	0.183654	0.188414	0.198313	0.21565	0.148785	0.133148	0.183978	0.227254	0.244632	0.249069	0.249874	0.249973	0.249874	0.249069	0.244632	
0.224389	0.179149	0.131737	0.155526	0.218882	0.195423	0.190361	0.180843	0.138096	0.0958692	0.115834	0.190518	0.115834	0.0958692	0.138096	0.180843	0.190361	0.195423	0.218882	0.155526	0.131737	0.179149	0.224389	0.243693	0.248862	0.249841	0.249965	0.249841	0.248862	0.243693	
0.221309	0.174371	0.131053	0.162559	0.221207	0.192752	0.192252	0.177672	0.134959	0.0959558	0.120669	0.194166	0.120669	0.0959558	0.134959	0.177672	0.192252	0.192752	0.221207	0.162559	0.131053	0.174371	0.221309	0.242627	0.248616	0.249799	0.249954	0.249799	0.248616	0.242627	
0.21802	0.1697	0.13112	0.169758	0.222635	0.190389	0.193997	0.174186	0.132001	0.096713	0.125631	0.196275	0.125631	0.096713	0.132001	0.174186	0.193997	0.190389	0.222635	0.169758	0.13112	0.1697	0.21802	0.241425	0.248327	0.249747	0.249941	0.249747	0.248327	0.241425	
0.214531	0.165192	0.131953	0.176995	0.2232	0.188408	0.195508	0.170434	0.129249	0.0981738	0.130702	0.196897	0.130702	0.0981738	0.129249	0.170434	0.195508	0.188408	0.2232	0.176995	0.131953	0.165192	0.214531	0.240076	0.247987	0.249684	0.249923	0.249684	0.247987	0.240076	
0.210856	0.160908	0.133549	0.184141	0.222954	0.186862	0.196706	0.166479	0.126725	0.100354	0.135865	0.196139	0.135865	0.100354	0.126725	0.166479	0.196706	0.186862	0.222954	0.184141	0.133549	0.160908	0.210856	0.238571	0.24759	0.249608	0.249902	0.249608	0.24759	0.238571	
0.207012	0.156909	0.135896	0.191071	0.221969	0.185785	0.197516	0.162385	0.124444	0.103249	0.141103	0.194155	0.141103	0.103249	0.124444	0.162385	0.197516	0.185785	0.221969	0.191071	0.135896	0.156909	0.207012	0.236902	0.247129	0.249515	0.249874	0.249515	0.247129	0.236902	
0.20302	0.153253	0.138966	0.197664	0.220332	0.18519	0.197877	0.158224	0.122416	0.106832	0.146392	0.191135	0.146392	0.106832	0.122416	0.158224	0.197877	0.18519	0.220332	0.197664	0.138966	0.153253	0.20302	0.235061	0.246597	0.249404	0.24984	0.249404	0.246597	0.235061	
0.198908	0.15	0.142718	0.203811	0.218144	0.18507	0.197739	0.15407	0.120653	0.111051	0.151696	0.187294	0.151696	0.111051	0.120653	0.15407	0.197739	0.18507	0.218144	0.203811	0.142718	0.15	0.198908	0.233041	0.245985	0.24927	0.249798	0.24927	0.245985	0.233041	
0.194704	0.147203	0.147097	0.209411	0.215513	0.185401	0.197063	0.149998	0.119166	0.115833	0.156968	0.182861	0.156968	0.115833	0.119166	0.149998	0.197063	0.185401	0.215513	0.209411	0.147097	0.147203	0.194704	0.230838	0.245285	0.249111	0.249745	0.249111	0.245285	0.230838	
0.190443	0.144914	0.152038	0.214381	0.212556	0.186139	0.195827	0.146079	0.117971	0.121086	0.162144	0.178067	0.162144	0.121086	0.117971	0.146079	0.195827	0.186139	0.212556	0.214381	0.152038	0.144914	0.190443	0.228448	0.244489	0.248922	0.249681	0.248922	0.244489	0.228448	
0.186163	0.143178	0.157461	0.21865	0.209391	0.187224	0.194024	0.142381	0.117089	0.126702	0.167151	0.173135	0.167151	0.126702	0.117089	0.142381	0.194024	0.187224	0.209391	0.21865	0.157461	0.143178	0.186163	0.225872	0.243588	0.248699	0.249603	0.248699	0.243588	0.225872	
0.181907	0.142032	0.16328	0.222166	0.206135	0.188584	0.191663	0.138965	0.116545	0.132563	0.1719	0.168275	0.1719	0.132563	0.116545	0.138965	0.191663	0.188584	0.206135	0.222166	0.16328	0.142032	0.181907	0.223111	0.242573	0.248437	0.249507	0.248437	0.242573	0.223111	
0.177718	0.141508	0.169397	0.224894	0.202901	0.190138	0.188767	0.135882	0.116372	0.138548	0.1763	0.163671	0.1763	0.138548	0.116372	0.135882	0.188767	0.190138	0.202901	0.224894	0.169397	0.141508	0.177718	0.22017	0.241437	0.248131	0.249392	0.248131	0.241437	0.22017	
0.173645	0.141626	0.175712	0.22682	0.199793	0.191793	0.185375	0.133173	0.116605	0.144535	0.180257	0.159484	0.180257	0.144535	0.116605	0.133173	0.185375	0.191793	0.199793	0.22682	0.175712	0.141626	0.173645	0.217055	0.24017	0.247775	0.249253	0.247775	0.24017	0.217055	
0.169735	0.142399	0.182117	0.227947	0.196908	0.193456	0.181541	0.130866	0.117283	0.150413	0.183682	0.155848	0.183682	0.150413	0.117283	0.130866	0.181541	0.193456	0.196908	0.227947	0.182117	0.142399	0.169735	0.213777	0.238764	0.247362	0.249086	0.247362	0.238764	0.213777	
0.166039	0.143828	0.188503	0.228299	0.194325	0.195028	0.177331	0.128978	0.118442	0.15608	0.186499	0.152866	0.186499	0.15608	0.118442	0.128978	0.177331	0.195028	0.194325	0.228299	0.188503	0.143828	0.166039	0.210351	0.237213	0.246886	0.248887	0.246886	0.237213	0.210351	
0.162608	0.145903	0.194764	0.227914	0.19211	0.196417	0.172824	0.127515	0.120113	0.161451	0.188649	0.150615	0.188649	0.161451	0.120113	0.127515	0.172824	0.196417	0.19211	0.227914	0.194764	0.145903	0.162608	0.206793	0.23551	0.24634	0.248651	0.24634	0.23551	0.206793	
0.159491	0.148604	0.200795	0.22685	0.190314	0.19753	0.168107	0.126471	0.12232	0.166458	0.190098	0.149146	0.190098	0.166458	0.12232	0.126471	0.168107	0.19753	0.190314	0.22685	0.200795	0.148604	0.159491	0.203124	0.23365	0.245716	0.248372	0.245716	0.23365	0.203124	
0.156737	0.151899	0.206494	0.225177	0.188966	0.198287	0.163274	0.125833	0.125075	0.171051	0.190836	0.148488	0.190836	0.171051	0.125075	0.125833	0.163274	0.198287	0.188966	0.225177	0.206494	0.151899	0.156737	0.199369	0.231629	0.245005	0.248044	0.245005	0.231629	0.199369	
0.15439	0.155746	0.211771	0.222979	0.18808	0.198613	0.158423	0.125578	0.128373	0.175197	0.190882	0.148645	0.190882	0.175197	0.128373	0.125578	0.158423	0.198613	0.18808	0.222979	0.211771	0.155746	0.15439	0.195555	0.229443	0.244201	0.247659	0.244201	0.229443	0.195555	
0.152493	0.160091	0.216542	0.220346	0.18765	0.198451	0.153654	0.125684	0.132194	0.178878	0.190282	0.149605	0.190282	0.178878	0.132194	0.125684	0.153654	0.198451	0.18765	0.220346	0.216542	0.160091	0.152493	0.191713	0.227094	0.243294	0.247211	0.243294	0.227094	0.191713	
0.151083	0.16487	0.220737	0.21738	0.187653	0.197753	0.149065	0.126123	0.136498	0.182088	0.189106	0.151333	0.189106	0.182088	0.136498	0.126123	0.149065	0.197753	0.187653	0.21738	0.220737	0.16487	0.151083	0.187877	0.224581	0.242276	0.246691	0.242276	0.224581	0.187877	
0.150191	0.170014	0.224297	0.214184	0.188049	0.196492	0.144749	0.126869	0.141226	0.184832	0.187448	0.153779	0.187448	0.184832	0.141226	0.126869	0.144749	0.196492	0.188049	0.214184	0.224297	0.170014	0.150191	0.184084	0.221907	0.241139	0.24609	0.241139	0.221907	0.184084	
0.149842	0.175441	0.227178	0.210861	0.188785	0.194654	0.140791	0.127902	0.146305	0.18712	0.185415	0.156875	0.185415	0.18712	0.146305	0.127902	0.140791	0.194654	0.188785	0.210861	0.227178	0.175441	0.149842	0.180373	0.21908	0.239873	0.245399	0.239873	0.21908	0.180373	
0.150056	0.181068	0.229352	0.207515	0.189791	0.192246	0.137267	0.129204	0.151645	0.188967	0.183125	0.160536	0.183125	0.188967	0.151645	0.129204	0.137267	0.192246	0.189791	0.207515	0.229352	0.181068	0.150056	0.176784	0.216107	0.238472	0.244608	0.238472	0.216107	0.176784	
0.15084	0.186805	0.230807	0.204241	0.190992	0.18929	0.134237	0.130763	0.157145	0.190388	0.180702	0.164662	0.180702	0.190388	0.157145	0.130763	0.134237	0.18929	0.190992	0.204241	0.230807	0.186805	0.15084	0.17336	0.212998	0.236926	0.243706	0.236926	0.212998	0.17336	
0.152197	0.19256	0.231546	0.201131	0.192301	0.185828	0.131751	0.132574	0.162698	0.191402	0.178267	0.16914	0.178267	0.191402	0.162698	0.132574	0.131751	0.185828	0.192301	0.201131	0.231546	0.19256	0.152197	0.170143	0.209768	0.23523	0.242682	0.23523	0.209768	0.170143	
0.154119	0.198239	0.231589	0.198263	0.193629	0.181915	0.12984	0.134638	0.168195	0.192023	0.175931	0.173843	0.175931	0.192023	0.168195	0.134638	0.12984	0.181915	0.193629	0.198263	0.231589	0.198239	0.154119	0.167176	0.206434	0.233377	0.241526	0.233377	0.206434	0.167176	
0.156589	0.203751	0.230969	0.195706	0.194883	0.177625	0.128522	0.136957	0.173527	0.192271	0.173798	0.178639	0.173798	0.192271	0.173527	0.136957	0.128522	0.177625	0.194883	0.195706	0.230969	0.203751	0.156589	0.164502	0.203014	0.23136	0.240225	0.23136	0.203014	0.164502	
0.15958	0.209007	0.229735	0.193511	0.195973	0.173041	0.127796	0.139539	0.178595	0.192165	0.171956	0.183389	0.171956	0.192165	0.178595	0.139539	0.127796	0.173041	0.195973	0.193511	0.229735	0.209007	0.15958	0.16216	0.199531	0.229177	0.23877	0.229177	0.199531	0.16216	
0.163056	0.213923	0.227949	0.191719	0.196813	0.168258	0.12765	0.142389	0.183309	0.191728	0.170474	0.187955	0.170474	0.191728	0.183309	0.142389	0.12765	0.168258	0.196813	0.191719	0.227949	0.213923	0.163056	0.160188	0.196011	0.226825	0.237148	0.226825	0.196011	0.160188	
0.166974	0.218424	0.225681	0.19035	0.197324	0.16338	0.128058	0.145511	0.187593	0.190988	0.169408	0.192206	0.169408	0.190988	0.187593	0.145511	0.128058	0.16338	0.197324	0.19035	0.225681	0.218424	0.166974	0.158621	0.192479	0.224302	0.235348	0.224302	0.192479	0.158621	
0.171281	0.222439	0.223013	0.189411	0.197436	0.158514	0.128981	0.148903	0.191386	0.189981	0.168794	0.196024	0.168794	0.189981	0.191386	0.148903	0.128981	0.158514	0.197436	0.189411	0.223013	0.222439	0.171281	0.157489	0.188968	0.221609	0.233362	0.221609	0.188968	0.157489	
0.175916	0.225912	0.220031	0.188892	0.197093	0.153768	0.130376	0.152554	0.194644	0.188749	0.168652	0.199303	0.168652	0.188749	0.194644	0.152554	0.130376	0.153768	0.197093	0.188892	0.220031	0.225912	0.175916	0.156818	0.185507	0.218749	0.231179	0.218749	0.185507	0.156818	
0.180811	0.228795	0.216827	0.188766	0.196252	0.149248	0.13219	0.156446	0.19734	0.187341	0.168989	0.201964	0.168989	0.187341	0.19734	0.156446	0.13219	0.149248	0.196252	0.188766	0.216827	0.228795	0.180811	0.156629	0.182131	0.215726	0.228792	0.215726	0.182131	0.156629	
