# mu=0.3
# lamb=0
# N=4
# m=0
# dim=6
# T=10
# dt=0.01

#<S_z>
0.5	-0.5	0.5	-0.5	
0.49995	-0.49995	0.49995	-0.49995	
0.4998	-0.4998	0.4998	-0.4998	
0.49955	-0.49955	0.49955	-0.49955	
0.4992	-0.4992	0.4992	-0.4992	
0.498751	-0.498751	0.498751	-0.498751	
0.498201	-0.498201	0.498201	-0.498201	
0.497552	-0.497552	0.497552	-0.497552	
0.496804	-0.496804	0.496804	-0.496804	
0.495956	-0.495956	0.495956	-0.495956	
0.495009	-0.495009	0.495009	-0.495009	
0.493963	-0.493963	0.493963	-0.493963	
0.492818	-0.492818	0.492818	-0.492818	
0.491575	-0.491575	0.491575	-0.491575	
0.490233	-0.490233	0.490233	-0.490233	
0.488794	-0.488794	0.488794	-0.488794	
0.487257	-0.487257	0.487257	-0.487257	
0.485623	-0.485623	0.485623	-0.485623	
0.483891	-0.483891	0.483891	-0.483891	
0.482063	-0.482063	0.482063	-0.482063	
0.480139	-0.480139	0.480139	-0.480139	
0.478119	-0.478119	0.478119	-0.478119	
0.476003	-0.476003	0.476003	-0.476003	
0.473793	-0.473793	0.473793	-0.473793	
0.471488	-0.471488	0.471488	-0.471488	
0.469089	-0.469089	0.469089	-0.469089	
0.466596	-0.466596	0.466596	-0.466596	
0.46401	-0.46401	0.46401	-0.46401	
0.461332	-0.461332	0.461332	-0.461332	
0.458562	-0.458562	0.458562	-0.458562	
0.455701	-0.455701	0.455701	-0.455701	
0.452749	-0.452749	0.452749	-0.452749	
0.449706	-0.449706	0.449706	-0.449706	
0.446575	-0.446575	0.446575	-0.446575	
0.443354	-0.443354	0.443354	-0.443354	
0.440045	-0.440045	0.440045	-0.440045	
0.436649	-0.436649	0.436649	-0.436649	
0.433166	-0.433166	0.433166	-0.433166	
0.429597	-0.429597	0.429597	-0.429597	
0.425943	-0.425943	0.425943	-0.425943	
0.422204	-0.422204	0.422204	-0.422204	
0.418381	-0.418381	0.418381	-0.418381	
0.414475	-0.414475	0.414475	-0.414475	
0.410488	-0.410488	0.410488	-0.410488	
0.406418	-0.406418	0.406418	-0.406418	
0.402269	-0.402269	0.402269	-0.402269	
0.39804	-0.39804	0.39804	-0.39804	
0.393732	-0.393732	0.393732	-0.393732	
0.389346	-0.389346	0.389346	-0.389346	
0.384884	-0.384884	0.384884	-0.384884	
0.380345	-0.380345	0.380345	-0.380345	
0.375731	-0.375731	0.375731	-0.375731	
0.371044	-0.371044	0.371044	-0.371044	
0.366283	-0.366283	0.366283	-0.366283	
0.36145	-0.36145	0.36145	-0.36145	
0.356546	-0.356546	0.356546	-0.356546	
0.351572	-0.351572	0.351572	-0.351572	
0.346529	-0.346529	0.346529	-0.346529	
0.341418	-0.341418	0.341418	-0.341418	
0.336239	-0.336239	0.336239	-0.336239	
0.330996	-0.330996	0.330996	-0.330996	
0.325687	-0.325687	0.325687	-0.325687	
0.320314	-0.320314	0.320314	-0.320314	
0.314879	-0.314879	0.314879	-0.314879	
0.309383	-0.309383	0.309383	-0.309383	
0.303827	-0.303827	0.303827	-0.303827	
0.298211	-0.298211	0.298211	-0.298211	
0.292537	-0.292537	0.292537	-0.292537	
0.286807	-0.286807	0.286807	-0.286807	
0.28102	-0.28102	0.28102	-0.28102	
0.27518	-0.27518	0.27518	-0.27518	
0.269286	-0.269286	0.269286	-0.269286	
0.263341	-0.263341	0.263341	-0.263341	
0.257344	-0.257344	0.257344	-0.257344	
0.251299	-0.251299	0.251299	-0.251299	
0.245205	-0.245205	0.245205	-0.245205	
0.239064	-0.239064	0.239064	-0.239064	
0.232877	-0.232877	0.232877	-0.232877	
0.226646	-0.226646	0.226646	-0.226646	
0.220371	-0.220371	0.220371	-0.220371	
0.214055	-0.214055	0.214055	-0.214055	
0.207699	-0.207699	0.207699	-0.207699	
0.201303	-0.201303	0.201303	-0.201303	
0.194869	-0.194869	0.194869	-0.194869	
0.188399	-0.188399	0.188399	-0.188399	
0.181894	-0.181894	0.181894	-0.181894	
0.175354	-0.175354	0.175354	-0.175354	
0.168782	-0.168782	0.168782	-0.168782	
0.162179	-0.162179	0.162179	-0.162179	
0.155547	-0.155547	0.155547	-0.155547	
0.148885	-0.148885	0.148885	-0.148885	
0.142197	-0.142197	0.142197	-0.142197	
0.135483	-0.135483	0.135483	-0.135483	
0.128745	-0.128745	0.128745	-0.128745	
0.121984	-0.121984	0.121984	-0.121984	
0.115201	-0.115201	0.115201	-0.115201	
0.108398	-0.108398	0.108398	-0.108398	
0.101577	-0.101577	0.101577	-0.101577	
0.0947381	-0.0947381	0.0947381	-0.0947381	
0.0878833	-0.0878833	0.0878833	-0.0878833	
0.0810141	-0.0810141	0.0810141	-0.0810141	
0.0741318	-0.0741318	0.0741318	-0.0741318	
0.0672379	-0.0672379	0.0672379	-0.0672379	
0.0603336	-0.0603336	0.0603336	-0.0603336	
0.0534206	-0.0534206	0.0534206	-0.0534206	
0.0465001	-0.0465001	0.0465001	-0.0465001	
0.0395736	-0.0395736	0.0395736	-0.0395736	
0.0326425	-0.0326425	0.0326425	-0.0326425	
0.0257083	-0.0257083	0.0257083	-0.0257083	
0.0187723	-0.0187723	0.0187723	-0.0187723	
0.011836	-0.011836	0.011836	-0.011836	
0.00490083	-0.00490083	0.00490083	-0.00490083	
-0.00203185	0.00203185	-0.00203185	0.00203185	
-0.0089606	0.0089606	-0.0089606	0.0089606	
-0.015884	0.015884	-0.015884	0.015884	
-0.0228006	0.0228006	-0.0228006	0.0228006	
-0.0297091	0.0297091	-0.0297091	0.0297091	
-0.036608	0.036608	-0.036608	0.036608	
-0.0434959	0.0434959	-0.0434959	0.0434959	
-0.0503714	0.0503714	-0.0503714	0.0503714	
-0.0572331	0.0572331	-0.0572331	0.0572331	
-0.0640796	0.0640796	-0.0640796	0.0640796	
-0.0709096	0.0709096	-0.0709096	0.0709096	
-0.0777215	0.0777215	-0.0777215	0.0777215	
-0.0845141	0.0845141	-0.0845141	0.0845141	
-0.091286	0.091286	-0.091286	0.091286	
-0.0980358	0.0980358	-0.0980358	0.0980358	
-0.104762	0.104762	-0.104762	0.104762	
-0.111464	0.111464	-0.111464	0.111464	
-0.118139	0.118139	-0.118139	0.118139	
-0.124787	0.124787	-0.124787	0.124787	
-0.131405	0.131405	-0.131405	0.131405	
-0.137994	0.137994	-0.137994	0.137994	
-0.144551	0.144551	-0.144551	0.144551	
-0.151075	0.151075	-0.151075	0.151075	
-0.157565	0.157565	-0.157565	0.157565	
-0.16402	0.16402	-0.16402	0.16402	
-0.170438	0.170438	-0.170438	0.170438	
-0.176817	0.176817	-0.176817	0.176817	
-0.183157	0.183157	-0.183157	0.183157	
-0.189457	0.189457	-0.189457	0.189457	
-0.195715	0.195715	-0.195715	0.195715	
-0.201929	0.201929	-0.201929	0.201929	
-0.208099	0.208099	-0.208099	0.208099	
-0.214224	0.214224	-0.214224	0.214224	
-0.220302	0.220302	-0.220302	0.220302	
-0.226331	0.226331	-0.226331	0.226331	
-0.232311	0.232311	-0.232311	0.232311	
-0.238241	0.238241	-0.238241	0.238241	
-0.244119	0.244119	-0.244119	0.244119	
-0.249945	0.249945	-0.249945	0.249945	
-0.255716	0.255716	-0.255716	0.255716	
-0.261432	0.261432	-0.261432	0.261432	
-0.267093	0.267093	-0.267093	0.267093	
-0.272695	0.272695	-0.272695	0.272695	
-0.278239	0.278239	-0.278239	0.278239	
-0.283724	0.283724	-0.283724	0.283724	
-0.289148	0.289148	-0.289148	0.289148	
-0.29451	0.29451	-0.29451	0.29451	
-0.29981	0.29981	-0.29981	0.29981	
-0.305046	0.305046	-0.305046	0.305046	
-0.310216	0.310216	-0.310216	0.310216	
-0.315322	0.315322	-0.315322	0.315322	
-0.32036	0.32036	-0.32036	0.32036	
-0.32533	0.32533	-0.32533	0.32533	
-0.330232	0.330232	-0.330232	0.330232	
-0.335064	0.335064	-0.335064	0.335064	
-0.339825	0.339825	-0.339825	0.339825	
-0.344514	0.344514	-0.344514	0.344514	
-0.349132	0.349132	-0.349132	0.349132	
-0.353675	0.353675	-0.353675	0.353675	
-0.358145	0.358145	-0.358145	0.358145	
-0.362539	0.362539	-0.362539	0.362539	
-0.366858	0.366858	-0.366858	0.366858	
-0.371099	0.371099	-0.371099	0.371099	
-0.375263	0.375263	-0.375263	0.375263	
-0.379349	0.379349	-0.379349	0.379349	
-0.383355	0.383355	-0.383355	0.383355	
-0.387282	0.387282	-0.387282	0.387282	
-0.391128	0.391128	-0.391128	0.391128	
-0.394893	0.394893	-0.394893	0.394893	
-0.398575	0.398575	-0.398575	0.398575	
-0.402175	0.402175	-0.402175	0.402175	
-0.405691	0.405691	-0.405691	0.405691	
-0.409124	0.409124	-0.409124	0.409124	
-0.412471	0.412471	-0.412471	0.412471	
-0.415733	0.415733	-0.415733	0.415733	
-0.41891	0.41891	-0.41891	0.41891	
-0.422	0.422	-0.422	0.422	
-0.425003	0.425003	-0.425003	0.425003	
-0.427918	0.427918	-0.427918	0.427918	
-0.430745	0.430745	-0.430745	0.430745	
-0.433483	0.433483	-0.433483	0.433483	
-0.436133	0.436133	-0.436133	0.436133	
-0.438693	0.438693	-0.438693	0.438693	
-0.441163	0.441163	-0.441163	0.441163	
-0.443542	0.443542	-0.443542	0.443542	
-0.445831	0.445831	-0.445831	0.445831	
-0.448028	0.448028	-0.448028	0.448028	
-0.450134	0.450134	-0.450134	0.450134	
-0.452148	0.452148	-0.452148	0.452148	
-0.45407	0.45407	-0.45407	0.45407	
-0.455899	0.455899	-0.455899	0.455899	
-0.457635	0.457635	-0.457635	0.457635	
-0.459278	0.459278	-0.459278	0.459278	
-0.460828	0.460828	-0.460828	0.460828	
-0.462284	0.462284	-0.462284	0.462284	
-0.463646	0.463646	-0.463646	0.463646	
-0.464915	0.464915	-0.464915	0.464915	
-0.466089	0.466089	-0.466089	0.466089	
-0.467169	0.467169	-0.467169	0.467169	
-0.468154	0.468154	-0.468154	0.468154	
-0.469045	0.469045	-0.469045	0.469045	
-0.469841	0.469841	-0.469841	0.469841	
-0.470543	0.470543	-0.470543	0.470543	
-0.47115	0.47115	-0.47115	0.47115	
-0.471662	0.471662	-0.471662	0.471662	
-0.472079	0.472079	-0.472079	0.472079	
-0.472401	0.472401	-0.472401	0.472401	
-0.472629	0.472629	-0.472629	0.472629	
-0.472762	0.472762	-0.472762	0.472762	
-0.4728	0.4728	-0.4728	0.4728	
-0.472744	0.472744	-0.472744	0.472744	
-0.472593	0.472593	-0.472593	0.472593	
-0.472348	0.472348	-0.472348	0.472348	
-0.472009	0.472009	-0.472009	0.472009	
-0.471576	0.471576	-0.471576	0.471576	
-0.471049	0.471049	-0.471049	0.471049	
-0.470429	0.470429	-0.470429	0.470429	
-0.469715	0.469715	-0.469715	0.469715	
-0.468908	0.468908	-0.468908	0.468908	
-0.468008	0.468008	-0.468008	0.468008	
-0.467015	0.467015	-0.467015	0.467015	
-0.465931	0.465931	-0.465931	0.465931	
-0.464754	0.464754	-0.464754	0.464754	
-0.463486	0.463486	-0.463486	0.463486	
-0.462126	0.462126	-0.462126	0.462126	
-0.460676	0.460676	-0.460676	0.460676	
-0.459135	0.459135	-0.459135	0.459135	
-0.457504	0.457504	-0.457504	0.457504	
-0.455783	0.455783	-0.455783	0.455783	
-0.453974	0.453974	-0.453974	0.453974	
-0.452075	0.452075	-0.452075	0.452075	
-0.450089	0.450089	-0.450089	0.450089	
-0.448014	0.448014	-0.448014	0.448014	
-0.445853	0.445853	-0.445853	0.445853	
-0.443605	0.443605	-0.443605	0.443605	
-0.441271	0.441271	-0.441271	0.441271	
-0.438851	0.438851	-0.438851	0.438851	
-0.436346	0.436346	-0.436346	0.436346	
-0.433758	0.433758	-0.433758	0.433758	
-0.431085	0.431085	-0.431085	0.431085	
-0.42833	0.42833	-0.42833	0.42833	
-0.425492	0.425492	-0.425492	0.425492	
-0.422573	0.422573	-0.422573	0.422573	
-0.419572	0.419572	-0.419572	0.419572	
-0.416492	0.416492	-0.416492	0.416492	
-0.413331	0.413331	-0.413331	0.413331	
-0.410093	0.410093	-0.410093	0.410093	
-0.406776	0.406776	-0.406776	0.406776	
-0.403382	0.403382	-0.403382	0.403382	
-0.399911	0.399911	-0.399911	0.399911	
-0.396365	0.396365	-0.396365	0.396365	
-0.392744	0.392744	-0.392744	0.392744	
-0.389049	0.389049	-0.389049	0.389049	
-0.385281	0.385281	-0.385281	0.385281	
-0.38144	0.38144	-0.38144	0.38144	
-0.377528	0.377528	-0.377528	0.377528	
-0.373546	0.373546	-0.373546	0.373546	
-0.369494	0.369494	-0.369494	0.369494	
-0.365374	0.365374	-0.365374	0.365374	
-0.361185	0.361185	-0.361185	0.361185	
-0.35693	0.35693	-0.35693	0.35693	
-0.35261	0.35261	-0.35261	0.35261	
-0.348224	0.348224	-0.348224	0.348224	
-0.343774	0.343774	-0.343774	0.343774	
-0.339262	0.339262	-0.339262	0.339262	
-0.334687	0.334687	-0.334687	0.334687	
-0.330052	0.330052	-0.330052	0.330052	
-0.325357	0.325357	-0.325357	0.325357	
-0.320604	0.320604	-0.320604	0.320604	
-0.315792	0.315792	-0.315792	0.315792	
-0.310924	0.310924	-0.310924	0.310924	
-0.306	0.306	-0.306	0.306	
-0.301022	0.301022	-0.301022	0.301022	
-0.295991	0.295991	-0.295991	0.295991	
-0.290907	0.290907	-0.290907	0.290907	
-0.285772	0.285772	-0.285772	0.285772	
-0.280587	0.280587	-0.280587	0.280587	
-0.275353	0.275353	-0.275353	0.275353	
-0.270071	0.270071	-0.270071	0.270071	
-0.264743	0.264743	-0.264743	0.264743	
-0.259369	0.259369	-0.259369	0.259369	
-0.253951	0.253951	-0.253951	0.253951	
-0.24849	0.24849	-0.24849	0.24849	
-0.242987	0.242987	-0.242987	0.242987	
-0.237443	0.237443	-0.237443	0.237443	
-0.231859	0.231859	-0.231859	0.231859	
-0.226238	0.226238	-0.226238	0.226238	
-0.220579	0.220579	-0.220579	0.220579	
-0.214884	0.214884	-0.214884	0.214884	
-0.209154	0.209154	-0.209154	0.209154	
-0.203391	0.203391	-0.203391	0.203391	
-0.197596	0.197596	-0.197596	0.197596	
-0.19177	0.19177	-0.19177	0.19177	
-0.185914	0.185914	-0.185914	0.185914	
-0.180029	0.180029	-0.180029	0.180029	
-0.174118	0.174118	-0.174118	0.174118	
-0.16818	0.16818	-0.16818	0.16818	
-0.162217	0.162217	-0.162217	0.162217	
-0.156231	0.156231	-0.156231	0.156231	
-0.150223	0.150223	-0.150223	0.150223	
-0.144194	0.144194	-0.144194	0.144194	
-0.138145	0.138145	-0.138145	0.138145	
-0.132078	0.132078	-0.132078	0.132078	
-0.125993	0.125993	-0.125993	0.125993	
-0.119893	0.119893	-0.119893	0.119893	
-0.113778	0.113778	-0.113778	0.113778	
-0.10765	0.10765	-0.10765	0.10765	
-0.10151	0.10151	-0.10151	0.10151	
-0.095359	0.095359	-0.095359	0.095359	
-0.0891987	0.0891987	-0.0891987	0.0891987	
-0.0830301	0.0830301	-0.0830301	0.0830301	
-0.0768547	0.0768547	-0.0768547	0.0768547	
-0.0706737	0.0706737	-0.0706737	0.0706737	
-0.0644883	0.0644883	-0.0644883	0.0644883	
-0.0582999	0.0582999	-0.0582999	0.0582999	
-0.0521097	0.0521097	-0.0521097	0.0521097	
-0.045919	0.045919	-0.045919	0.045919	
-0.039729	0.039729	-0.039729	0.039729	
-0.0335411	0.0335411	-0.0335411	0.0335411	
-0.0273565	0.0273565	-0.0273565	0.0273565	
-0.0211765	0.0211765	-0.0211765	0.0211765	
-0.0150023	0.0150023	-0.0150023	0.0150023	
-0.00883526	0.00883526	-0.00883526	0.00883526	
-0.00267654	0.00267654	-0.00267654	0.00267654	
0.00347256	-0.00347256	0.00347256	-0.00347256	
0.00961081	-0.00961081	0.00961081	-0.00961081	
0.0157369	-0.0157369	0.0157369	-0.0157369	
0.0218497	-0.0218497	0.0218497	-0.0218497	
0.027948	-0.027948	0.027948	-0.027948	
0.0340304	-0.0340304	0.0340304	-0.0340304	
0.0400957	-0.0400957	0.0400957	-0.0400957	
0.0461429	-0.0461429	0.0461429	-0.0461429	
0.0521705	-0.0521705	0.0521705	-0.0521705	
0.0581775	-0.0581775	0.0581775	-0.0581775	
0.0641626	-0.0641626	0.0641626	-0.0641626	
0.0701246	-0.0701246	0.0701246	-0.0701246	
0.0760624	-0.0760624	0.0760624	-0.0760624	
0.0819748	-0.0819748	0.0819748	-0.0819748	
0.0878605	-0.0878605	0.0878605	-0.0878605	
0.0937185	-0.0937185	0.0937185	-0.0937185	
0.0995475	-0.0995475	0.0995475	-0.0995475	
0.105346	-0.105346	0.105346	-0.105346	
0.111114	-0.111114	0.111114	-0.111114	
0.11685	-0.11685	0.11685	-0.11685	
0.122551	-0.122551	0.122551	-0.122551	
0.128219	-0.128219	0.128219	-0.128219	
0.13385	-0.13385	0.13385	-0.13385	
0.139445	-0.139445	0.139445	-0.139445	
0.145002	-0.145002	0.145002	-0.145002	
0.15052	-0.15052	0.15052	-0.15052	
0.155998	-0.155998	0.155998	-0.155998	
0.161435	-0.161435	0.161435	-0.161435	
0.166829	-0.166829	0.166829	-0.166829	
0.172181	-0.172181	0.172181	-0.172181	
0.177488	-0.177488	0.177488	-0.177488	
0.182751	-0.182751	0.182751	-0.182751	
0.187967	-0.187967	0.187967	-0.187967	
0.193135	-0.193135	0.193135	-0.193135	
0.198256	-0.198256	0.198256	-0.198256	
0.203328	-0.203328	0.203328	-0.203328	
0.208349	-0.208349	0.208349	-0.208349	
0.213319	-0.213319	0.213319	-0.213319	
0.218238	-0.218238	0.218238	-0.218238	
0.223103	-0.223103	0.223103	-0.223103	
0.227915	-0.227915	0.227915	-0.227915	
0.232672	-0.232672	0.232672	-0.232672	
0.237374	-0.237374	0.237374	-0.237374	
0.242019	-0.242019	0.242019	-0.242019	
0.246607	-0.246607	0.246607	-0.246607	
0.251137	-0.251137	0.251137	-0.251137	
0.255608	-0.255608	0.255608	-0.255608	
0.260019	-0.260019	0.260019	-0.260019	
0.26437	-0.26437	0.26437	-0.26437	
0.26866	-0.26866	0.26866	-0.26866	
0.272887	-0.272887	0.272887	-0.272887	
0.277052	-0.277052	0.277052	-0.277052	
0.281153	-0.281153	0.281153	-0.281153	
0.285189	-0.285189	0.285189	-0.285189	
0.289161	-0.289161	0.289161	-0.289161	
0.293067	-0.293067	0.293067	-0.293067	
0.296907	-0.296907	0.296907	-0.296907	
0.30068	-0.30068	0.30068	-0.30068	
0.304385	-0.304385	0.304385	-0.304385	
0.308022	-0.308022	0.308022	-0.308022	
0.31159	-0.31159	0.31159	-0.31159	
0.315089	-0.315089	0.315089	-0.315089	
0.318517	-0.318517	0.318517	-0.318517	
0.321875	-0.321875	0.321875	-0.321875	
0.325162	-0.325162	0.325162	-0.325162	
0.328377	-0.328377	0.328377	-0.328377	
0.33152	-0.33152	0.33152	-0.33152	
0.33459	-0.33459	0.33459	-0.33459	
0.337587	-0.337587	0.337587	-0.337587	
0.34051	-0.34051	0.34051	-0.34051	
0.343359	-0.343359	0.343359	-0.343359	
0.346134	-0.346134	0.346134	-0.346134	
0.348833	-0.348833	0.348833	-0.348833	
0.351457	-0.351457	0.351457	-0.351457	
0.354006	-0.354006	0.354006	-0.354006	
0.356478	-0.356478	0.356478	-0.356478	
0.358874	-0.358874	0.358874	-0.358874	
0.361193	-0.361193	0.361193	-0.361193	
0.363435	-0.363435	0.363435	-0.363435	
0.365599	-0.365599	0.365599	-0.365599	
0.367686	-0.367686	0.367686	-0.367686	
0.369695	-0.369695	0.369695	-0.369695	
0.371626	-0.371626	0.371626	-0.371626	
0.373478	-0.373478	0.373478	-0.373478	
0.375252	-0.375252	0.375252	-0.375252	
0.376946	-0.376946	0.376946	-0.376946	
0.378562	-0.378562	0.378562	-0.378562	
0.380099	-0.380099	0.380099	-0.380099	
0.381556	-0.381556	0.381556	-0.381556	
0.382934	-0.382934	0.382934	-0.382934	
0.384232	-0.384232	0.384232	-0.384232	
0.38545	-0.38545	0.38545	-0.38545	
0.386589	-0.386589	0.386589	-0.386589	
0.387648	-0.387648	0.387648	-0.387648	
0.388627	-0.388627	0.388627	-0.388627	
0.389527	-0.389527	0.389527	-0.389527	
0.390346	-0.390346	0.390346	-0.390346	
0.391086	-0.391086	0.391086	-0.391086	
0.391746	-0.391746	0.391746	-0.391746	
0.392326	-0.392326	0.392326	-0.392326	
0.392827	-0.392827	0.392827	-0.392827	
0.393247	-0.393247	0.393247	-0.393247	
0.393589	-0.393589	0.393589	-0.393589	
0.39385	-0.39385	0.39385	-0.39385	
0.394033	-0.394033	0.394033	-0.394033	
0.394136	-0.394136	0.394136	-0.394136	
0.394161	-0.394161	0.394161	-0.394161	
0.394107	-0.394107	0.394107	-0.394107	
0.393974	-0.393974	0.393974	-0.393974	
0.393762	-0.393762	0.393762	-0.393762	
0.393473	-0.393473	0.393473	-0.393473	
0.393105	-0.393105	0.393105	-0.393105	
0.39266	-0.39266	0.39266	-0.39266	
0.392138	-0.392138	0.392138	-0.392138	
0.391538	-0.391538	0.391538	-0.391538	
0.390862	-0.390862	0.390862	-0.390862	
0.390109	-0.390109	0.390109	-0.390109	
0.389281	-0.389281	0.389281	-0.389281	
0.388376	-0.388376	0.388376	-0.388376	
0.387396	-0.387396	0.387396	-0.387396	
0.386341	-0.386341	0.386341	-0.386341	
0.385211	-0.385211	0.385211	-0.385211	
0.384008	-0.384008	0.384008	-0.384008	
0.38273	-0.38273	0.38273	-0.38273	
0.381379	-0.381379	0.381379	-0.381379	
0.379956	-0.379956	0.379956	-0.379956	
0.37846	-0.37846	0.37846	-0.37846	
0.376892	-0.376892	0.376892	-0.376892	
0.375253	-0.375253	0.375253	-0.375253	
0.373543	-0.373543	0.373543	-0.373543	
0.371762	-0.371762	0.371762	-0.371762	
0.369912	-0.369912	0.369912	-0.369912	
0.367993	-0.367993	0.367993	-0.367993	
0.366004	-0.366004	0.366004	-0.366004	
0.363948	-0.363948	0.363948	-0.363948	
0.361825	-0.361825	0.361825	-0.361825	
0.359634	-0.359634	0.359634	-0.359634	
0.357378	-0.357378	0.357378	-0.357378	
0.355056	-0.355056	0.355056	-0.355056	
0.352669	-0.352669	0.352669	-0.352669	
0.350217	-0.350217	0.350217	-0.350217	
0.347702	-0.347702	0.347702	-0.347702	
0.345124	-0.345124	0.345124	-0.345124	
0.342484	-0.342484	0.342484	-0.342484	
0.339783	-0.339783	0.339783	-0.339783	
0.33702	-0.33702	0.33702	-0.33702	
0.334198	-0.334198	0.334198	-0.334198	
0.331316	-0.331316	0.331316	-0.331316	
0.328376	-0.328376	0.328376	-0.328376	
0.325378	-0.325378	0.325378	-0.325378	
0.322323	-0.322323	0.322323	-0.322323	
0.319212	-0.319212	0.319212	-0.319212	
0.316046	-0.316046	0.316046	-0.316046	
0.312825	-0.312825	0.312825	-0.312825	
0.30955	-0.30955	0.30955	-0.30955	
0.306222	-0.306222	0.306222	-0.306222	
0.302842	-0.302842	0.302842	-0.302842	
0.29941	-0.29941	0.29941	-0.29941	
0.295929	-0.295929	0.295929	-0.295929	
0.292398	-0.292398	0.292398	-0.292398	
0.288818	-0.288818	0.288818	-0.288818	
0.28519	-0.28519	0.28519	-0.28519	
0.281515	-0.281515	0.281515	-0.281515	
0.277794	-0.277794	0.277794	-0.277794	
0.274029	-0.274029	0.274029	-0.274029	
0.270219	-0.270219	0.270219	-0.270219	
0.266365	-0.266365	0.266365	-0.266365	
0.262469	-0.262469	0.262469	-0.262469	
0.258532	-0.258532	0.258532	-0.258532	
0.254555	-0.254555	0.254555	-0.254555	
0.250537	-0.250537	0.250537	-0.250537	
0.246481	-0.246481	0.246481	-0.246481	
0.242388	-0.242388	0.242388	-0.242388	
0.238258	-0.238258	0.238258	-0.238258	
0.234092	-0.234092	0.234092	-0.234092	
0.229891	-0.229891	0.229891	-0.229891	
0.225656	-0.225656	0.225656	-0.225656	
0.221389	-0.221389	0.221389	-0.221389	
0.21709	-0.21709	0.21709	-0.21709	
0.21276	-0.21276	0.21276	-0.21276	
0.2084	-0.2084	0.2084	-0.2084	
0.204011	-0.204011	0.204011	-0.204011	
0.199595	-0.199595	0.199595	-0.199595	
0.195151	-0.195151	0.195151	-0.195151	
0.190682	-0.190682	0.190682	-0.190682	
0.186188	-0.186188	0.186188	-0.186188	
0.18167	-0.18167	0.18167	-0.18167	
0.177129	-0.177129	0.177129	-0.177129	
0.172566	-0.172566	0.172566	-0.172566	
0.167983	-0.167983	0.167983	-0.167983	
0.16338	-0.16338	0.16338	-0.16338	
0.158758	-0.158758	0.158758	-0.158758	
0.154119	-0.154119	0.154119	-0.154119	
0.149462	-0.149462	0.149462	-0.149462	
0.144791	-0.144791	0.144791	-0.144791	
0.140104	-0.140104	0.140104	-0.140104	
0.135404	-0.135404	0.135404	-0.135404	
0.130691	-0.130691	0.130691	-0.130691	
0.125967	-0.125967	0.125967	-0.125967	
0.121232	-0.121232	0.121232	-0.121232	
0.116487	-0.116487	0.116487	-0.116487	
0.111734	-0.111734	0.111734	-0.111734	
0.106974	-0.106974	0.106974	-0.106974	
0.102207	-0.102207	0.102207	-0.102207	
0.0974347	-0.0974347	0.0974347	-0.0974347	
0.0926579	-0.0926579	0.0926579	-0.0926579	
0.0878776	-0.0878776	0.0878776	-0.0878776	
0.083095	-0.083095	0.083095	-0.083095	
0.0783109	-0.0783109	0.0783109	-0.0783109	
0.0735265	-0.0735265	0.0735265	-0.0735265	
0.0687426	-0.0687426	0.0687426	-0.0687426	
0.0639603	-0.0639603	0.0639603	-0.0639603	
0.0591807	-0.0591807	0.0591807	-0.0591807	
0.0544046	-0.0544046	0.0544046	-0.0544046	
0.0496331	-0.0496331	0.0496331	-0.0496331	
0.0448671	-0.0448671	0.0448671	-0.0448671	
0.0401077	-0.0401077	0.0401077	-0.0401077	
0.0353558	-0.0353558	0.0353558	-0.0353558	
0.0306124	-0.0306124	0.0306124	-0.0306124	
0.0258785	-0.0258785	0.0258785	-0.0258785	
0.021155	-0.021155	0.021155	-0.021155	
0.0164428	-0.0164428	0.0164428	-0.0164428	
0.0117429	-0.0117429	0.0117429	-0.0117429	
0.00705636	-0.00705636	0.00705636	-0.00705636	
0.00238399	-0.00238399	0.00238399	-0.00238399	
-0.00227325	0.00227325	-0.00227325	0.00227325	
-0.00691443	0.00691443	-0.00691443	0.00691443	
-0.0115386	0.0115386	-0.0115386	0.0115386	
-0.0161449	0.0161449	-0.0161449	0.0161449	
-0.0207324	0.0207324	-0.0207324	0.0207324	
-0.0253002	0.0253002	-0.0253002	0.0253002	
-0.0298474	0.0298474	-0.0298474	0.0298474	
-0.0343732	0.0343732	-0.0343732	0.0343732	
-0.0388765	0.0388765	-0.0388765	0.0388765	
-0.0433567	0.0433567	-0.0433567	0.0433567	
-0.0478128	0.0478128	-0.0478128	0.0478128	
-0.0522439	0.0522439	-0.0522439	0.0522439	
-0.0566492	0.0566492	-0.0566492	0.0566492	
-0.061028	0.061028	-0.061028	0.061028	
-0.0653793	0.0653793	-0.0653793	0.0653793	
-0.0697023	0.0697023	-0.0697023	0.0697023	
-0.0739962	0.0739962	-0.0739962	0.0739962	
-0.0782603	0.0782603	-0.0782603	0.0782603	
-0.0824937	0.0824937	-0.0824937	0.0824937	
-0.0866956	0.0866956	-0.0866956	0.0866956	
-0.0908653	0.0908653	-0.0908653	0.0908653	
-0.0950021	0.0950021	-0.0950021	0.0950021	
-0.0991051	0.0991051	-0.0991051	0.0991051	
-0.103174	0.103174	-0.103174	0.103174	
-0.107207	0.107207	-0.107207	0.107207	
-0.111204	0.111204	-0.111204	0.111204	
-0.115165	0.115165	-0.115165	0.115165	
-0.119088	0.119088	-0.119088	0.119088	
-0.122974	0.122974	-0.122974	0.122974	
-0.12682	0.12682	-0.12682	0.12682	
-0.130627	0.130627	-0.130627	0.130627	
-0.134395	0.134395	-0.134395	0.134395	
-0.138121	0.138121	-0.138121	0.138121	
-0.141806	0.141806	-0.141806	0.141806	
-0.145449	0.145449	-0.145449	0.145449	
-0.14905	0.14905	-0.14905	0.14905	
-0.152607	0.152607	-0.152607	0.152607	
-0.156121	0.156121	-0.156121	0.156121	
-0.15959	0.15959	-0.15959	0.15959	
-0.163015	0.163015	-0.163015	0.163015	
-0.166393	0.166393	-0.166393	0.166393	
-0.169726	0.169726	-0.169726	0.169726	
-0.173013	0.173013	-0.173013	0.173013	
-0.176252	0.176252	-0.176252	0.176252	
-0.179444	0.179444	-0.179444	0.179444	
-0.182588	0.182588	-0.182588	0.182588	
-0.185683	0.185683	-0.185683	0.185683	
-0.188729	0.188729	-0.188729	0.188729	
-0.191726	0.191726	-0.191726	0.191726	
-0.194673	0.194673	-0.194673	0.194673	
-0.197569	0.197569	-0.197569	0.197569	
-0.200415	0.200415	-0.200415	0.200415	
-0.20321	0.20321	-0.20321	0.20321	
-0.205953	0.205953	-0.205953	0.205953	
-0.208644	0.208644	-0.208644	0.208644	
-0.211283	0.211283	-0.211283	0.211283	
-0.213869	0.213869	-0.213869	0.213869	
-0.216402	0.216402	-0.216402	0.216402	
-0.218882	0.218882	-0.218882	0.218882	
-0.221309	0.221309	-0.221309	0.221309	
-0.223681	0.223681	-0.223681	0.223681	
-0.225999	0.225999	-0.225999	0.225999	
-0.228263	0.228263	-0.228263	0.228263	
-0.230472	0.230472	-0.230472	0.230472	
-0.232626	0.232626	-0.232626	0.232626	
-0.234725	0.234725	-0.234725	0.234725	
-0.236769	0.236769	-0.236769	0.236769	
-0.238756	0.238756	-0.238756	0.238756	
-0.240688	0.240688	-0.240688	0.240688	
-0.242564	0.242564	-0.242564	0.242564	
-0.244384	0.244384	-0.244384	0.244384	
-0.246147	0.246147	-0.246147	0.246147	
-0.247854	0.247854	-0.247854	0.247854	
-0.249505	0.249505	-0.249505	0.249505	
-0.251098	0.251098	-0.251098	0.251098	
-0.252635	0.252635	-0.252635	0.252635	
-0.254115	0.254115	-0.254115	0.254115	
-0.255538	0.255538	-0.255538	0.255538	
-0.256904	0.256904	-0.256904	0.256904	
-0.258213	0.258213	-0.258213	0.258213	
-0.259464	0.259464	-0.259464	0.259464	
-0.260659	0.260659	-0.260659	0.260659	
-0.261796	0.261796	-0.261796	0.261796	
-0.262876	0.262876	-0.262876	0.262876	
-0.263899	0.263899	-0.263899	0.263899	
-0.264865	0.264865	-0.264865	0.264865	
-0.265774	0.265774	-0.265774	0.265774	
-0.266626	0.266626	-0.266626	0.266626	
-0.267421	0.267421	-0.267421	0.267421	
-0.268159	0.268159	-0.268159	0.268159	
-0.26884	0.26884	-0.26884	0.26884	
-0.269465	0.269465	-0.269465	0.269465	
-0.270033	0.270033	-0.270033	0.270033	
-0.270544	0.270544	-0.270544	0.270544	
-0.271	0.271	-0.271	0.271	
-0.271399	0.271399	-0.271399	0.271399	
-0.271742	0.271742	-0.271742	0.271742	
-0.27203	0.27203	-0.27203	0.27203	
-0.272262	0.272262	-0.272262	0.272262	
-0.272438	0.272438	-0.272438	0.272438	
-0.27256	0.27256	-0.27256	0.27256	
-0.272626	0.272626	-0.272626	0.272626	
-0.272638	0.272638	-0.272638	0.272638	
-0.272595	0.272595	-0.272595	0.272595	
-0.272498	0.272498	-0.272498	0.272498	
-0.272348	0.272348	-0.272348	0.272348	
-0.272143	0.272143	-0.272143	0.272143	
-0.271885	0.271885	-0.271885	0.271885	
-0.271574	0.271574	-0.271574	0.271574	
-0.271211	0.271211	-0.271211	0.271211	
-0.270795	0.270795	-0.270795	0.270795	
-0.270327	0.270327	-0.270327	0.270327	
-0.269807	0.269807	-0.269807	0.269807	
-0.269236	0.269236	-0.269236	0.269236	
-0.268614	0.268614	-0.268614	0.268614	
-0.267941	0.267941	-0.267941	0.267941	
-0.267218	0.267218	-0.267218	0.267218	
-0.266445	0.266445	-0.266445	0.266445	
-0.265623	0.265623	-0.265623	0.265623	
-0.264752	0.264752	-0.264752	0.264752	
-0.263832	0.263832	-0.263832	0.263832	
-0.262864	0.262864	-0.262864	0.262864	
-0.261849	0.261849	-0.261849	0.261849	
-0.260786	0.260786	-0.260786	0.260786	
-0.259676	0.259676	-0.259676	0.259676	
-0.25852	0.25852	-0.25852	0.25852	
-0.257319	0.257319	-0.257319	0.257319	
-0.256072	0.256072	-0.256072	0.256072	
-0.25478	0.25478	-0.25478	0.25478	
-0.253443	0.253443	-0.253443	0.253443	
-0.252063	0.252063	-0.252063	0.252063	
-0.25064	0.25064	-0.25064	0.25064	
-0.249174	0.249174	-0.249174	0.249174	
-0.247665	0.247665	-0.247665	0.247665	
-0.246115	0.246115	-0.246115	0.246115	
-0.244524	0.244524	-0.244524	0.244524	
-0.242892	0.242892	-0.242892	0.242892	
-0.24122	0.24122	-0.24122	0.24122	
-0.239509	0.239509	-0.239509	0.239509	
-0.237759	0.237759	-0.237759	0.237759	
-0.23597	0.23597	-0.23597	0.23597	
-0.234144	0.234144	-0.234144	0.234144	
-0.23228	0.23228	-0.23228	0.23228	
-0.230381	0.230381	-0.230381	0.230381	
-0.228445	0.228445	-0.228445	0.228445	
-0.226474	0.226474	-0.226474	0.226474	
-0.224468	0.224468	-0.224468	0.224468	
-0.222428	0.222428	-0.222428	0.222428	
-0.220355	0.220355	-0.220355	0.220355	
-0.218249	0.218249	-0.218249	0.218249	
-0.216111	0.216111	-0.216111	0.216111	
-0.213941	0.213941	-0.213941	0.213941	
-0.211741	0.211741	-0.211741	0.211741	
-0.20951	0.20951	-0.20951	0.20951	
-0.20725	0.20725	-0.20725	0.20725	
-0.204961	0.204961	-0.204961	0.204961	
-0.202643	0.202643	-0.202643	0.202643	
-0.200298	0.200298	-0.200298	0.200298	
-0.197926	0.197926	-0.197926	0.197926	
-0.195528	0.195528	-0.195528	0.195528	
-0.193104	0.193104	-0.193104	0.193104	
-0.190655	0.190655	-0.190655	0.190655	
-0.188183	0.188183	-0.188183	0.188183	
-0.185686	0.185686	-0.185686	0.185686	
-0.183167	0.183167	-0.183167	0.183167	
-0.180625	0.180625	-0.180625	0.180625	
-0.178063	0.178063	-0.178063	0.178063	
-0.175479	0.175479	-0.175479	0.175479	
-0.172875	0.172875	-0.172875	0.172875	
-0.170252	0.170252	-0.170252	0.170252	
-0.16761	0.16761	-0.16761	0.16761	
-0.16495	0.16495	-0.16495	0.16495	
-0.162273	0.162273	-0.162273	0.162273	
-0.159579	0.159579	-0.159579	0.159579	
-0.156869	0.156869	-0.156869	0.156869	
-0.154144	0.154144	-0.154144	0.154144	
-0.151404	0.151404	-0.151404	0.151404	
-0.14865	0.14865	-0.14865	0.14865	
-0.145883	0.145883	-0.145883	0.145883	
-0.143104	0.143104	-0.143104	0.143104	
-0.140313	0.140313	-0.140313	0.140313	
-0.137511	0.137511	-0.137511	0.137511	
-0.134698	0.134698	-0.134698	0.134698	
-0.131876	0.131876	-0.131876	0.131876	
-0.129045	0.129045	-0.129045	0.129045	
-0.126205	0.126205	-0.126205	0.126205	
-0.123358	0.123358	-0.123358	0.123358	
-0.120504	0.120504	-0.120504	0.120504	
-0.117643	0.117643	-0.117643	0.117643	
-0.114777	0.114777	-0.114777	0.114777	
-0.111906	0.111906	-0.111906	0.111906	
-0.10903	0.10903	-0.10903	0.10903	
-0.106151	0.106151	-0.106151	0.106151	
-0.103269	0.103269	-0.103269	0.103269	
-0.100385	0.100385	-0.100385	0.100385	
-0.0974992	0.0974992	-0.0974992	0.0974992	
-0.0946124	0.0946124	-0.0946124	0.0946124	
-0.0917253	0.0917253	-0.0917253	0.0917253	
-0.0888386	0.0888386	-0.0888386	0.0888386	
-0.0859528	0.0859528	-0.0859528	0.0859528	
-0.0830687	0.0830687	-0.0830687	0.0830687	
-0.0801869	0.0801869	-0.0801869	0.0801869	
-0.077308	0.077308	-0.077308	0.077308	
-0.0744326	0.0744326	-0.0744326	0.0744326	
-0.0715614	0.0715614	-0.0715614	0.0715614	
-0.068695	0.068695	-0.068695	0.068695	
-0.065834	0.065834	-0.065834	0.065834	
-0.0629791	0.0629791	-0.0629791	0.0629791	
-0.0601307	0.0601307	-0.0601307	0.0601307	
-0.0572896	0.0572896	-0.0572896	0.0572896	
-0.0544563	0.0544563	-0.0544563	0.0544563	
-0.0516313	0.0516313	-0.0516313	0.0516313	
-0.0488154	0.0488154	-0.0488154	0.0488154	
-0.0460091	0.0460091	-0.0460091	0.0460091	
-0.0432129	0.0432129	-0.0432129	0.0432129	
-0.0404274	0.0404274	-0.0404274	0.0404274	
-0.0376532	0.0376532	-0.0376532	0.0376532	
-0.0348908	0.0348908	-0.0348908	0.0348908	
-0.0321408	0.0321408	-0.0321408	0.0321408	
-0.0294037	0.0294037	-0.0294037	0.0294037	
-0.0266801	0.0266801	-0.0266801	0.0266801	
-0.0239704	0.0239704	-0.0239704	0.0239704	
-0.0212752	0.0212752	-0.0212752	0.0212752	
-0.0185951	0.0185951	-0.0185951	0.0185951	
-0.0159304	0.0159304	-0.0159304	0.0159304	
-0.0132818	0.0132818	-0.0132818	0.0132818	
-0.0106497	0.0106497	-0.0106497	0.0106497	
-0.00803465	0.00803465	-0.00803465	0.00803465	
-0.00543704	0.00543704	-0.00543704	0.00543704	
-0.00285738	0.00285738	-0.00285738	0.00285738	
-0.000296135	0.000296135	-0.000296135	0.000296135	
0.00224624	-0.00224624	0.00224624	-0.00224624	
0.0047693	-0.0047693	0.0047693	-0.0047693	
0.00727259	-0.00727259	0.00727259	-0.00727259	
0.0097557	-0.0097557	0.0097557	-0.0097557	
0.0122182	-0.0122182	0.0122182	-0.0122182	
0.0146596	-0.0146596	0.0146596	-0.0146596	
0.0170797	-0.0170797	0.0170797	-0.0170797	
0.0194778	-0.0194778	0.0194778	-0.0194778	
0.0218538	-0.0218538	0.0218538	-0.0218538	
0.0242071	-0.0242071	0.0242071	-0.0242071	
0.0265374	-0.0265374	0.0265374	-0.0265374	
0.0288444	-0.0288444	0.0288444	-0.0288444	
0.0311276	-0.0311276	0.0311276	-0.0311276	
0.0333868	-0.0333868	0.0333868	-0.0333868	
0.0356216	-0.0356216	0.0356216	-0.0356216	
0.0378316	-0.0378316	0.0378316	-0.0378316	
0.0400166	-0.0400166	0.0400166	-0.0400166	
0.0421762	-0.0421762	0.0421762	-0.0421762	
0.0443101	-0.0443101	0.0443101	-0.0443101	
0.046418	-0.046418	0.046418	-0.046418	
0.0484997	-0.0484997	0.0484997	-0.0484997	
0.0505548	-0.0505548	0.0505548	-0.0505548	
0.052583	-0.052583	0.052583	-0.052583	
0.0545842	-0.0545842	0.0545842	-0.0545842	
0.0565581	-0.0565581	0.0565581	-0.0565581	
0.0585043	-0.0585043	0.0585043	-0.0585043	
0.0604228	-0.0604228	0.0604228	-0.0604228	
0.0623132	-0.0623132	0.0623132	-0.0623132	
0.0641754	-0.0641754	0.0641754	-0.0641754	
0.066009	-0.066009	0.066009	-0.066009	
0.0678141	-0.0678141	0.0678141	-0.0678141	
0.0695902	-0.0695902	0.0695902	-0.0695902	
0.0713373	-0.0713373	0.0713373	-0.0713373	
0.0730553	-0.0730553	0.0730553	-0.0730553	
0.0747438	-0.0747438	0.0747438	-0.0747438	
0.0764028	-0.0764028	0.0764028	-0.0764028	
0.0780322	-0.0780322	0.0780322	-0.0780322	
0.0796318	-0.0796318	0.0796318	-0.0796318	
0.0812014	-0.0812014	0.0812014	-0.0812014	
0.082741	-0.082741	0.082741	-0.082741	
0.0842504	-0.0842504	0.0842504	-0.0842504	
0.0857296	-0.0857296	0.0857296	-0.0857296	
0.0871784	-0.0871784	0.0871784	-0.0871784	
0.0885969	-0.0885969	0.0885969	-0.0885969	
0.0899848	-0.0899848	0.0899848	-0.0899848	
0.0913422	-0.0913422	0.0913422	-0.0913422	
0.0926689	-0.0926689	0.0926689	-0.0926689	
0.093965	-0.093965	0.093965	-0.093965	
0.0952304	-0.0952304	0.0952304	-0.0952304	
0.0964651	-0.0964651	0.0964651	-0.0964651	
0.0976691	-0.0976691	0.0976691	-0.0976691	
0.0988423	-0.0988423	0.0988423	-0.0988423	
0.0999847	-0.0999847	0.0999847	-0.0999847	
0.101096	-0.101096	0.101096	-0.101096	
0.102177	-0.102177	0.102177	-0.102177	
0.103228	-0.103228	0.103228	-0.103228	
0.104247	-0.104247	0.104247	-0.104247	
0.105236	-0.105236	0.105236	-0.105236	
0.106195	-0.106195	0.106195	-0.106195	
0.107122	-0.107122	0.107122	-0.107122	
0.10802	-0.10802	0.10802	-0.10802	
0.108887	-0.108887	0.108887	-0.108887	
0.109724	-0.109724	0.109724	-0.109724	
0.11053	-0.11053	0.11053	-0.11053	
0.111307	-0.111307	0.111307	-0.111307	
0.112053	-0.112053	0.112053	-0.112053	
0.112769	-0.112769	0.112769	-0.112769	
0.113456	-0.113456	0.113456	-0.113456	
0.114113	-0.114113	0.114113	-0.114113	
0.114741	-0.114741	0.114741	-0.114741	
0.115339	-0.115339	0.115339	-0.115339	
0.115908	-0.115908	0.115908	-0.115908	
0.116448	-0.116448	0.116448	-0.116448	
0.116959	-0.116959	0.116959	-0.116959	
0.117442	-0.117442	0.117442	-0.117442	
0.117895	-0.117895	0.117895	-0.117895	
0.118321	-0.118321	0.118321	-0.118321	
0.118718	-0.118718	0.118718	-0.118718	
0.119088	-0.119088	0.119088	-0.119088	
0.11943	-0.11943	0.11943	-0.11943	
0.119744	-0.119744	0.119744	-0.119744	
0.120031	-0.120031	0.120031	-0.120031	
0.12029	-0.12029	0.12029	-0.12029	
0.120523	-0.120523	0.120523	-0.120523	
0.12073	-0.12073	0.12073	-0.12073	
0.12091	-0.12091	0.12091	-0.12091	
0.121064	-0.121064	0.121064	-0.121064	
0.121192	-0.121192	0.121192	-0.121192	
0.121294	-0.121294	0.121294	-0.121294	
0.121372	-0.121372	0.121372	-0.121372	
0.121424	-0.121424	0.121424	-0.121424	
0.121451	-0.121451	0.121451	-0.121451	
0.121454	-0.121454	0.121454	-0.121454	
0.121433	-0.121433	0.121433	-0.121433	
0.121388	-0.121388	0.121388	-0.121388	
0.121319	-0.121319	0.121319	-0.121319	
0.121227	-0.121227	0.121227	-0.121227	
0.121112	-0.121112	0.121112	-0.121112	
0.120974	-0.120974	0.120974	-0.120974	
0.120814	-0.120814	0.120814	-0.120814	
0.120632	-0.120632	0.120632	-0.120632	
0.120429	-0.120429	0.120429	-0.120429	
0.120204	-0.120204	0.120204	-0.120204	
0.119958	-0.119958	0.119958	-0.119958	
0.119691	-0.119691	0.119691	-0.119691	
0.119404	-0.119404	0.119404	-0.119404	
0.119097	-0.119097	0.119097	-0.119097	
0.11877	-0.11877	0.11877	-0.11877	
0.118424	-0.118424	0.118424	-0.118424	
0.118059	-0.118059	0.118059	-0.118059	
0.117676	-0.117676	0.117676	-0.117676	
0.117274	-0.117274	0.117274	-0.117274	
0.116855	-0.116855	0.116855	-0.116855	
0.116418	-0.116418	0.116418	-0.116418	
0.115964	-0.115964	0.115964	-0.115964	
0.115493	-0.115493	0.115493	-0.115493	
0.115005	-0.115005	0.115005	-0.115005	
0.114502	-0.114502	0.114502	-0.114502	
0.113983	-0.113983	0.113983	-0.113983	
0.113449	-0.113449	0.113449	-0.113449	
0.1129	-0.1129	0.1129	-0.1129	
0.112337	-0.112337	0.112337	-0.112337	
0.11176	-0.11176	0.11176	-0.11176	
0.111168	-0.111168	0.111168	-0.111168	
0.110564	-0.110564	0.110564	-0.110564	
0.109947	-0.109947	0.109947	-0.109947	
0.109317	-0.109317	0.109317	-0.109317	
0.108675	-0.108675	0.108675	-0.108675	
0.108021	-0.108021	0.108021	-0.108021	
0.107356	-0.107356	0.107356	-0.107356	
0.10668	-0.10668	0.10668	-0.10668	
0.105993	-0.105993	0.105993	-0.105993	
0.105296	-0.105296	0.105296	-0.105296	
0.104589	-0.104589	0.104589	-0.104589	
0.103873	-0.103873	0.103873	-0.103873	
0.103148	-0.103148	0.103148	-0.103148	
0.102414	-0.102414	0.102414	-0.102414	
0.101672	-0.101672	0.101672	-0.101672	
0.100923	-0.100923	0.100923	-0.100923	
0.100165	-0.100165	0.100165	-0.100165	
0.099401	-0.099401	0.099401	-0.099401	
0.09863	-0.09863	0.09863	-0.09863	
0.0978527	-0.0978527	0.0978527	-0.0978527	
0.0970695	-0.0970695	0.0970695	-0.0970695	
0.0962807	-0.0962807	0.0962807	-0.0962807	
0.0954868	-0.0954868	0.0954868	-0.0954868	
0.0946881	-0.0946881	0.0946881	-0.0946881	
0.093885	-0.093885	0.093885	-0.093885	
0.0930779	-0.0930779	0.0930779	-0.0930779	
0.0922671	-0.0922671	0.0922671	-0.0922671	
0.091453	-0.091453	0.091453	-0.091453	
0.0906361	-0.0906361	0.0906361	-0.0906361	
0.0898166	-0.0898166	0.0898166	-0.0898166	
0.0889949	-0.0889949	0.0889949	-0.0889949	
0.0881713	-0.0881713	0.0881713	-0.0881713	
0.0873463	-0.0873463	0.0873463	-0.0873463	
0.0865202	-0.0865202	0.0865202	-0.0865202	
0.0856933	-0.0856933	0.0856933	-0.0856933	
0.0848661	-0.0848661	0.0848661	-0.0848661	
0.0840387	-0.0840387	0.0840387	-0.0840387	
0.0832116	-0.0832116	0.0832116	-0.0832116	
0.0823851	-0.0823851	0.0823851	-0.0823851	
0.0815596	-0.0815596	0.0815596	-0.0815596	
0.0807353	-0.0807353	0.0807353	-0.0807353	
0.0799127	-0.0799127	0.0799127	-0.0799127	
0.079092	-0.079092	0.079092	-0.079092	
0.0782735	-0.0782735	0.0782735	-0.0782735	
0.0774576	-0.0774576	0.0774576	-0.0774576	
0.0766445	-0.0766445	0.0766445	-0.0766445	
0.0758346	-0.0758346	0.0758346	-0.0758346	
0.0750282	-0.0750282	0.0750282	-0.0750282	
0.0742256	-0.0742256	0.0742256	-0.0742256	
0.0734271	-0.0734271	0.0734271	-0.0734271	
0.0726329	-0.0726329	0.0726329	-0.0726329	
0.0718433	-0.0718433	0.0718433	-0.0718433	
0.0710587	-0.0710587	0.0710587	-0.0710587	
0.0702793	-0.0702793	0.0702793	-0.0702793	
0.0695053	-0.0695053	0.0695053	-0.0695053	
0.0687371	-0.0687371	0.0687371	-0.0687371	
0.0679749	-0.0679749	0.0679749	-0.0679749	
0.0672189	-0.0672189	0.0672189	-0.0672189	
0.0664694	-0.0664694	0.0664694	-0.0664694	
0.0657266	-0.0657266	0.0657266	-0.0657266	
0.0649908	-0.0649908	0.0649908	-0.0649908	
0.0642623	-0.0642623	0.0642623	-0.0642623	
0.0635411	-0.0635411	0.0635411	-0.0635411	
0.0628276	-0.0628276	0.0628276	-0.0628276	
0.062122	-0.062122	0.062122	-0.062122	
0.0614244	-0.0614244	0.0614244	-0.0614244	
0.0607352	-0.0607352	0.0607352	-0.0607352	
0.0600544	-0.0600544	0.0600544	-0.0600544	
0.0593823	-0.0593823	0.0593823	-0.0593823	
0.058719	-0.058719	0.058719	-0.058719	
0.0580648	-0.0580648	0.0580648	-0.0580648	
0.0574198	-0.0574198	0.0574198	-0.0574198	
0.0567842	-0.0567842	0.0567842	-0.0567842	
0.0561582	-0.0561582	0.0561582	-0.0561582	
0.0555418	-0.0555418	0.0555418	-0.0555418	
0.0549353	-0.0549353	0.0549353	-0.0549353	
0.0543388	-0.0543388	0.0543388	-0.0543388	
0.0537524	-0.0537524	0.0537524	-0.0537524	
0.0531763	-0.0531763	0.0531763	-0.0531763	
0.0526105	-0.0526105	0.0526105	-0.0526105	
0.0520553	-0.0520553	0.0520553	-0.0520553	
0.0515107	-0.0515107	0.0515107	-0.0515107	
0.0509768	-0.0509768	0.0509768	-0.0509768	
0.0504537	-0.0504537	0.0504537	-0.0504537	
0.0499416	-0.0499416	0.0499416	-0.0499416	
0.0494404	-0.0494404	0.0494404	-0.0494404	
0.0489503	-0.0489503	0.0489503	-0.0489503	
