# mu=0.3
# lamb=0
# N=8
# m=0
# dim=70
# T=10
# dt=0.01

#<S_z>
0.5	-0.5	0.5	-0.5	0.5	-0.5	0.5	-0.5	
0.49995	-0.49995	0.49995	-0.49995	0.49995	-0.49995	0.49995	-0.49995	
0.4998	-0.4998	0.4998	-0.4998	0.4998	-0.4998	0.4998	-0.4998	
0.49955	-0.49955	0.49955	-0.49955	0.49955	-0.49955	0.49955	-0.49955	
0.4992	-0.4992	0.4992	-0.4992	0.4992	-0.4992	0.4992	-0.4992	
0.498751	-0.498751	0.498751	-0.498751	0.498751	-0.498751	0.498751	-0.498751	
0.498202	-0.498202	0.498202	-0.498202	0.498202	-0.498202	0.498202	-0.498202	
0.497553	-0.497553	0.497553	-0.497553	0.497553	-0.497553	0.497553	-0.497553	
0.496805	-0.496805	0.496805	-0.496805	0.496805	-0.496805	0.496805	-0.496805	
0.495958	-0.495958	0.495958	-0.495958	0.495958	-0.495958	0.495958	-0.495958	
0.495013	-0.495013	0.495013	-0.495013	0.495013	-0.495013	0.495013	-0.495013	
0.493969	-0.493969	0.493969	-0.493969	0.493969	-0.493969	0.493969	-0.493969	
0.492827	-0.492827	0.492827	-0.492827	0.492827	-0.492827	0.492827	-0.492827	
0.491587	-0.491587	0.491587	-0.491587	0.491587	-0.491587	0.491587	-0.491587	
0.490249	-0.490249	0.490249	-0.490249	0.490249	-0.490249	0.490249	-0.490249	
0.488815	-0.488815	0.488815	-0.488815	0.488815	-0.488815	0.488815	-0.488815	
0.487284	-0.487284	0.487284	-0.487284	0.487284	-0.487284	0.487284	-0.487284	
0.485657	-0.485657	0.485657	-0.485657	0.485657	-0.485657	0.485657	-0.485657	
0.483935	-0.483935	0.483935	-0.483935	0.483935	-0.483935	0.483935	-0.483935	
0.482117	-0.482117	0.482117	-0.482117	0.482117	-0.482117	0.482117	-0.482117	
0.480205	-0.480205	0.480205	-0.480205	0.480205	-0.480205	0.480205	-0.480205	
0.478199	-0.478199	0.478199	-0.478199	0.478199	-0.478199	0.478199	-0.478199	
0.4761	-0.4761	0.4761	-0.4761	0.4761	-0.4761	0.4761	-0.4761	
0.473908	-0.473908	0.473908	-0.473908	0.473908	-0.473908	0.473908	-0.473908	
0.471624	-0.471624	0.471624	-0.471624	0.471624	-0.471624	0.471624	-0.471624	
0.469249	-0.469249	0.469249	-0.469249	0.469249	-0.469249	0.469249	-0.469249	
0.466784	-0.466784	0.466784	-0.466784	0.466784	-0.466784	0.466784	-0.466784	
0.464228	-0.464228	0.464228	-0.464228	0.464228	-0.464228	0.464228	-0.464228	
0.461584	-0.461584	0.461584	-0.461584	0.461584	-0.461584	0.461584	-0.461584	
0.458852	-0.458852	0.458852	-0.458852	0.458852	-0.458852	0.458852	-0.458852	
0.456032	-0.456032	0.456032	-0.456032	0.456032	-0.456032	0.456032	-0.456032	
0.453126	-0.453126	0.453126	-0.453126	0.453126	-0.453126	0.453126	-0.453126	
0.450134	-0.450134	0.450134	-0.450134	0.450134	-0.450134	0.450134	-0.450134	
0.447057	-0.447057	0.447057	-0.447057	0.447057	-0.447057	0.447057	-0.447057	
0.443897	-0.443897	0.443897	-0.443897	0.443897	-0.443897	0.443897	-0.443897	
0.440654	-0.440654	0.440654	-0.440654	0.440654	-0.440654	0.440654	-0.440654	
0.43733	-0.43733	0.43733	-0.43733	0.43733	-0.43733	0.43733	-0.43733	
0.433924	-0.433924	0.433924	-0.433924	0.433924	-0.433924	0.433924	-0.433924	
0.430439	-0.430439	0.430439	-0.430439	0.430439	-0.430439	0.430439	-0.430439	
0.426875	-0.426875	0.426875	-0.426875	0.426875	-0.426875	0.426875	-0.426875	
0.423234	-0.423234	0.423234	-0.423234	0.423234	-0.423234	0.423234	-0.423234	
0.419516	-0.419516	0.419516	-0.419516	0.419516	-0.419516	0.419516	-0.419516	
0.415723	-0.415723	0.415723	-0.415723	0.415723	-0.415723	0.415723	-0.415723	
0.411856	-0.411856	0.411856	-0.411856	0.411856	-0.411856	0.411856	-0.411856	
0.407916	-0.407916	0.407916	-0.407916	0.407916	-0.407916	0.407916	-0.407916	
0.403904	-0.403904	0.403904	-0.403904	0.403904	-0.403904	0.403904	-0.403904	
0.399822	-0.399822	0.399822	-0.399822	0.399822	-0.399822	0.399822	-0.399822	
0.39567	-0.39567	0.39567	-0.39567	0.39567	-0.39567	0.39567	-0.39567	
0.391451	-0.391451	0.391451	-0.391451	0.391451	-0.391451	0.391451	-0.391451	
0.387164	-0.387164	0.387164	-0.387164	0.387164	-0.387164	0.387164	-0.387164	
0.382812	-0.382812	0.382812	-0.382812	0.382812	-0.382812	0.382812	-0.382812	
0.378396	-0.378396	0.378396	-0.378396	0.378396	-0.378396	0.378396	-0.378396	
0.373917	-0.373917	0.373917	-0.373917	0.373917	-0.373917	0.373917	-0.373917	
0.369377	-0.369377	0.369377	-0.369377	0.369377	-0.369377	0.369377	-0.369377	
0.364777	-0.364777	0.364777	-0.364777	0.364777	-0.364777	0.364777	-0.364777	
0.360117	-0.360117	0.360117	-0.360117	0.360117	-0.360117	0.360117	-0.360117	
0.355401	-0.355401	0.355401	-0.355401	0.355401	-0.355401	0.355401	-0.355401	
0.350629	-0.350629	0.350629	-0.350629	0.350629	-0.350629	0.350629	-0.350629	
0.345802	-0.345802	0.345802	-0.345802	0.345802	-0.345802	0.345802	-0.345802	
0.340922	-0.340922	0.340922	-0.340922	0.340922	-0.340922	0.340922	-0.340922	
0.335991	-0.335991	0.335991	-0.335991	0.335991	-0.335991	0.335991	-0.335991	
0.33101	-0.33101	0.33101	-0.33101	0.33101	-0.33101	0.33101	-0.33101	
0.32598	-0.32598	0.32598	-0.32598	0.32598	-0.32598	0.32598	-0.32598	
0.320903	-0.320903	0.320903	-0.320903	0.320903	-0.320903	0.320903	-0.320903	
0.31578	-0.31578	0.31578	-0.31578	0.31578	-0.31578	0.31578	-0.31578	
0.310614	-0.310614	0.310614	-0.310614	0.310614	-0.310614	0.310614	-0.310614	
0.305405	-0.305405	0.305405	-0.305405	0.305405	-0.305405	0.305405	-0.305405	
0.300155	-0.300155	0.300155	-0.300155	0.300155	-0.300155	0.300155	-0.300155	
0.294866	-0.294866	0.294866	-0.294866	0.294866	-0.294866	0.294866	-0.294866	
0.289539	-0.289539	0.289539	-0.289539	0.289539	-0.289539	0.289539	-0.289539	
0.284176	-0.284176	0.284176	-0.284176	0.284176	-0.284176	0.284176	-0.284176	
0.278778	-0.278778	0.278778	-0.278778	0.278778	-0.278778	0.278778	-0.278778	
0.273347	-0.273347	0.273347	-0.273347	0.273347	-0.273347	0.273347	-0.273347	
0.267885	-0.267885	0.267885	-0.267885	0.267885	-0.267885	0.267885	-0.267885	
0.262393	-0.262393	0.262393	-0.262393	0.262393	-0.262393	0.262393	-0.262393	
0.256872	-0.256872	0.256872	-0.256872	0.256872	-0.256872	0.256872	-0.256872	
0.251325	-0.251325	0.251325	-0.251325	0.251325	-0.251325	0.251325	-0.251325	
0.245753	-0.245753	0.245753	-0.245753	0.245753	-0.245753	0.245753	-0.245753	
0.240158	-0.240158	0.240158	-0.240158	0.240158	-0.240158	0.240158	-0.240158	
0.234541	-0.234541	0.234541	-0.234541	0.234541	-0.234541	0.234541	-0.234541	
0.228905	-0.228905	0.228905	-0.228905	0.228905	-0.228905	0.228905	-0.228905	
0.223249	-0.223249	0.223249	-0.223249	0.223249	-0.223249	0.223249	-0.223249	
0.217577	-0.217577	0.217577	-0.217577	0.217577	-0.217577	0.217577	-0.217577	
0.21189	-0.21189	0.21189	-0.21189	0.21189	-0.21189	0.21189	-0.21189	
0.206189	-0.206189	0.206189	-0.206189	0.206189	-0.206189	0.206189	-0.206189	
0.200477	-0.200477	0.200477	-0.200477	0.200477	-0.200477	0.200477	-0.200477	
0.194754	-0.194754	0.194754	-0.194754	0.194754	-0.194754	0.194754	-0.194754	
0.189023	-0.189023	0.189023	-0.189023	0.189023	-0.189023	0.189023	-0.189023	
0.183285	-0.183285	0.183285	-0.183285	0.183285	-0.183285	0.183285	-0.183285	
0.177542	-0.177542	0.177542	-0.177542	0.177542	-0.177542	0.177542	-0.177542	
0.171795	-0.171795	0.171795	-0.171795	0.171795	-0.171795	0.171795	-0.171795	
0.166046	-0.166046	0.166046	-0.166046	0.166046	-0.166046	0.166046	-0.166046	
0.160297	-0.160297	0.160297	-0.160297	0.160297	-0.160297	0.160297	-0.160297	
0.154549	-0.154549	0.154549	-0.154549	0.154549	-0.154549	0.154549	-0.154549	
0.148804	-0.148804	0.148804	-0.148804	0.148804	-0.148804	0.148804	-0.148804	
0.143064	-0.143064	0.143064	-0.143064	0.143064	-0.143064	0.143064	-0.143064	
0.13733	-0.13733	0.13733	-0.13733	0.13733	-0.13733	0.13733	-0.13733	
0.131603	-0.131603	0.131603	-0.131603	0.131603	-0.131603	0.131603	-0.131603	
0.125886	-0.125886	0.125886	-0.125886	0.125886	-0.125886	0.125886	-0.125886	
0.12018	-0.12018	0.12018	-0.12018	0.12018	-0.12018	0.12018	-0.12018	
0.114487	-0.114487	0.114487	-0.114487	0.114487	-0.114487	0.114487	-0.114487	
0.108808	-0.108808	0.108808	-0.108808	0.108808	-0.108808	0.108808	-0.108808	
0.103144	-0.103144	0.103144	-0.103144	0.103144	-0.103144	0.103144	-0.103144	
0.0974983	-0.0974983	0.0974983	-0.0974983	0.0974983	-0.0974983	0.0974983	-0.0974983	
0.0918711	-0.0918711	0.0918711	-0.0918711	0.0918711	-0.0918711	0.0918711	-0.0918711	
0.0862642	-0.0862642	0.0862642	-0.0862642	0.0862642	-0.0862642	0.0862642	-0.0862642	
0.0806794	-0.0806794	0.0806794	-0.0806794	0.0806794	-0.0806794	0.0806794	-0.0806794	
0.0751179	-0.0751179	0.0751179	-0.0751179	0.0751179	-0.0751179	0.0751179	-0.0751179	
0.0695815	-0.0695815	0.0695815	-0.0695815	0.0695815	-0.0695815	0.0695815	-0.0695815	
0.0640716	-0.0640716	0.0640716	-0.0640716	0.0640716	-0.0640716	0.0640716	-0.0640716	
0.0585896	-0.0585896	0.0585896	-0.0585896	0.0585896	-0.0585896	0.0585896	-0.0585896	
0.053137	-0.053137	0.053137	-0.053137	0.053137	-0.053137	0.053137	-0.053137	
0.0477154	-0.0477154	0.0477154	-0.0477154	0.0477154	-0.0477154	0.0477154	-0.0477154	
0.0423261	-0.0423261	0.0423261	-0.0423261	0.0423261	-0.0423261	0.0423261	-0.0423261	
0.0369705	-0.0369705	0.0369705	-0.0369705	0.0369705	-0.0369705	0.0369705	-0.0369705	
0.0316502	-0.0316502	0.0316502	-0.0316502	0.0316502	-0.0316502	0.0316502	-0.0316502	
0.0263664	-0.0263664	0.0263664	-0.0263664	0.0263664	-0.0263664	0.0263664	-0.0263664	
0.0211206	-0.0211206	0.0211206	-0.0211206	0.0211206	-0.0211206	0.0211206	-0.0211206	
0.0159142	-0.0159142	0.0159142	-0.0159142	0.0159142	-0.0159142	0.0159142	-0.0159142	
0.0107484	-0.0107484	0.0107484	-0.0107484	0.0107484	-0.0107484	0.0107484	-0.0107484	
0.00562467	-0.00562467	0.00562467	-0.00562467	0.00562467	-0.00562467	0.00562467	-0.00562467	
0.00054426	-0.00054426	0.00054426	-0.00054426	0.00054426	-0.00054426	0.00054426	-0.00054426	
-0.00449152	0.00449152	-0.00449152	0.00449152	-0.00449152	0.00449152	-0.00449152	0.00449152	
-0.00948139	0.00948139	-0.00948139	0.00948139	-0.00948139	0.00948139	-0.00948139	0.00948139	
-0.0144241	0.0144241	-0.0144241	0.0144241	-0.0144241	0.0144241	-0.0144241	0.0144241	
-0.0193184	0.0193184	-0.0193184	0.0193184	-0.0193184	0.0193184	-0.0193184	0.0193184	
-0.0241631	0.0241631	-0.0241631	0.0241631	-0.0241631	0.0241631	-0.0241631	0.0241631	
-0.0289569	0.0289569	-0.0289569	0.0289569	-0.0289569	0.0289569	-0.0289569	0.0289569	
-0.0336988	0.0336988	-0.0336988	0.0336988	-0.0336988	0.0336988	-0.0336988	0.0336988	
-0.0383875	0.0383875	-0.0383875	0.0383875	-0.0383875	0.0383875	-0.0383875	0.0383875	
-0.0430219	0.0430219	-0.0430219	0.0430219	-0.0430219	0.0430219	-0.0430219	0.0430219	
-0.0476008	0.0476008	-0.0476008	0.0476008	-0.0476008	0.0476008	-0.0476008	0.0476008	
-0.0521233	0.0521233	-0.0521233	0.0521233	-0.0521233	0.0521233	-0.0521233	0.0521233	
-0.0565882	0.0565882	-0.0565882	0.0565882	-0.0565882	0.0565882	-0.0565882	0.0565882	
-0.0609945	0.0609945	-0.0609945	0.0609945	-0.0609945	0.0609945	-0.0609945	0.0609945	
-0.0653412	0.0653412	-0.0653412	0.0653412	-0.0653412	0.0653412	-0.0653412	0.0653412	
-0.0696272	0.0696272	-0.0696272	0.0696272	-0.0696272	0.0696272	-0.0696272	0.0696272	
-0.0738516	0.0738516	-0.0738516	0.0738516	-0.0738516	0.0738516	-0.0738516	0.0738516	
-0.0780134	0.0780134	-0.0780134	0.0780134	-0.0780134	0.0780134	-0.0780134	0.0780134	
-0.0821117	0.0821117	-0.0821117	0.0821117	-0.0821117	0.0821117	-0.0821117	0.0821117	
-0.0861456	0.0861456	-0.0861456	0.0861456	-0.0861456	0.0861456	-0.0861456	0.0861456	
-0.0901142	0.0901142	-0.0901142	0.0901142	-0.0901142	0.0901142	-0.0901142	0.0901142	
-0.0940167	0.0940167	-0.0940167	0.0940167	-0.0940167	0.0940167	-0.0940167	0.0940167	
-0.0978522	0.0978522	-0.0978522	0.0978522	-0.0978522	0.0978522	-0.0978522	0.0978522	
-0.10162	0.10162	-0.10162	0.10162	-0.10162	0.10162	-0.10162	0.10162	
-0.105319	0.105319	-0.105319	0.105319	-0.105319	0.105319	-0.105319	0.105319	
-0.108949	0.108949	-0.108949	0.108949	-0.108949	0.108949	-0.108949	0.108949	
-0.112509	0.112509	-0.112509	0.112509	-0.112509	0.112509	-0.112509	0.112509	
-0.115998	0.115998	-0.115998	0.115998	-0.115998	0.115998	-0.115998	0.115998	
-0.119416	0.119416	-0.119416	0.119416	-0.119416	0.119416	-0.119416	0.119416	
-0.122761	0.122761	-0.122761	0.122761	-0.122761	0.122761	-0.122761	0.122761	
-0.126034	0.126034	-0.126034	0.126034	-0.126034	0.126034	-0.126034	0.126034	
-0.129234	0.129234	-0.129234	0.129234	-0.129234	0.129234	-0.129234	0.129234	
-0.13236	0.13236	-0.13236	0.13236	-0.13236	0.13236	-0.13236	0.13236	
-0.135412	0.135412	-0.135412	0.135412	-0.135412	0.135412	-0.135412	0.135412	
-0.138389	0.138389	-0.138389	0.138389	-0.138389	0.138389	-0.138389	0.138389	
-0.14129	0.14129	-0.14129	0.14129	-0.14129	0.14129	-0.14129	0.14129	
-0.144116	0.144116	-0.144116	0.144116	-0.144116	0.144116	-0.144116	0.144116	
-0.146865	0.146865	-0.146865	0.146865	-0.146865	0.146865	-0.146865	0.146865	
-0.149538	0.149538	-0.149538	0.149538	-0.149538	0.149538	-0.149538	0.149538	
-0.152133	0.152133	-0.152133	0.152133	-0.152133	0.152133	-0.152133	0.152133	
-0.154652	0.154652	-0.154652	0.154652	-0.154652	0.154652	-0.154652	0.154652	
-0.157093	0.157093	-0.157093	0.157093	-0.157093	0.157093	-0.157093	0.157093	
-0.159456	0.159456	-0.159456	0.159456	-0.159456	0.159456	-0.159456	0.159456	
-0.16174	0.16174	-0.16174	0.16174	-0.16174	0.16174	-0.16174	0.16174	
-0.163946	0.163946	-0.163946	0.163946	-0.163946	0.163946	-0.163946	0.163946	
-0.166074	0.166074	-0.166074	0.166074	-0.166074	0.166074	-0.166074	0.166074	
-0.168123	0.168123	-0.168123	0.168123	-0.168123	0.168123	-0.168123	0.168123	
-0.170093	0.170093	-0.170093	0.170093	-0.170093	0.170093	-0.170093	0.170093	
-0.171984	0.171984	-0.171984	0.171984	-0.171984	0.171984	-0.171984	0.171984	
-0.173795	0.173795	-0.173795	0.173795	-0.173795	0.173795	-0.173795	0.173795	
-0.175528	0.175528	-0.175528	0.175528	-0.175528	0.175528	-0.175528	0.175528	
-0.177181	0.177181	-0.177181	0.177181	-0.177181	0.177181	-0.177181	0.177181	
-0.178755	0.178755	-0.178755	0.178755	-0.178755	0.178755	-0.178755	0.178755	
-0.18025	0.18025	-0.18025	0.18025	-0.18025	0.18025	-0.18025	0.18025	
-0.181666	0.181666	-0.181666	0.181666	-0.181666	0.181666	-0.181666	0.181666	
-0.183003	0.183003	-0.183003	0.183003	-0.183003	0.183003	-0.183003	0.183003	
-0.184261	0.184261	-0.184261	0.184261	-0.184261	0.184261	-0.184261	0.184261	
-0.18544	0.18544	-0.18544	0.18544	-0.18544	0.18544	-0.18544	0.18544	
-0.18654	0.18654	-0.18654	0.18654	-0.18654	0.18654	-0.18654	0.18654	
-0.187562	0.187562	-0.187562	0.187562	-0.187562	0.187562	-0.187562	0.187562	
-0.188505	0.188505	-0.188505	0.188505	-0.188505	0.188505	-0.188505	0.188505	
-0.189371	0.189371	-0.189371	0.189371	-0.189371	0.189371	-0.189371	0.189371	
-0.190159	0.190159	-0.190159	0.190159	-0.190159	0.190159	-0.190159	0.190159	
-0.19087	0.19087	-0.19087	0.19087	-0.19087	0.19087	-0.19087	0.19087	
-0.191503	0.191503	-0.191503	0.191503	-0.191503	0.191503	-0.191503	0.191503	
-0.19206	0.19206	-0.19206	0.19206	-0.19206	0.19206	-0.19206	0.19206	
-0.192541	0.192541	-0.192541	0.192541	-0.192541	0.192541	-0.192541	0.192541	
-0.192946	0.192946	-0.192946	0.192946	-0.192946	0.192946	-0.192946	0.192946	
-0.193275	0.193275	-0.193275	0.193275	-0.193275	0.193275	-0.193275	0.193275	
-0.193529	0.193529	-0.193529	0.193529	-0.193529	0.193529	-0.193529	0.193529	
-0.193709	0.193709	-0.193709	0.193709	-0.193709	0.193709	-0.193709	0.193709	
-0.193814	0.193814	-0.193814	0.193814	-0.193814	0.193814	-0.193814	0.193814	
-0.193847	0.193847	-0.193847	0.193847	-0.193847	0.193847	-0.193847	0.193847	
-0.193806	0.193806	-0.193806	0.193806	-0.193806	0.193806	-0.193806	0.193806	
-0.193693	0.193693	-0.193693	0.193693	-0.193693	0.193693	-0.193693	0.193693	
-0.193508	0.193508	-0.193508	0.193508	-0.193508	0.193508	-0.193508	0.193508	
-0.193253	0.193253	-0.193253	0.193253	-0.193253	0.193253	-0.193253	0.193253	
-0.192927	0.192927	-0.192927	0.192927	-0.192927	0.192927	-0.192927	0.192927	
-0.192531	0.192531	-0.192531	0.192531	-0.192531	0.192531	-0.192531	0.192531	
-0.192066	0.192066	-0.192066	0.192066	-0.192066	0.192066	-0.192066	0.192066	
-0.191533	0.191533	-0.191533	0.191533	-0.191533	0.191533	-0.191533	0.191533	
-0.190933	0.190933	-0.190933	0.190933	-0.190933	0.190933	-0.190933	0.190933	
-0.190266	0.190266	-0.190266	0.190266	-0.190266	0.190266	-0.190266	0.190266	
-0.189532	0.189532	-0.189532	0.189532	-0.189532	0.189532	-0.189532	0.189532	
-0.188734	0.188734	-0.188734	0.188734	-0.188734	0.188734	-0.188734	0.188734	
-0.187872	0.187872	-0.187872	0.187872	-0.187872	0.187872	-0.187872	0.187872	
-0.186946	0.186946	-0.186946	0.186946	-0.186946	0.186946	-0.186946	0.186946	
-0.185958	0.185958	-0.185958	0.185958	-0.185958	0.185958	-0.185958	0.185958	
-0.184908	0.184908	-0.184908	0.184908	-0.184908	0.184908	-0.184908	0.184908	
-0.183797	0.183797	-0.183797	0.183797	-0.183797	0.183797	-0.183797	0.183797	
-0.182627	0.182627	-0.182627	0.182627	-0.182627	0.182627	-0.182627	0.182627	
-0.181398	0.181398	-0.181398	0.181398	-0.181398	0.181398	-0.181398	0.181398	
-0.180111	0.180111	-0.180111	0.180111	-0.180111	0.180111	-0.180111	0.180111	
-0.178767	0.178767	-0.178767	0.178767	-0.178767	0.178767	-0.178767	0.178767	
-0.177368	0.177368	-0.177368	0.177368	-0.177368	0.177368	-0.177368	0.177368	
-0.175914	0.175914	-0.175914	0.175914	-0.175914	0.175914	-0.175914	0.175914	
-0.174406	0.174406	-0.174406	0.174406	-0.174406	0.174406	-0.174406	0.174406	
-0.172846	0.172846	-0.172846	0.172846	-0.172846	0.172846	-0.172846	0.172846	
-0.171234	0.171234	-0.171234	0.171234	-0.171234	0.171234	-0.171234	0.171234	
-0.169572	0.169572	-0.169572	0.169572	-0.169572	0.169572	-0.169572	0.169572	
-0.167861	0.167861	-0.167861	0.167861	-0.167861	0.167861	-0.167861	0.167861	
-0.166102	0.166102	-0.166102	0.166102	-0.166102	0.166102	-0.166102	0.166102	
-0.164295	0.164295	-0.164295	0.164295	-0.164295	0.164295	-0.164295	0.164295	
-0.162443	0.162443	-0.162443	0.162443	-0.162443	0.162443	-0.162443	0.162443	
-0.160547	0.160547	-0.160547	0.160547	-0.160547	0.160547	-0.160547	0.160547	
-0.158606	0.158606	-0.158606	0.158606	-0.158606	0.158606	-0.158606	0.158606	
-0.156624	0.156624	-0.156624	0.156624	-0.156624	0.156624	-0.156624	0.156624	
-0.154601	0.154601	-0.154601	0.154601	-0.154601	0.154601	-0.154601	0.154601	
-0.152538	0.152538	-0.152538	0.152538	-0.152538	0.152538	-0.152538	0.152538	
-0.150436	0.150436	-0.150436	0.150436	-0.150436	0.150436	-0.150436	0.150436	
-0.148297	0.148297	-0.148297	0.148297	-0.148297	0.148297	-0.148297	0.148297	
-0.146123	0.146123	-0.146123	0.146123	-0.146123	0.146123	-0.146123	0.146123	
-0.143913	0.143913	-0.143913	0.143913	-0.143913	0.143913	-0.143913	0.143913	
-0.14167	0.14167	-0.14167	0.14167	-0.14167	0.14167	-0.14167	0.14167	
-0.139395	0.139395	-0.139395	0.139395	-0.139395	0.139395	-0.139395	0.139395	
-0.137089	0.137089	-0.137089	0.137089	-0.137089	0.137089	-0.137089	0.137089	
-0.134754	0.134754	-0.134754	0.134754	-0.134754	0.134754	-0.134754	0.134754	
-0.13239	0.13239	-0.13239	0.13239	-0.13239	0.13239	-0.13239	0.13239	
-0.13	0.13	-0.13	0.13	-0.13	0.13	-0.13	0.13	
-0.127584	0.127584	-0.127584	0.127584	-0.127584	0.127584	-0.127584	0.127584	
-0.125144	0.125144	-0.125144	0.125144	-0.125144	0.125144	-0.125144	0.125144	
-0.122681	0.122681	-0.122681	0.122681	-0.122681	0.122681	-0.122681	0.122681	
-0.120196	0.120196	-0.120196	0.120196	-0.120196	0.120196	-0.120196	0.120196	
-0.117691	0.117691	-0.117691	0.117691	-0.117691	0.117691	-0.117691	0.117691	
-0.115168	0.115168	-0.115168	0.115168	-0.115168	0.115168	-0.115168	0.115168	
-0.112627	0.112627	-0.112627	0.112627	-0.112627	0.112627	-0.112627	0.112627	
-0.11007	0.11007	-0.11007	0.11007	-0.11007	0.11007	-0.11007	0.11007	
-0.107498	0.107498	-0.107498	0.107498	-0.107498	0.107498	-0.107498	0.107498	
-0.104913	0.104913	-0.104913	0.104913	-0.104913	0.104913	-0.104913	0.104913	
-0.102317	0.102317	-0.102317	0.102317	-0.102317	0.102317	-0.102317	0.102317	
-0.0997091	0.0997091	-0.0997091	0.0997091	-0.0997091	0.0997091	-0.0997091	0.0997091	
-0.0970924	0.0970924	-0.0970924	0.0970924	-0.0970924	0.0970924	-0.0970924	0.0970924	
-0.0944679	0.0944679	-0.0944679	0.0944679	-0.0944679	0.0944679	-0.0944679	0.0944679	
-0.0918369	0.0918369	-0.0918369	0.0918369	-0.0918369	0.0918369	-0.0918369	0.0918369	
-0.0892009	0.0892009	-0.0892009	0.0892009	-0.0892009	0.0892009	-0.0892009	0.0892009	
-0.0865612	0.0865612	-0.0865612	0.0865612	-0.0865612	0.0865612	-0.0865612	0.0865612	
-0.0839191	0.0839191	-0.0839191	0.0839191	-0.0839191	0.0839191	-0.0839191	0.0839191	
-0.0812761	0.0812761	-0.0812761	0.0812761	-0.0812761	0.0812761	-0.0812761	0.0812761	
-0.0786334	0.0786334	-0.0786334	0.0786334	-0.0786334	0.0786334	-0.0786334	0.0786334	
-0.0759926	0.0759926	-0.0759926	0.0759926	-0.0759926	0.0759926	-0.0759926	0.0759926	
-0.0733548	0.0733548	-0.0733548	0.0733548	-0.0733548	0.0733548	-0.0733548	0.0733548	
-0.0707215	0.0707215	-0.0707215	0.0707215	-0.0707215	0.0707215	-0.0707215	0.0707215	
-0.068094	0.068094	-0.068094	0.068094	-0.068094	0.068094	-0.068094	0.068094	
-0.0654736	0.0654736	-0.0654736	0.0654736	-0.0654736	0.0654736	-0.0654736	0.0654736	
-0.0628618	0.0628618	-0.0628618	0.0628618	-0.0628618	0.0628618	-0.0628618	0.0628618	
-0.0602598	0.0602598	-0.0602598	0.0602598	-0.0602598	0.0602598	-0.0602598	0.0602598	
-0.0576689	0.0576689	-0.0576689	0.0576689	-0.0576689	0.0576689	-0.0576689	0.0576689	
-0.0550904	0.0550904	-0.0550904	0.0550904	-0.0550904	0.0550904	-0.0550904	0.0550904	
-0.0525258	0.0525258	-0.0525258	0.0525258	-0.0525258	0.0525258	-0.0525258	0.0525258	
-0.0499762	0.0499762	-0.0499762	0.0499762	-0.0499762	0.0499762	-0.0499762	0.0499762	
-0.047443	0.047443	-0.047443	0.047443	-0.047443	0.047443	-0.047443	0.047443	
-0.0449274	0.0449274	-0.0449274	0.0449274	-0.0449274	0.0449274	-0.0449274	0.0449274	
-0.0424307	0.0424307	-0.0424307	0.0424307	-0.0424307	0.0424307	-0.0424307	0.0424307	
-0.0399542	0.0399542	-0.0399542	0.0399542	-0.0399542	0.0399542	-0.0399542	0.0399542	
-0.0374991	0.0374991	-0.0374991	0.0374991	-0.0374991	0.0374991	-0.0374991	0.0374991	
-0.0350667	0.0350667	-0.0350667	0.0350667	-0.0350667	0.0350667	-0.0350667	0.0350667	
-0.0326582	0.0326582	-0.0326582	0.0326582	-0.0326582	0.0326582	-0.0326582	0.0326582	
-0.0302747	0.0302747	-0.0302747	0.0302747	-0.0302747	0.0302747	-0.0302747	0.0302747	
-0.0279176	0.0279176	-0.0279176	0.0279176	-0.0279176	0.0279176	-0.0279176	0.0279176	
-0.025588	0.025588	-0.025588	0.025588	-0.025588	0.025588	-0.025588	0.025588	
-0.0232871	0.0232871	-0.0232871	0.0232871	-0.0232871	0.0232871	-0.0232871	0.0232871	
-0.0210161	0.0210161	-0.0210161	0.0210161	-0.0210161	0.0210161	-0.0210161	0.0210161	
-0.018776	0.018776	-0.018776	0.018776	-0.018776	0.018776	-0.018776	0.018776	
-0.016568	0.016568	-0.016568	0.016568	-0.016568	0.016568	-0.016568	0.016568	
-0.0143934	0.0143934	-0.0143934	0.0143934	-0.0143934	0.0143934	-0.0143934	0.0143934	
-0.012253	0.012253	-0.012253	0.012253	-0.012253	0.012253	-0.012253	0.012253	
-0.0101482	0.0101482	-0.0101482	0.0101482	-0.0101482	0.0101482	-0.0101482	0.0101482	
-0.00807981	0.00807981	-0.00807981	0.00807981	-0.00807981	0.00807981	-0.00807981	0.00807981	
-0.00604904	0.00604904	-0.00604904	0.00604904	-0.00604904	0.00604904	-0.00604904	0.00604904	
-0.00405688	0.00405688	-0.00405688	0.00405688	-0.00405688	0.00405688	-0.00405688	0.00405688	
-0.00210437	0.00210437	-0.00210437	0.00210437	-0.00210437	0.00210437	-0.00210437	0.00210437	
-0.000192508	0.000192508	-0.000192508	0.000192508	-0.000192508	0.000192508	-0.000192508	0.000192508	
0.00167772	-0.00167772	0.00167772	-0.00167772	0.00167772	-0.00167772	0.00167772	-0.00167772	
0.00350534	-0.00350534	0.00350534	-0.00350534	0.00350534	-0.00350534	0.00350534	-0.00350534	
0.00528941	-0.00528941	0.00528941	-0.00528941	0.00528941	-0.00528941	0.00528941	-0.00528941	
0.00702899	-0.00702899	0.00702899	-0.00702899	0.00702899	-0.00702899	0.00702899	-0.00702899	
0.00872317	-0.00872317	0.00872317	-0.00872317	0.00872317	-0.00872317	0.00872317	-0.00872317	
0.0103711	-0.0103711	0.0103711	-0.0103711	0.0103711	-0.0103711	0.0103711	-0.0103711	
0.0119718	-0.0119718	0.0119718	-0.0119718	0.0119718	-0.0119718	0.0119718	-0.0119718	
0.0135245	-0.0135245	0.0135245	-0.0135245	0.0135245	-0.0135245	0.0135245	-0.0135245	
0.0150284	-0.0150284	0.0150284	-0.0150284	0.0150284	-0.0150284	0.0150284	-0.0150284	
0.0164826	-0.0164826	0.0164826	-0.0164826	0.0164826	-0.0164826	0.0164826	-0.0164826	
0.0178863	-0.0178863	0.0178863	-0.0178863	0.0178863	-0.0178863	0.0178863	-0.0178863	
0.0192389	-0.0192389	0.0192389	-0.0192389	0.0192389	-0.0192389	0.0192389	-0.0192389	
0.0205394	-0.0205394	0.0205394	-0.0205394	0.0205394	-0.0205394	0.0205394	-0.0205394	
0.0217873	-0.0217873	0.0217873	-0.0217873	0.0217873	-0.0217873	0.0217873	-0.0217873	
0.0229818	-0.0229818	0.0229818	-0.0229818	0.0229818	-0.0229818	0.0229818	-0.0229818	
0.0241223	-0.0241223	0.0241223	-0.0241223	0.0241223	-0.0241223	0.0241223	-0.0241223	
0.025208	-0.025208	0.025208	-0.025208	0.025208	-0.025208	0.025208	-0.025208	
0.0262383	-0.0262383	0.0262383	-0.0262383	0.0262383	-0.0262383	0.0262383	-0.0262383	
0.0272127	-0.0272127	0.0272127	-0.0272127	0.0272127	-0.0272127	0.0272127	-0.0272127	
0.0281305	-0.0281305	0.0281305	-0.0281305	0.0281305	-0.0281305	0.0281305	-0.0281305	
0.0289912	-0.0289912	0.0289912	-0.0289912	0.0289912	-0.0289912	0.0289912	-0.0289912	
0.0297942	-0.0297942	0.0297942	-0.0297942	0.0297942	-0.0297942	0.0297942	-0.0297942	
0.030539	-0.030539	0.030539	-0.030539	0.030539	-0.030539	0.030539	-0.030539	
0.0312252	-0.0312252	0.0312252	-0.0312252	0.0312252	-0.0312252	0.0312252	-0.0312252	
0.0318522	-0.0318522	0.0318522	-0.0318522	0.0318522	-0.0318522	0.0318522	-0.0318522	
0.0324196	-0.0324196	0.0324196	-0.0324196	0.0324196	-0.0324196	0.0324196	-0.0324196	
0.0329271	-0.0329271	0.0329271	-0.0329271	0.0329271	-0.0329271	0.0329271	-0.0329271	
0.0333741	-0.0333741	0.0333741	-0.0333741	0.0333741	-0.0333741	0.0333741	-0.0333741	
0.0337603	-0.0337603	0.0337603	-0.0337603	0.0337603	-0.0337603	0.0337603	-0.0337603	
0.0340855	-0.0340855	0.0340855	-0.0340855	0.0340855	-0.0340855	0.0340855	-0.0340855	
0.0343492	-0.0343492	0.0343492	-0.0343492	0.0343492	-0.0343492	0.0343492	-0.0343492	
0.0345512	-0.0345512	0.0345512	-0.0345512	0.0345512	-0.0345512	0.0345512	-0.0345512	
0.0346911	-0.0346911	0.0346911	-0.0346911	0.0346911	-0.0346911	0.0346911	-0.0346911	
0.0347689	-0.0347689	0.0347689	-0.0347689	0.0347689	-0.0347689	0.0347689	-0.0347689	
0.0347842	-0.0347842	0.0347842	-0.0347842	0.0347842	-0.0347842	0.0347842	-0.0347842	
0.0347368	-0.0347368	0.0347368	-0.0347368	0.0347368	-0.0347368	0.0347368	-0.0347368	
0.0346266	-0.0346266	0.0346266	-0.0346266	0.0346266	-0.0346266	0.0346266	-0.0346266	
0.0344534	-0.0344534	0.0344534	-0.0344534	0.0344534	-0.0344534	0.0344534	-0.0344534	
0.0342172	-0.0342172	0.0342172	-0.0342172	0.0342172	-0.0342172	0.0342172	-0.0342172	
0.0339178	-0.0339178	0.0339178	-0.0339178	0.0339178	-0.0339178	0.0339178	-0.0339178	
0.0335551	-0.0335551	0.0335551	-0.0335551	0.0335551	-0.0335551	0.0335551	-0.0335551	
0.0331292	-0.0331292	0.0331292	-0.0331292	0.0331292	-0.0331292	0.0331292	-0.0331292	
0.03264	-0.03264	0.03264	-0.03264	0.03264	-0.03264	0.03264	-0.03264	
0.0320876	-0.0320876	0.0320876	-0.0320876	0.0320876	-0.0320876	0.0320876	-0.0320876	
0.0314719	-0.0314719	0.0314719	-0.0314719	0.0314719	-0.0314719	0.0314719	-0.0314719	
0.030793	-0.030793	0.030793	-0.030793	0.030793	-0.030793	0.030793	-0.030793	
0.0300511	-0.0300511	0.0300511	-0.0300511	0.0300511	-0.0300511	0.0300511	-0.0300511	
0.0292462	-0.0292462	0.0292462	-0.0292462	0.0292462	-0.0292462	0.0292462	-0.0292462	
0.0283784	-0.0283784	0.0283784	-0.0283784	0.0283784	-0.0283784	0.0283784	-0.0283784	
0.0274481	-0.0274481	0.0274481	-0.0274481	0.0274481	-0.0274481	0.0274481	-0.0274481	
0.0264552	-0.0264552	0.0264552	-0.0264552	0.0264552	-0.0264552	0.0264552	-0.0264552	
0.0254001	-0.0254001	0.0254001	-0.0254001	0.0254001	-0.0254001	0.0254001	-0.0254001	
0.024283	-0.024283	0.024283	-0.024283	0.024283	-0.024283	0.024283	-0.024283	
0.0231042	-0.0231042	0.0231042	-0.0231042	0.0231042	-0.0231042	0.0231042	-0.0231042	
0.0218639	-0.0218639	0.0218639	-0.0218639	0.0218639	-0.0218639	0.0218639	-0.0218639	
0.0205625	-0.0205625	0.0205625	-0.0205625	0.0205625	-0.0205625	0.0205625	-0.0205625	
0.0192004	-0.0192004	0.0192004	-0.0192004	0.0192004	-0.0192004	0.0192004	-0.0192004	
0.0177778	-0.0177778	0.0177778	-0.0177778	0.0177778	-0.0177778	0.0177778	-0.0177778	
0.0162952	-0.0162952	0.0162952	-0.0162952	0.0162952	-0.0162952	0.0162952	-0.0162952	
0.0147529	-0.0147529	0.0147529	-0.0147529	0.0147529	-0.0147529	0.0147529	-0.0147529	
0.0131515	-0.0131515	0.0131515	-0.0131515	0.0131515	-0.0131515	0.0131515	-0.0131515	
0.0114915	-0.0114915	0.0114915	-0.0114915	0.0114915	-0.0114915	0.0114915	-0.0114915	
0.00977316	-0.00977316	0.00977316	-0.00977316	0.00977316	-0.00977316	0.00977316	-0.00977316	
0.00799716	-0.00799716	0.00799716	-0.00799716	0.00799716	-0.00799716	0.00799716	-0.00799716	
0.006164	-0.006164	0.006164	-0.006164	0.006164	-0.006164	0.006164	-0.006164	
0.00427424	-0.00427424	0.00427424	-0.00427424	0.00427424	-0.00427424	0.00427424	-0.00427424	
0.00232845	-0.00232845	0.00232845	-0.00232845	0.00232845	-0.00232845	0.00232845	-0.00232845	
0.000327249	-0.000327249	0.000327249	-0.000327249	0.000327249	-0.000327249	0.000327249	-0.000327249	
-0.00172874	0.00172874	-0.00172874	0.00172874	-0.00172874	0.00172874	-0.00172874	0.00172874	
-0.00383887	0.00383887	-0.00383887	0.00383887	-0.00383887	0.00383887	-0.00383887	0.00383887	
-0.00600247	0.00600247	-0.00600247	0.00600247	-0.00600247	0.00600247	-0.00600247	0.00600247	
-0.00821884	0.00821884	-0.00821884	0.00821884	-0.00821884	0.00821884	-0.00821884	0.00821884	
-0.0104873	0.0104873	-0.0104873	0.0104873	-0.0104873	0.0104873	-0.0104873	0.0104873	
-0.012807	0.012807	-0.012807	0.012807	-0.012807	0.012807	-0.012807	0.012807	
-0.0151773	0.0151773	-0.0151773	0.0151773	-0.0151773	0.0151773	-0.0151773	0.0151773	
-0.0175974	0.0175974	-0.0175974	0.0175974	-0.0175974	0.0175974	-0.0175974	0.0175974	
-0.0200664	0.0200664	-0.0200664	0.0200664	-0.0200664	0.0200664	-0.0200664	0.0200664	
-0.0225837	0.0225837	-0.0225837	0.0225837	-0.0225837	0.0225837	-0.0225837	0.0225837	
-0.0251482	0.0251482	-0.0251482	0.0251482	-0.0251482	0.0251482	-0.0251482	0.0251482	
-0.0277592	0.0277592	-0.0277592	0.0277592	-0.0277592	0.0277592	-0.0277592	0.0277592	
-0.0304157	0.0304157	-0.0304157	0.0304157	-0.0304157	0.0304157	-0.0304157	0.0304157	
-0.033117	0.033117	-0.033117	0.033117	-0.033117	0.033117	-0.033117	0.033117	
-0.035862	0.035862	-0.035862	0.035862	-0.035862	0.035862	-0.035862	0.035862	
-0.0386499	0.0386499	-0.0386499	0.0386499	-0.0386499	0.0386499	-0.0386499	0.0386499	
-0.0414796	0.0414796	-0.0414796	0.0414796	-0.0414796	0.0414796	-0.0414796	0.0414796	
-0.0443502	0.0443502	-0.0443502	0.0443502	-0.0443502	0.0443502	-0.0443502	0.0443502	
-0.0472607	0.0472607	-0.0472607	0.0472607	-0.0472607	0.0472607	-0.0472607	0.0472607	
-0.0502101	0.0502101	-0.0502101	0.0502101	-0.0502101	0.0502101	-0.0502101	0.0502101	
-0.0531975	0.0531975	-0.0531975	0.0531975	-0.0531975	0.0531975	-0.0531975	0.0531975	
-0.0562216	0.0562216	-0.0562216	0.0562216	-0.0562216	0.0562216	-0.0562216	0.0562216	
-0.0592816	0.0592816	-0.0592816	0.0592816	-0.0592816	0.0592816	-0.0592816	0.0592816	
-0.0623763	0.0623763	-0.0623763	0.0623763	-0.0623763	0.0623763	-0.0623763	0.0623763	
-0.0655046	0.0655046	-0.0655046	0.0655046	-0.0655046	0.0655046	-0.0655046	0.0655046	
-0.0686655	0.0686655	-0.0686655	0.0686655	-0.0686655	0.0686655	-0.0686655	0.0686655	
-0.0718578	0.0718578	-0.0718578	0.0718578	-0.0718578	0.0718578	-0.0718578	0.0718578	
-0.0750804	0.0750804	-0.0750804	0.0750804	-0.0750804	0.0750804	-0.0750804	0.0750804	
-0.0783321	0.0783321	-0.0783321	0.0783321	-0.0783321	0.0783321	-0.0783321	0.0783321	
-0.0816119	0.0816119	-0.0816119	0.0816119	-0.0816119	0.0816119	-0.0816119	0.0816119	
-0.0849185	0.0849185	-0.0849185	0.0849185	-0.0849185	0.0849185	-0.0849185	0.0849185	
-0.0882508	0.0882508	-0.0882508	0.0882508	-0.0882508	0.0882508	-0.0882508	0.0882508	
-0.0916075	0.0916075	-0.0916075	0.0916075	-0.0916075	0.0916075	-0.0916075	0.0916075	
-0.0949875	0.0949875	-0.0949875	0.0949875	-0.0949875	0.0949875	-0.0949875	0.0949875	
-0.0983895	0.0983895	-0.0983895	0.0983895	-0.0983895	0.0983895	-0.0983895	0.0983895	
-0.101812	0.101812	-0.101812	0.101812	-0.101812	0.101812	-0.101812	0.101812	
-0.105255	0.105255	-0.105255	0.105255	-0.105255	0.105255	-0.105255	0.105255	
-0.108716	0.108716	-0.108716	0.108716	-0.108716	0.108716	-0.108716	0.108716	
-0.112194	0.112194	-0.112194	0.112194	-0.112194	0.112194	-0.112194	0.112194	
-0.115687	0.115687	-0.115687	0.115687	-0.115687	0.115687	-0.115687	0.115687	
-0.119196	0.119196	-0.119196	0.119196	-0.119196	0.119196	-0.119196	0.119196	
-0.122718	0.122718	-0.122718	0.122718	-0.122718	0.122718	-0.122718	0.122718	
-0.126251	0.126251	-0.126251	0.126251	-0.126251	0.126251	-0.126251	0.126251	
-0.129796	0.129796	-0.129796	0.129796	-0.129796	0.129796	-0.129796	0.129796	
-0.13335	0.13335	-0.13335	0.13335	-0.13335	0.13335	-0.13335	0.13335	
-0.136911	0.136911	-0.136911	0.136911	-0.136911	0.136911	-0.136911	0.136911	
-0.14048	0.14048	-0.14048	0.14048	-0.14048	0.14048	-0.14048	0.14048	
-0.144055	0.144055	-0.144055	0.144055	-0.144055	0.144055	-0.144055	0.144055	
-0.147633	0.147633	-0.147633	0.147633	-0.147633	0.147633	-0.147633	0.147633	
-0.151215	0.151215	-0.151215	0.151215	-0.151215	0.151215	-0.151215	0.151215	
-0.154797	0.154797	-0.154797	0.154797	-0.154797	0.154797	-0.154797	0.154797	
-0.158381	0.158381	-0.158381	0.158381	-0.158381	0.158381	-0.158381	0.158381	
-0.161963	0.161963	-0.161963	0.161963	-0.161963	0.161963	-0.161963	0.161963	
-0.165542	0.165542	-0.165542	0.165542	-0.165542	0.165542	-0.165542	0.165542	
-0.169118	0.169118	-0.169118	0.169118	-0.169118	0.169118	-0.169118	0.169118	
-0.172689	0.172689	-0.172689	0.172689	-0.172689	0.172689	-0.172689	0.172689	
-0.176253	0.176253	-0.176253	0.176253	-0.176253	0.176253	-0.176253	0.176253	
-0.17981	0.17981	-0.17981	0.17981	-0.17981	0.17981	-0.17981	0.17981	
-0.183357	0.183357	-0.183357	0.183357	-0.183357	0.183357	-0.183357	0.183357	
-0.186894	0.186894	-0.186894	0.186894	-0.186894	0.186894	-0.186894	0.186894	
-0.190419	0.190419	-0.190419	0.190419	-0.190419	0.190419	-0.190419	0.190419	
-0.193932	0.193932	-0.193932	0.193932	-0.193932	0.193932	-0.193932	0.193932	
-0.197429	0.197429	-0.197429	0.197429	-0.197429	0.197429	-0.197429	0.197429	
-0.200911	0.200911	-0.200911	0.200911	-0.200911	0.200911	-0.200911	0.200911	
-0.204376	0.204376	-0.204376	0.204376	-0.204376	0.204376	-0.204376	0.204376	
-0.207823	0.207823	-0.207823	0.207823	-0.207823	0.207823	-0.207823	0.207823	
-0.211249	0.211249	-0.211249	0.211249	-0.211249	0.211249	-0.211249	0.211249	
-0.214655	0.214655	-0.214655	0.214655	-0.214655	0.214655	-0.214655	0.214655	
-0.218039	0.218039	-0.218039	0.218039	-0.218039	0.218039	-0.218039	0.218039	
-0.221398	0.221398	-0.221398	0.221398	-0.221398	0.221398	-0.221398	0.221398	
-0.224733	0.224733	-0.224733	0.224733	-0.224733	0.224733	-0.224733	0.224733	
-0.228042	0.228042	-0.228042	0.228042	-0.228042	0.228042	-0.228042	0.228042	
-0.231323	0.231323	-0.231323	0.231323	-0.231323	0.231323	-0.231323	0.231323	
-0.234576	0.234576	-0.234576	0.234576	-0.234576	0.234576	-0.234576	0.234576	
-0.237798	0.237798	-0.237798	0.237798	-0.237798	0.237798	-0.237798	0.237798	
-0.240989	0.240989	-0.240989	0.240989	-0.240989	0.240989	-0.240989	0.240989	
-0.244148	0.244148	-0.244148	0.244148	-0.244148	0.244148	-0.244148	0.244148	
-0.247273	0.247273	-0.247273	0.247273	-0.247273	0.247273	-0.247273	0.247273	
-0.250363	0.250363	-0.250363	0.250363	-0.250363	0.250363	-0.250363	0.250363	
-0.253417	0.253417	-0.253417	0.253417	-0.253417	0.253417	-0.253417	0.253417	
-0.256434	0.256434	-0.256434	0.256434	-0.256434	0.256434	-0.256434	0.256434	
-0.259412	0.259412	-0.259412	0.259412	-0.259412	0.259412	-0.259412	0.259412	
-0.26235	0.26235	-0.26235	0.26235	-0.26235	0.26235	-0.26235	0.26235	
-0.265247	0.265247	-0.265247	0.265247	-0.265247	0.265247	-0.265247	0.265247	
-0.268102	0.268102	-0.268102	0.268102	-0.268102	0.268102	-0.268102	0.268102	
-0.270914	0.270914	-0.270914	0.270914	-0.270914	0.270914	-0.270914	0.270914	
-0.273682	0.273682	-0.273682	0.273682	-0.273682	0.273682	-0.273682	0.273682	
-0.276404	0.276404	-0.276404	0.276404	-0.276404	0.276404	-0.276404	0.276404	
-0.27908	0.27908	-0.27908	0.27908	-0.27908	0.27908	-0.27908	0.27908	
-0.281707	0.281707	-0.281707	0.281707	-0.281707	0.281707	-0.281707	0.281707	
-0.284287	0.284287	-0.284287	0.284287	-0.284287	0.284287	-0.284287	0.284287	
-0.286816	0.286816	-0.286816	0.286816	-0.286816	0.286816	-0.286816	0.286816	
-0.289295	0.289295	-0.289295	0.289295	-0.289295	0.289295	-0.289295	0.289295	
-0.291721	0.291721	-0.291721	0.291721	-0.291721	0.291721	-0.291721	0.291721	
-0.294095	0.294095	-0.294095	0.294095	-0.294095	0.294095	-0.294095	0.294095	
-0.296415	0.296415	-0.296415	0.296415	-0.296415	0.296415	-0.296415	0.296415	
-0.29868	0.29868	-0.29868	0.29868	-0.29868	0.29868	-0.29868	0.29868	
-0.300889	0.300889	-0.300889	0.300889	-0.300889	0.300889	-0.300889	0.300889	
-0.303042	0.303042	-0.303042	0.303042	-0.303042	0.303042	-0.303042	0.303042	
-0.305137	0.305137	-0.305137	0.305137	-0.305137	0.305137	-0.305137	0.305137	
-0.307173	0.307173	-0.307173	0.307173	-0.307173	0.307173	-0.307173	0.307173	
-0.30915	0.30915	-0.30915	0.30915	-0.30915	0.30915	-0.30915	0.30915	
-0.311066	0.311066	-0.311066	0.311066	-0.311066	0.311066	-0.311066	0.311066	
-0.312922	0.312922	-0.312922	0.312922	-0.312922	0.312922	-0.312922	0.312922	
-0.314715	0.314715	-0.314715	0.314715	-0.314715	0.314715	-0.314715	0.314715	
-0.316445	0.316445	-0.316445	0.316445	-0.316445	0.316445	-0.316445	0.316445	
-0.318112	0.318112	-0.318112	0.318112	-0.318112	0.318112	-0.318112	0.318112	
-0.319715	0.319715	-0.319715	0.319715	-0.319715	0.319715	-0.319715	0.319715	
-0.321252	0.321252	-0.321252	0.321252	-0.321252	0.321252	-0.321252	0.321252	
-0.322724	0.322724	-0.322724	0.322724	-0.322724	0.322724	-0.322724	0.322724	
-0.324129	0.324129	-0.324129	0.324129	-0.324129	0.324129	-0.324129	0.324129	
-0.325467	0.325467	-0.325467	0.325467	-0.325467	0.325467	-0.325467	0.325467	
-0.326737	0.326737	-0.326737	0.326737	-0.326737	0.326737	-0.326737	0.326737	
-0.327939	0.327939	-0.327939	0.327939	-0.327939	0.327939	-0.327939	0.327939	
-0.329071	0.329071	-0.329071	0.329071	-0.329071	0.329071	-0.329071	0.329071	
-0.330134	0.330134	-0.330134	0.330134	-0.330134	0.330134	-0.330134	0.330134	
-0.331126	0.331126	-0.331126	0.331126	-0.331126	0.331126	-0.331126	0.331126	
-0.332048	0.332048	-0.332048	0.332048	-0.332048	0.332048	-0.332048	0.332048	
-0.332898	0.332898	-0.332898	0.332898	-0.332898	0.332898	-0.332898	0.332898	
-0.333677	0.333677	-0.333677	0.333677	-0.333677	0.333677	-0.333677	0.333677	
-0.334383	0.334383	-0.334383	0.334383	-0.334383	0.334383	-0.334383	0.334383	
-0.335016	0.335016	-0.335016	0.335016	-0.335016	0.335016	-0.335016	0.335016	
-0.335576	0.335576	-0.335576	0.335576	-0.335576	0.335576	-0.335576	0.335576	
-0.336063	0.336063	-0.336063	0.336063	-0.336063	0.336063	-0.336063	0.336063	
-0.336475	0.336475	-0.336475	0.336475	-0.336475	0.336475	-0.336475	0.336475	
-0.336814	0.336814	-0.336814	0.336814	-0.336814	0.336814	-0.336814	0.336814	
-0.337077	0.337077	-0.337077	0.337077	-0.337077	0.337077	-0.337077	0.337077	
-0.337266	0.337266	-0.337266	0.337266	-0.337266	0.337266	-0.337266	0.337266	
-0.337379	0.337379	-0.337379	0.337379	-0.337379	0.337379	-0.337379	0.337379	
-0.337417	0.337417	-0.337417	0.337417	-0.337417	0.337417	-0.337417	0.337417	
-0.337379	0.337379	-0.337379	0.337379	-0.337379	0.337379	-0.337379	0.337379	
-0.337265	0.337265	-0.337265	0.337265	-0.337265	0.337265	-0.337265	0.337265	
-0.337075	0.337075	-0.337075	0.337075	-0.337075	0.337075	-0.337075	0.337075	
-0.336809	0.336809	-0.336809	0.336809	-0.336809	0.336809	-0.336809	0.336809	
-0.336466	0.336466	-0.336466	0.336466	-0.336466	0.336466	-0.336466	0.336466	
-0.336047	0.336047	-0.336047	0.336047	-0.336047	0.336047	-0.336047	0.336047	
-0.335551	0.335551	-0.335551	0.335551	-0.335551	0.335551	-0.335551	0.335551	
-0.334979	0.334979	-0.334979	0.334979	-0.334979	0.334979	-0.334979	0.334979	
-0.334329	0.334329	-0.334329	0.334329	-0.334329	0.334329	-0.334329	0.334329	
-0.333604	0.333604	-0.333604	0.333604	-0.333604	0.333604	-0.333604	0.333604	
-0.332801	0.332801	-0.332801	0.332801	-0.332801	0.332801	-0.332801	0.332801	
-0.331922	0.331922	-0.331922	0.331922	-0.331922	0.331922	-0.331922	0.331922	
-0.330966	0.330966	-0.330966	0.330966	-0.330966	0.330966	-0.330966	0.330966	
-0.329934	0.329934	-0.329934	0.329934	-0.329934	0.329934	-0.329934	0.329934	
-0.328826	0.328826	-0.328826	0.328826	-0.328826	0.328826	-0.328826	0.328826	
-0.327641	0.327641	-0.327641	0.327641	-0.327641	0.327641	-0.327641	0.327641	
-0.326381	0.326381	-0.326381	0.326381	-0.326381	0.326381	-0.326381	0.326381	
-0.325044	0.325044	-0.325044	0.325044	-0.325044	0.325044	-0.325044	0.325044	
-0.323633	0.323633	-0.323633	0.323633	-0.323633	0.323633	-0.323633	0.323633	
-0.322145	0.322145	-0.322145	0.322145	-0.322145	0.322145	-0.322145	0.322145	
-0.320583	0.320583	-0.320583	0.320583	-0.320583	0.320583	-0.320583	0.320583	
-0.318946	0.318946	-0.318946	0.318946	-0.318946	0.318946	-0.318946	0.318946	
-0.317234	0.317234	-0.317234	0.317234	-0.317234	0.317234	-0.317234	0.317234	
-0.315449	0.315449	-0.315449	0.315449	-0.315449	0.315449	-0.315449	0.315449	
-0.31359	0.31359	-0.31359	0.31359	-0.31359	0.31359	-0.31359	0.31359	
-0.311657	0.311657	-0.311657	0.311657	-0.311657	0.311657	-0.311657	0.311657	
-0.309651	0.309651	-0.309651	0.309651	-0.309651	0.309651	-0.309651	0.309651	
-0.307573	0.307573	-0.307573	0.307573	-0.307573	0.307573	-0.307573	0.307573	
-0.305424	0.305424	-0.305424	0.305424	-0.305424	0.305424	-0.305424	0.305424	
-0.303202	0.303202	-0.303202	0.303202	-0.303202	0.303202	-0.303202	0.303202	
-0.30091	0.30091	-0.30091	0.30091	-0.30091	0.30091	-0.30091	0.30091	
-0.298547	0.298547	-0.298547	0.298547	-0.298547	0.298547	-0.298547	0.298547	
-0.296114	0.296114	-0.296114	0.296114	-0.296114	0.296114	-0.296114	0.296114	
-0.293612	0.293612	-0.293612	0.293612	-0.293612	0.293612	-0.293612	0.293612	
-0.291042	0.291042	-0.291042	0.291042	-0.291042	0.291042	-0.291042	0.291042	
-0.288403	0.288403	-0.288403	0.288403	-0.288403	0.288403	-0.288403	0.288403	
-0.285697	0.285697	-0.285697	0.285697	-0.285697	0.285697	-0.285697	0.285697	
-0.282924	0.282924	-0.282924	0.282924	-0.282924	0.282924	-0.282924	0.282924	
-0.280085	0.280085	-0.280085	0.280085	-0.280085	0.280085	-0.280085	0.280085	
-0.277181	0.277181	-0.277181	0.277181	-0.277181	0.277181	-0.277181	0.277181	
-0.274213	0.274213	-0.274213	0.274213	-0.274213	0.274213	-0.274213	0.274213	
-0.27118	0.27118	-0.27118	0.27118	-0.27118	0.27118	-0.27118	0.27118	
-0.268085	0.268085	-0.268085	0.268085	-0.268085	0.268085	-0.268085	0.268085	
-0.264927	0.264927	-0.264927	0.264927	-0.264927	0.264927	-0.264927	0.264927	
-0.261708	0.261708	-0.261708	0.261708	-0.261708	0.261708	-0.261708	0.261708	
-0.258429	0.258429	-0.258429	0.258429	-0.258429	0.258429	-0.258429	0.258429	
-0.25509	0.25509	-0.25509	0.25509	-0.25509	0.25509	-0.25509	0.25509	
-0.251692	0.251692	-0.251692	0.251692	-0.251692	0.251692	-0.251692	0.251692	
-0.248236	0.248236	-0.248236	0.248236	-0.248236	0.248236	-0.248236	0.248236	
-0.244723	0.244723	-0.244723	0.244723	-0.244723	0.244723	-0.244723	0.244723	
-0.241154	0.241154	-0.241154	0.241154	-0.241154	0.241154	-0.241154	0.241154	
-0.23753	0.23753	-0.23753	0.23753	-0.23753	0.23753	-0.23753	0.23753	
-0.233852	0.233852	-0.233852	0.233852	-0.233852	0.233852	-0.233852	0.233852	
-0.230121	0.230121	-0.230121	0.230121	-0.230121	0.230121	-0.230121	0.230121	
-0.226337	0.226337	-0.226337	0.226337	-0.226337	0.226337	-0.226337	0.226337	
-0.222503	0.222503	-0.222503	0.222503	-0.222503	0.222503	-0.222503	0.222503	
-0.218619	0.218619	-0.218619	0.218619	-0.218619	0.218619	-0.218619	0.218619	
-0.214686	0.214686	-0.214686	0.214686	-0.214686	0.214686	-0.214686	0.214686	
-0.210704	0.210704	-0.210704	0.210704	-0.210704	0.210704	-0.210704	0.210704	
-0.206676	0.206676	-0.206676	0.206676	-0.206676	0.206676	-0.206676	0.206676	
-0.202603	0.202603	-0.202603	0.202603	-0.202603	0.202603	-0.202603	0.202603	
-0.198485	0.198485	-0.198485	0.198485	-0.198485	0.198485	-0.198485	0.198485	
-0.194323	0.194323	-0.194323	0.194323	-0.194323	0.194323	-0.194323	0.194323	
-0.190119	0.190119	-0.190119	0.190119	-0.190119	0.190119	-0.190119	0.190119	
-0.185874	0.185874	-0.185874	0.185874	-0.185874	0.185874	-0.185874	0.185874	
-0.181589	0.181589	-0.181589	0.181589	-0.181589	0.181589	-0.181589	0.181589	
-0.177265	0.177265	-0.177265	0.177265	-0.177265	0.177265	-0.177265	0.177265	
-0.172904	0.172904	-0.172904	0.172904	-0.172904	0.172904	-0.172904	0.172904	
-0.168506	0.168506	-0.168506	0.168506	-0.168506	0.168506	-0.168506	0.168506	
-0.164073	0.164073	-0.164073	0.164073	-0.164073	0.164073	-0.164073	0.164073	
-0.159607	0.159607	-0.159607	0.159607	-0.159607	0.159607	-0.159607	0.159607	
-0.155107	0.155107	-0.155107	0.155107	-0.155107	0.155107	-0.155107	0.155107	
-0.150576	0.150576	-0.150576	0.150576	-0.150576	0.150576	-0.150576	0.150576	
-0.146016	0.146016	-0.146016	0.146016	-0.146016	0.146016	-0.146016	0.146016	
-0.141426	0.141426	-0.141426	0.141426	-0.141426	0.141426	-0.141426	0.141426	
-0.136809	0.136809	-0.136809	0.136809	-0.136809	0.136809	-0.136809	0.136809	
-0.132165	0.132165	-0.132165	0.132165	-0.132165	0.132165	-0.132165	0.132165	
-0.127496	0.127496	-0.127496	0.127496	-0.127496	0.127496	-0.127496	0.127496	
-0.122804	0.122804	-0.122804	0.122804	-0.122804	0.122804	-0.122804	0.122804	
-0.11809	0.11809	-0.11809	0.11809	-0.11809	0.11809	-0.11809	0.11809	
-0.113354	0.113354	-0.113354	0.113354	-0.113354	0.113354	-0.113354	0.113354	
-0.108599	0.108599	-0.108599	0.108599	-0.108599	0.108599	-0.108599	0.108599	
-0.103825	0.103825	-0.103825	0.103825	-0.103825	0.103825	-0.103825	0.103825	
-0.099034	0.099034	-0.099034	0.099034	-0.099034	0.099034	-0.099034	0.099034	
-0.0942276	0.0942276	-0.0942276	0.0942276	-0.0942276	0.0942276	-0.0942276	0.0942276	
-0.0894067	0.0894067	-0.0894067	0.0894067	-0.0894067	0.0894067	-0.0894067	0.0894067	
-0.0845729	0.0845729	-0.0845729	0.0845729	-0.0845729	0.0845729	-0.0845729	0.0845729	
-0.0797274	0.0797274	-0.0797274	0.0797274	-0.0797274	0.0797274	-0.0797274	0.0797274	
-0.0748716	0.0748716	-0.0748716	0.0748716	-0.0748716	0.0748716	-0.0748716	0.0748716	
-0.0700069	0.0700069	-0.0700069	0.0700069	-0.0700069	0.0700069	-0.0700069	0.0700069	
-0.0651345	0.0651345	-0.0651345	0.0651345	-0.0651345	0.0651345	-0.0651345	0.0651345	
-0.060256	0.060256	-0.060256	0.060256	-0.060256	0.060256	-0.060256	0.060256	
-0.0553727	0.0553727	-0.0553727	0.0553727	-0.0553727	0.0553727	-0.0553727	0.0553727	
-0.0504858	0.0504858	-0.0504858	0.0504858	-0.0504858	0.0504858	-0.0504858	0.0504858	
-0.0455969	0.0455969	-0.0455969	0.0455969	-0.0455969	0.0455969	-0.0455969	0.0455969	
-0.0407072	0.0407072	-0.0407072	0.0407072	-0.0407072	0.0407072	-0.0407072	0.0407072	
-0.0358181	0.0358181	-0.0358181	0.0358181	-0.0358181	0.0358181	-0.0358181	0.0358181	
-0.030931	0.030931	-0.030931	0.030931	-0.030931	0.030931	-0.030931	0.030931	
-0.0260472	0.0260472	-0.0260472	0.0260472	-0.0260472	0.0260472	-0.0260472	0.0260472	
-0.0211681	0.0211681	-0.0211681	0.0211681	-0.0211681	0.0211681	-0.0211681	0.0211681	
-0.0162951	0.0162951	-0.0162951	0.0162951	-0.0162951	0.0162951	-0.0162951	0.0162951	
-0.0114295	0.0114295	-0.0114295	0.0114295	-0.0114295	0.0114295	-0.0114295	0.0114295	
-0.00657269	0.00657269	-0.00657269	0.00657269	-0.00657269	0.00657269	-0.00657269	0.00657269	
-0.00172597	0.00172597	-0.00172597	0.00172597	-0.00172597	0.00172597	-0.00172597	0.00172597	
0.0031093	-0.0031093	0.0031093	-0.0031093	0.0031093	-0.0031093	0.0031093	-0.0031093	
0.00793178	-0.00793178	0.00793178	-0.00793178	0.00793178	-0.00793178	0.00793178	-0.00793178	
0.0127401	-0.0127401	0.0127401	-0.0127401	0.0127401	-0.0127401	0.0127401	-0.0127401	
0.017533	-0.017533	0.017533	-0.017533	0.017533	-0.017533	0.017533	-0.017533	
0.0223092	-0.0223092	0.0223092	-0.0223092	0.0223092	-0.0223092	0.0223092	-0.0223092	
0.0270672	-0.0270672	0.0270672	-0.0270672	0.0270672	-0.0270672	0.0270672	-0.0270672	
0.0318058	-0.0318058	0.0318058	-0.0318058	0.0318058	-0.0318058	0.0318058	-0.0318058	
0.0365238	-0.0365238	0.0365238	-0.0365238	0.0365238	-0.0365238	0.0365238	-0.0365238	
0.0412197	-0.0412197	0.0412197	-0.0412197	0.0412197	-0.0412197	0.0412197	-0.0412197	
0.0458924	-0.0458924	0.0458924	-0.0458924	0.0458924	-0.0458924	0.0458924	-0.0458924	
0.0505405	-0.0505405	0.0505405	-0.0505405	0.0505405	-0.0505405	0.0505405	-0.0505405	
0.0551628	-0.0551628	0.0551628	-0.0551628	0.0551628	-0.0551628	0.0551628	-0.0551628	
0.059758	-0.059758	0.059758	-0.059758	0.059758	-0.059758	0.059758	-0.059758	
0.0643249	-0.0643249	0.0643249	-0.0643249	0.0643249	-0.0643249	0.0643249	-0.0643249	
0.0688622	-0.0688622	0.0688622	-0.0688622	0.0688622	-0.0688622	0.0688622	-0.0688622	
0.0733688	-0.0733688	0.0733688	-0.0733688	0.0733688	-0.0733688	0.0733688	-0.0733688	
0.0778433	-0.0778433	0.0778433	-0.0778433	0.0778433	-0.0778433	0.0778433	-0.0778433	
0.0822846	-0.0822846	0.0822846	-0.0822846	0.0822846	-0.0822846	0.0822846	-0.0822846	
0.0866915	-0.0866915	0.0866915	-0.0866915	0.0866915	-0.0866915	0.0866915	-0.0866915	
0.0910629	-0.0910629	0.0910629	-0.0910629	0.0910629	-0.0910629	0.0910629	-0.0910629	
0.0953974	-0.0953974	0.0953974	-0.0953974	0.0953974	-0.0953974	0.0953974	-0.0953974	
0.0996941	-0.0996941	0.0996941	-0.0996941	0.0996941	-0.0996941	0.0996941	-0.0996941	
0.103952	-0.103952	0.103952	-0.103952	0.103952	-0.103952	0.103952	-0.103952	
0.108169	-0.108169	0.108169	-0.108169	0.108169	-0.108169	0.108169	-0.108169	
0.112345	-0.112345	0.112345	-0.112345	0.112345	-0.112345	0.112345	-0.112345	
0.116479	-0.116479	0.116479	-0.116479	0.116479	-0.116479	0.116479	-0.116479	
0.120569	-0.120569	0.120569	-0.120569	0.120569	-0.120569	0.120569	-0.120569	
0.124615	-0.124615	0.124615	-0.124615	0.124615	-0.124615	0.124615	-0.124615	
0.128615	-0.128615	0.128615	-0.128615	0.128615	-0.128615	0.128615	-0.128615	
0.132569	-0.132569	0.132569	-0.132569	0.132569	-0.132569	0.132569	-0.132569	
0.136475	-0.136475	0.136475	-0.136475	0.136475	-0.136475	0.136475	-0.136475	
0.140332	-0.140332	0.140332	-0.140332	0.140332	-0.140332	0.140332	-0.140332	
0.144139	-0.144139	0.144139	-0.144139	0.144139	-0.144139	0.144139	-0.144139	
0.147896	-0.147896	0.147896	-0.147896	0.147896	-0.147896	0.147896	-0.147896	
0.151602	-0.151602	0.151602	-0.151602	0.151602	-0.151602	0.151602	-0.151602	
0.155254	-0.155254	0.155254	-0.155254	0.155254	-0.155254	0.155254	-0.155254	
0.158854	-0.158854	0.158854	-0.158854	0.158854	-0.158854	0.158854	-0.158854	
0.162399	-0.162399	0.162399	-0.162399	0.162399	-0.162399	0.162399	-0.162399	
0.165889	-0.165889	0.165889	-0.165889	0.165889	-0.165889	0.165889	-0.165889	
0.169322	-0.169322	0.169322	-0.169322	0.169322	-0.169322	0.169322	-0.169322	
0.172699	-0.172699	0.172699	-0.172699	0.172699	-0.172699	0.172699	-0.172699	
0.176018	-0.176018	0.176018	-0.176018	0.176018	-0.176018	0.176018	-0.176018	
0.179279	-0.179279	0.179279	-0.179279	0.179279	-0.179279	0.179279	-0.179279	
0.18248	-0.18248	0.18248	-0.18248	0.18248	-0.18248	0.18248	-0.18248	
0.185621	-0.185621	0.185621	-0.185621	0.185621	-0.185621	0.185621	-0.185621	
0.188701	-0.188701	0.188701	-0.188701	0.188701	-0.188701	0.188701	-0.188701	
0.19172	-0.19172	0.19172	-0.19172	0.19172	-0.19172	0.19172	-0.19172	
0.194676	-0.194676	0.194676	-0.194676	0.194676	-0.194676	0.194676	-0.194676	
0.19757	-0.19757	0.19757	-0.19757	0.19757	-0.19757	0.19757	-0.19757	
0.2004	-0.2004	0.2004	-0.2004	0.2004	-0.2004	0.2004	-0.2004	
0.203165	-0.203165	0.203165	-0.203165	0.203165	-0.203165	0.203165	-0.203165	
0.205866	-0.205866	0.205866	-0.205866	0.205866	-0.205866	0.205866	-0.205866	
0.208501	-0.208501	0.208501	-0.208501	0.208501	-0.208501	0.208501	-0.208501	
0.21107	-0.21107	0.21107	-0.21107	0.21107	-0.21107	0.21107	-0.21107	
0.213573	-0.213573	0.213573	-0.213573	0.213573	-0.213573	0.213573	-0.213573	
0.216008	-0.216008	0.216008	-0.216008	0.216008	-0.216008	0.216008	-0.216008	
0.218376	-0.218376	0.218376	-0.218376	0.218376	-0.218376	0.218376	-0.218376	
0.220676	-0.220676	0.220676	-0.220676	0.220676	-0.220676	0.220676	-0.220676	
0.222907	-0.222907	0.222907	-0.222907	0.222907	-0.222907	0.222907	-0.222907	
0.225069	-0.225069	0.225069	-0.225069	0.225069	-0.225069	0.225069	-0.225069	
0.227161	-0.227161	0.227161	-0.227161	0.227161	-0.227161	0.227161	-0.227161	
0.229184	-0.229184	0.229184	-0.229184	0.229184	-0.229184	0.229184	-0.229184	
0.231137	-0.231137	0.231137	-0.231137	0.231137	-0.231137	0.231137	-0.231137	
0.233019	-0.233019	0.233019	-0.233019	0.233019	-0.233019	0.233019	-0.233019	
0.23483	-0.23483	0.23483	-0.23483	0.23483	-0.23483	0.23483	-0.23483	
0.23657	-0.23657	0.23657	-0.23657	0.23657	-0.23657	0.23657	-0.23657	
0.238238	-0.238238	0.238238	-0.238238	0.238238	-0.238238	0.238238	-0.238238	
0.239835	-0.239835	0.239835	-0.239835	0.239835	-0.239835	0.239835	-0.239835	
0.241359	-0.241359	0.241359	-0.241359	0.241359	-0.241359	0.241359	-0.241359	
0.242812	-0.242812	0.242812	-0.242812	0.242812	-0.242812	0.242812	-0.242812	
0.244192	-0.244192	0.244192	-0.244192	0.244192	-0.244192	0.244192	-0.244192	
0.2455	-0.2455	0.2455	-0.2455	0.2455	-0.2455	0.2455	-0.2455	
0.246735	-0.246735	0.246735	-0.246735	0.246735	-0.246735	0.246735	-0.246735	
0.247897	-0.247897	0.247897	-0.247897	0.247897	-0.247897	0.247897	-0.247897	
0.248986	-0.248986	0.248986	-0.248986	0.248986	-0.248986	0.248986	-0.248986	
0.250003	-0.250003	0.250003	-0.250003	0.250003	-0.250003	0.250003	-0.250003	
0.250946	-0.250946	0.250946	-0.250946	0.250946	-0.250946	0.250946	-0.250946	
0.251816	-0.251816	0.251816	-0.251816	0.251816	-0.251816	0.251816	-0.251816	
0.252614	-0.252614	0.252614	-0.252614	0.252614	-0.252614	0.252614	-0.252614	
0.253338	-0.253338	0.253338	-0.253338	0.253338	-0.253338	0.253338	-0.253338	
0.25399	-0.25399	0.25399	-0.25399	0.25399	-0.25399	0.25399	-0.25399	
0.254569	-0.254569	0.254569	-0.254569	0.254569	-0.254569	0.254569	-0.254569	
0.255075	-0.255075	0.255075	-0.255075	0.255075	-0.255075	0.255075	-0.255075	
0.255508	-0.255508	0.255508	-0.255508	0.255508	-0.255508	0.255508	-0.255508	
0.255869	-0.255869	0.255869	-0.255869	0.255869	-0.255869	0.255869	-0.255869	
0.256158	-0.256158	0.256158	-0.256158	0.256158	-0.256158	0.256158	-0.256158	
0.256374	-0.256374	0.256374	-0.256374	0.256374	-0.256374	0.256374	-0.256374	
0.256519	-0.256519	0.256519	-0.256519	0.256519	-0.256519	0.256519	-0.256519	
0.256591	-0.256591	0.256591	-0.256591	0.256591	-0.256591	0.256591	-0.256591	
0.256593	-0.256593	0.256593	-0.256593	0.256593	-0.256593	0.256593	-0.256593	
0.256523	-0.256523	0.256523	-0.256523	0.256523	-0.256523	0.256523	-0.256523	
0.256383	-0.256383	0.256383	-0.256383	0.256383	-0.256383	0.256383	-0.256383	
0.256171	-0.256171	0.256171	-0.256171	0.256171	-0.256171	0.256171	-0.256171	
0.25589	-0.25589	0.25589	-0.25589	0.25589	-0.25589	0.25589	-0.25589	
0.255539	-0.255539	0.255539	-0.255539	0.255539	-0.255539	0.255539	-0.255539	
0.255119	-0.255119	0.255119	-0.255119	0.255119	-0.255119	0.255119	-0.255119	
0.254629	-0.254629	0.254629	-0.254629	0.254629	-0.254629	0.254629	-0.254629	
0.254071	-0.254071	0.254071	-0.254071	0.254071	-0.254071	0.254071	-0.254071	
0.253445	-0.253445	0.253445	-0.253445	0.253445	-0.253445	0.253445	-0.253445	
0.252751	-0.252751	0.252751	-0.252751	0.252751	-0.252751	0.252751	-0.252751	
0.25199	-0.25199	0.25199	-0.25199	0.25199	-0.25199	0.25199	-0.25199	
0.251163	-0.251163	0.251163	-0.251163	0.251163	-0.251163	0.251163	-0.251163	
0.250269	-0.250269	0.250269	-0.250269	0.250269	-0.250269	0.250269	-0.250269	
0.24931	-0.24931	0.24931	-0.24931	0.24931	-0.24931	0.24931	-0.24931	
0.248286	-0.248286	0.248286	-0.248286	0.248286	-0.248286	0.248286	-0.248286	
0.247198	-0.247198	0.247198	-0.247198	0.247198	-0.247198	0.247198	-0.247198	
0.246045	-0.246045	0.246045	-0.246045	0.246045	-0.246045	0.246045	-0.246045	
0.24483	-0.24483	0.24483	-0.24483	0.24483	-0.24483	0.24483	-0.24483	
0.243552	-0.243552	0.243552	-0.243552	0.243552	-0.243552	0.243552	-0.243552	
0.242213	-0.242213	0.242213	-0.242213	0.242213	-0.242213	0.242213	-0.242213	
0.240812	-0.240812	0.240812	-0.240812	0.240812	-0.240812	0.240812	-0.240812	
0.239351	-0.239351	0.239351	-0.239351	0.239351	-0.239351	0.239351	-0.239351	
0.237831	-0.237831	0.237831	-0.237831	0.237831	-0.237831	0.237831	-0.237831	
0.236251	-0.236251	0.236251	-0.236251	0.236251	-0.236251	0.236251	-0.236251	
0.234614	-0.234614	0.234614	-0.234614	0.234614	-0.234614	0.234614	-0.234614	
0.232919	-0.232919	0.232919	-0.232919	0.232919	-0.232919	0.232919	-0.232919	
0.231167	-0.231167	0.231167	-0.231167	0.231167	-0.231167	0.231167	-0.231167	
0.22936	-0.22936	0.22936	-0.22936	0.22936	-0.22936	0.22936	-0.22936	
0.227498	-0.227498	0.227498	-0.227498	0.227498	-0.227498	0.227498	-0.227498	
0.225581	-0.225581	0.225581	-0.225581	0.225581	-0.225581	0.225581	-0.225581	
0.223612	-0.223612	0.223612	-0.223612	0.223612	-0.223612	0.223612	-0.223612	
0.22159	-0.22159	0.22159	-0.22159	0.22159	-0.22159	0.22159	-0.22159	
0.219517	-0.219517	0.219517	-0.219517	0.219517	-0.219517	0.219517	-0.219517	
0.217393	-0.217393	0.217393	-0.217393	0.217393	-0.217393	0.217393	-0.217393	
0.21522	-0.21522	0.21522	-0.21522	0.21522	-0.21522	0.21522	-0.21522	
0.212998	-0.212998	0.212998	-0.212998	0.212998	-0.212998	0.212998	-0.212998	
0.210728	-0.210728	0.210728	-0.210728	0.210728	-0.210728	0.210728	-0.210728	
0.208411	-0.208411	0.208411	-0.208411	0.208411	-0.208411	0.208411	-0.208411	
0.206049	-0.206049	0.206049	-0.206049	0.206049	-0.206049	0.206049	-0.206049	
0.203642	-0.203642	0.203642	-0.203642	0.203642	-0.203642	0.203642	-0.203642	
0.201191	-0.201191	0.201191	-0.201191	0.201191	-0.201191	0.201191	-0.201191	
0.198697	-0.198697	0.198697	-0.198697	0.198697	-0.198697	0.198697	-0.198697	
0.196161	-0.196161	0.196161	-0.196161	0.196161	-0.196161	0.196161	-0.196161	
0.193585	-0.193585	0.193585	-0.193585	0.193585	-0.193585	0.193585	-0.193585	
0.190969	-0.190969	0.190969	-0.190969	0.190969	-0.190969	0.190969	-0.190969	
0.188314	-0.188314	0.188314	-0.188314	0.188314	-0.188314	0.188314	-0.188314	
0.185622	-0.185622	0.185622	-0.185622	0.185622	-0.185622	0.185622	-0.185622	
0.182893	-0.182893	0.182893	-0.182893	0.182893	-0.182893	0.182893	-0.182893	
0.180129	-0.180129	0.180129	-0.180129	0.180129	-0.180129	0.180129	-0.180129	
0.17733	-0.17733	0.17733	-0.17733	0.17733	-0.17733	0.17733	-0.17733	
0.174498	-0.174498	0.174498	-0.174498	0.174498	-0.174498	0.174498	-0.174498	
0.171634	-0.171634	0.171634	-0.171634	0.171634	-0.171634	0.171634	-0.171634	
0.168739	-0.168739	0.168739	-0.168739	0.168739	-0.168739	0.168739	-0.168739	
0.165814	-0.165814	0.165814	-0.165814	0.165814	-0.165814	0.165814	-0.165814	
0.16286	-0.16286	0.16286	-0.16286	0.16286	-0.16286	0.16286	-0.16286	
0.159879	-0.159879	0.159879	-0.159879	0.159879	-0.159879	0.159879	-0.159879	
0.156871	-0.156871	0.156871	-0.156871	0.156871	-0.156871	0.156871	-0.156871	
0.153837	-0.153837	0.153837	-0.153837	0.153837	-0.153837	0.153837	-0.153837	
0.15078	-0.15078	0.15078	-0.15078	0.15078	-0.15078	0.15078	-0.15078	
0.147699	-0.147699	0.147699	-0.147699	0.147699	-0.147699	0.147699	-0.147699	
0.144596	-0.144596	0.144596	-0.144596	0.144596	-0.144596	0.144596	-0.144596	
0.141473	-0.141473	0.141473	-0.141473	0.141473	-0.141473	0.141473	-0.141473	
0.13833	-0.13833	0.13833	-0.13833	0.13833	-0.13833	0.13833	-0.13833	
0.135169	-0.135169	0.135169	-0.135169	0.135169	-0.135169	0.135169	-0.135169	
0.13199	-0.13199	0.13199	-0.13199	0.13199	-0.13199	0.13199	-0.13199	
0.128795	-0.128795	0.128795	-0.128795	0.128795	-0.128795	0.128795	-0.128795	
0.125586	-0.125586	0.125586	-0.125586	0.125586	-0.125586	0.125586	-0.125586	
0.122363	-0.122363	0.122363	-0.122363	0.122363	-0.122363	0.122363	-0.122363	
0.119127	-0.119127	0.119127	-0.119127	0.119127	-0.119127	0.119127	-0.119127	
0.115879	-0.115879	0.115879	-0.115879	0.115879	-0.115879	0.115879	-0.115879	
0.112622	-0.112622	0.112622	-0.112622	0.112622	-0.112622	0.112622	-0.112622	
0.109356	-0.109356	0.109356	-0.109356	0.109356	-0.109356	0.109356	-0.109356	
0.106081	-0.106081	0.106081	-0.106081	0.106081	-0.106081	0.106081	-0.106081	
0.1028	-0.1028	0.1028	-0.1028	0.1028	-0.1028	0.1028	-0.1028	
0.099514	-0.099514	0.099514	-0.099514	0.099514	-0.099514	0.099514	-0.099514	
0.0962232	-0.0962232	0.0962232	-0.0962232	0.0962232	-0.0962232	0.0962232	-0.0962232	
0.0929293	-0.0929293	0.0929293	-0.0929293	0.0929293	-0.0929293	0.0929293	-0.0929293	
0.0896335	-0.0896335	0.0896335	-0.0896335	0.0896335	-0.0896335	0.0896335	-0.0896335	
0.0863368	-0.0863368	0.0863368	-0.0863368	0.0863368	-0.0863368	0.0863368	-0.0863368	
0.0830405	-0.0830405	0.0830405	-0.0830405	0.0830405	-0.0830405	0.0830405	-0.0830405	
0.0797457	-0.0797457	0.0797457	-0.0797457	0.0797457	-0.0797457	0.0797457	-0.0797457	
0.0764535	-0.0764535	0.0764535	-0.0764535	0.0764535	-0.0764535	0.0764535	-0.0764535	
0.0731652	-0.0731652	0.0731652	-0.0731652	0.0731652	-0.0731652	0.0731652	-0.0731652	
0.0698818	-0.0698818	0.0698818	-0.0698818	0.0698818	-0.0698818	0.0698818	-0.0698818	
0.0666045	-0.0666045	0.0666045	-0.0666045	0.0666045	-0.0666045	0.0666045	-0.0666045	
0.0633344	-0.0633344	0.0633344	-0.0633344	0.0633344	-0.0633344	0.0633344	-0.0633344	
0.0600726	-0.0600726	0.0600726	-0.0600726	0.0600726	-0.0600726	0.0600726	-0.0600726	
0.0568203	-0.0568203	0.0568203	-0.0568203	0.0568203	-0.0568203	0.0568203	-0.0568203	
0.0535786	-0.0535786	0.0535786	-0.0535786	0.0535786	-0.0535786	0.0535786	-0.0535786	
0.0503486	-0.0503486	0.0503486	-0.0503486	0.0503486	-0.0503486	0.0503486	-0.0503486	
0.0471314	-0.0471314	0.0471314	-0.0471314	0.0471314	-0.0471314	0.0471314	-0.0471314	
0.043928	-0.043928	0.043928	-0.043928	0.043928	-0.043928	0.043928	-0.043928	
0.0407395	-0.0407395	0.0407395	-0.0407395	0.0407395	-0.0407395	0.0407395	-0.0407395	
0.0375671	-0.0375671	0.0375671	-0.0375671	0.0375671	-0.0375671	0.0375671	-0.0375671	
0.0344118	-0.0344118	0.0344118	-0.0344118	0.0344118	-0.0344118	0.0344118	-0.0344118	
0.0312746	-0.0312746	0.0312746	-0.0312746	0.0312746	-0.0312746	0.0312746	-0.0312746	
0.0281566	-0.0281566	0.0281566	-0.0281566	0.0281566	-0.0281566	0.0281566	-0.0281566	
0.0250588	-0.0250588	0.0250588	-0.0250588	0.0250588	-0.0250588	0.0250588	-0.0250588	
0.0219822	-0.0219822	0.0219822	-0.0219822	0.0219822	-0.0219822	0.0219822	-0.0219822	
0.0189279	-0.0189279	0.0189279	-0.0189279	0.0189279	-0.0189279	0.0189279	-0.0189279	
0.0158969	-0.0158969	0.0158969	-0.0158969	0.0158969	-0.0158969	0.0158969	-0.0158969	
0.01289	-0.01289	0.01289	-0.01289	0.01289	-0.01289	0.01289	-0.01289	
0.00990841	-0.00990841	0.00990841	-0.00990841	0.00990841	-0.00990841	0.00990841	-0.00990841	
0.00695297	-0.00695297	0.00695297	-0.00695297	0.00695297	-0.00695297	0.00695297	-0.00695297	
0.00402467	-0.00402467	0.00402467	-0.00402467	0.00402467	-0.00402467	0.00402467	-0.00402467	
0.00112444	-0.00112444	0.00112444	-0.00112444	0.00112444	-0.00112444	0.00112444	-0.00112444	
-0.00174678	0.00174678	-0.00174678	0.00174678	-0.00174678	0.00174678	-0.00174678	0.00174678	
-0.00458809	0.00458809	-0.00458809	0.00458809	-0.00458809	0.00458809	-0.00458809	0.00458809	
-0.00739859	0.00739859	-0.00739859	0.00739859	-0.00739859	0.00739859	-0.00739859	0.00739859	
-0.0101774	0.0101774	-0.0101774	0.0101774	-0.0101774	0.0101774	-0.0101774	0.0101774	
-0.0129236	0.0129236	-0.0129236	0.0129236	-0.0129236	0.0129236	-0.0129236	0.0129236	
-0.0156364	0.0156364	-0.0156364	0.0156364	-0.0156364	0.0156364	-0.0156364	0.0156364	
-0.0183149	0.0183149	-0.0183149	0.0183149	-0.0183149	0.0183149	-0.0183149	0.0183149	
-0.0209583	0.0209583	-0.0209583	0.0209583	-0.0209583	0.0209583	-0.0209583	0.0209583	
-0.0235658	0.0235658	-0.0235658	0.0235658	-0.0235658	0.0235658	-0.0235658	0.0235658	
-0.0261366	0.0261366	-0.0261366	0.0261366	-0.0261366	0.0261366	-0.0261366	0.0261366	
-0.0286699	0.0286699	-0.0286699	0.0286699	-0.0286699	0.0286699	-0.0286699	0.0286699	
-0.0311649	0.0311649	-0.0311649	0.0311649	-0.0311649	0.0311649	-0.0311649	0.0311649	
-0.0336209	0.0336209	-0.0336209	0.0336209	-0.0336209	0.0336209	-0.0336209	0.0336209	
-0.0360372	0.0360372	-0.0360372	0.0360372	-0.0360372	0.0360372	-0.0360372	0.0360372	
-0.038413	0.038413	-0.038413	0.038413	-0.038413	0.038413	-0.038413	0.038413	
-0.0407477	0.0407477	-0.0407477	0.0407477	-0.0407477	0.0407477	-0.0407477	0.0407477	
-0.0430405	0.0430405	-0.0430405	0.0430405	-0.0430405	0.0430405	-0.0430405	0.0430405	
-0.0452908	0.0452908	-0.0452908	0.0452908	-0.0452908	0.0452908	-0.0452908	0.0452908	
-0.0474979	0.0474979	-0.0474979	0.0474979	-0.0474979	0.0474979	-0.0474979	0.0474979	
-0.0496612	0.0496612	-0.0496612	0.0496612	-0.0496612	0.0496612	-0.0496612	0.0496612	
-0.0517802	0.0517802	-0.0517802	0.0517802	-0.0517802	0.0517802	-0.0517802	0.0517802	
-0.0538541	0.0538541	-0.0538541	0.0538541	-0.0538541	0.0538541	-0.0538541	0.0538541	
-0.0558825	0.0558825	-0.0558825	0.0558825	-0.0558825	0.0558825	-0.0558825	0.0558825	
-0.0578648	0.0578648	-0.0578648	0.0578648	-0.0578648	0.0578648	-0.0578648	0.0578648	
-0.0598003	0.0598003	-0.0598003	0.0598003	-0.0598003	0.0598003	-0.0598003	0.0598003	
-0.0616887	0.0616887	-0.0616887	0.0616887	-0.0616887	0.0616887	-0.0616887	0.0616887	
-0.0635294	0.0635294	-0.0635294	0.0635294	-0.0635294	0.0635294	-0.0635294	0.0635294	
-0.0653219	0.0653219	-0.0653219	0.0653219	-0.0653219	0.0653219	-0.0653219	0.0653219	
-0.0670657	0.0670657	-0.0670657	0.0670657	-0.0670657	0.0670657	-0.0670657	0.0670657	
-0.0687605	0.0687605	-0.0687605	0.0687605	-0.0687605	0.0687605	-0.0687605	0.0687605	
-0.0704057	0.0704057	-0.0704057	0.0704057	-0.0704057	0.0704057	-0.0704057	0.0704057	
-0.0720011	0.0720011	-0.0720011	0.0720011	-0.0720011	0.0720011	-0.0720011	0.0720011	
-0.0735461	0.0735461	-0.0735461	0.0735461	-0.0735461	0.0735461	-0.0735461	0.0735461	
-0.0750404	0.0750404	-0.0750404	0.0750404	-0.0750404	0.0750404	-0.0750404	0.0750404	
-0.0764837	0.0764837	-0.0764837	0.0764837	-0.0764837	0.0764837	-0.0764837	0.0764837	
-0.0778756	0.0778756	-0.0778756	0.0778756	-0.0778756	0.0778756	-0.0778756	0.0778756	
-0.0792158	0.0792158	-0.0792158	0.0792158	-0.0792158	0.0792158	-0.0792158	0.0792158	
-0.0805041	0.0805041	-0.0805041	0.0805041	-0.0805041	0.0805041	-0.0805041	0.0805041	
-0.0817401	0.0817401	-0.0817401	0.0817401	-0.0817401	0.0817401	-0.0817401	0.0817401	
-0.0829237	0.0829237	-0.0829237	0.0829237	-0.0829237	0.0829237	-0.0829237	0.0829237	
-0.0840545	0.0840545	-0.0840545	0.0840545	-0.0840545	0.0840545	-0.0840545	0.0840545	
-0.0851324	0.0851324	-0.0851324	0.0851324	-0.0851324	0.0851324	-0.0851324	0.0851324	
-0.0861572	0.0861572	-0.0861572	0.0861572	-0.0861572	0.0861572	-0.0861572	0.0861572	
-0.0871287	0.0871287	-0.0871287	0.0871287	-0.0871287	0.0871287	-0.0871287	0.0871287	
-0.0880468	0.0880468	-0.0880468	0.0880468	-0.0880468	0.0880468	-0.0880468	0.0880468	
-0.0889113	0.0889113	-0.0889113	0.0889113	-0.0889113	0.0889113	-0.0889113	0.0889113	
-0.0897221	0.0897221	-0.0897221	0.0897221	-0.0897221	0.0897221	-0.0897221	0.0897221	
-0.0904791	0.0904791	-0.0904791	0.0904791	-0.0904791	0.0904791	-0.0904791	0.0904791	
-0.0911823	0.0911823	-0.0911823	0.0911823	-0.0911823	0.0911823	-0.0911823	0.0911823	
-0.0918316	0.0918316	-0.0918316	0.0918316	-0.0918316	0.0918316	-0.0918316	0.0918316	
-0.092427	0.092427	-0.092427	0.092427	-0.092427	0.092427	-0.092427	0.092427	
-0.0929684	0.0929684	-0.0929684	0.0929684	-0.0929684	0.0929684	-0.0929684	0.0929684	
-0.0934559	0.0934559	-0.0934559	0.0934559	-0.0934559	0.0934559	-0.0934559	0.0934559	
-0.0938894	0.0938894	-0.0938894	0.0938894	-0.0938894	0.0938894	-0.0938894	0.0938894	
-0.0942691	0.0942691	-0.0942691	0.0942691	-0.0942691	0.0942691	-0.0942691	0.0942691	
-0.0945951	0.0945951	-0.0945951	0.0945951	-0.0945951	0.0945951	-0.0945951	0.0945951	
-0.0948673	0.0948673	-0.0948673	0.0948673	-0.0948673	0.0948673	-0.0948673	0.0948673	
-0.0950859	0.0950859	-0.0950859	0.0950859	-0.0950859	0.0950859	-0.0950859	0.0950859	
-0.095251	0.095251	-0.095251	0.095251	-0.095251	0.095251	-0.095251	0.095251	
-0.0953628	0.0953628	-0.0953628	0.0953628	-0.0953628	0.0953628	-0.0953628	0.0953628	
-0.0954214	0.0954214	-0.0954214	0.0954214	-0.0954214	0.0954214	-0.0954214	0.0954214	
-0.095427	0.095427	-0.095427	0.095427	-0.095427	0.095427	-0.095427	0.095427	
-0.0953799	0.0953799	-0.0953799	0.0953799	-0.0953799	0.0953799	-0.0953799	0.0953799	
-0.0952802	0.0952802	-0.0952802	0.0952802	-0.0952802	0.0952802	-0.0952802	0.0952802	
-0.0951281	0.0951281	-0.0951281	0.0951281	-0.0951281	0.0951281	-0.0951281	0.0951281	
-0.094924	0.094924	-0.094924	0.094924	-0.094924	0.094924	-0.094924	0.094924	
-0.0946681	0.0946681	-0.0946681	0.0946681	-0.0946681	0.0946681	-0.0946681	0.0946681	
-0.0943606	0.0943606	-0.0943606	0.0943606	-0.0943606	0.0943606	-0.0943606	0.0943606	
-0.094002	0.094002	-0.094002	0.094002	-0.094002	0.094002	-0.094002	0.094002	
-0.0935925	0.0935925	-0.0935925	0.0935925	-0.0935925	0.0935925	-0.0935925	0.0935925	
-0.0931325	0.0931325	-0.0931325	0.0931325	-0.0931325	0.0931325	-0.0931325	0.0931325	
-0.0926224	0.0926224	-0.0926224	0.0926224	-0.0926224	0.0926224	-0.0926224	0.0926224	
-0.0920624	0.0920624	-0.0920624	0.0920624	-0.0920624	0.0920624	-0.0920624	0.0920624	
-0.0914531	0.0914531	-0.0914531	0.0914531	-0.0914531	0.0914531	-0.0914531	0.0914531	
-0.0907949	0.0907949	-0.0907949	0.0907949	-0.0907949	0.0907949	-0.0907949	0.0907949	
-0.0900881	0.0900881	-0.0900881	0.0900881	-0.0900881	0.0900881	-0.0900881	0.0900881	
-0.0893332	0.0893332	-0.0893332	0.0893332	-0.0893332	0.0893332	-0.0893332	0.0893332	
-0.0885308	0.0885308	-0.0885308	0.0885308	-0.0885308	0.0885308	-0.0885308	0.0885308	
-0.0876812	0.0876812	-0.0876812	0.0876812	-0.0876812	0.0876812	-0.0876812	0.0876812	
-0.086785	0.086785	-0.086785	0.086785	-0.086785	0.086785	-0.086785	0.086785	
-0.0858427	0.0858427	-0.0858427	0.0858427	-0.0858427	0.0858427	-0.0858427	0.0858427	
-0.0848548	0.0848548	-0.0848548	0.0848548	-0.0848548	0.0848548	-0.0848548	0.0848548	
-0.0838218	0.0838218	-0.0838218	0.0838218	-0.0838218	0.0838218	-0.0838218	0.0838218	
-0.0827444	0.0827444	-0.0827444	0.0827444	-0.0827444	0.0827444	-0.0827444	0.0827444	
-0.0816231	0.0816231	-0.0816231	0.0816231	-0.0816231	0.0816231	-0.0816231	0.0816231	
-0.0804584	0.0804584	-0.0804584	0.0804584	-0.0804584	0.0804584	-0.0804584	0.0804584	
-0.0792511	0.0792511	-0.0792511	0.0792511	-0.0792511	0.0792511	-0.0792511	0.0792511	
-0.0780016	0.0780016	-0.0780016	0.0780016	-0.0780016	0.0780016	-0.0780016	0.0780016	
-0.0767107	0.0767107	-0.0767107	0.0767107	-0.0767107	0.0767107	-0.0767107	0.0767107	
-0.075379	0.075379	-0.075379	0.075379	-0.075379	0.075379	-0.075379	0.075379	
-0.074007	0.074007	-0.074007	0.074007	-0.074007	0.074007	-0.074007	0.074007	
-0.0725956	0.0725956	-0.0725956	0.0725956	-0.0725956	0.0725956	-0.0725956	0.0725956	
-0.0711454	0.0711454	-0.0711454	0.0711454	-0.0711454	0.0711454	-0.0711454	0.0711454	
-0.0696571	0.0696571	-0.0696571	0.0696571	-0.0696571	0.0696571	-0.0696571	0.0696571	
-0.0681314	0.0681314	-0.0681314	0.0681314	-0.0681314	0.0681314	-0.0681314	0.0681314	
-0.066569	0.066569	-0.066569	0.066569	-0.066569	0.066569	-0.066569	0.066569	
-0.0649706	0.0649706	-0.0649706	0.0649706	-0.0649706	0.0649706	-0.0649706	0.0649706	
-0.063337	0.063337	-0.063337	0.063337	-0.063337	0.063337	-0.063337	0.063337	
-0.061669	0.061669	-0.061669	0.061669	-0.061669	0.061669	-0.061669	0.061669	
-0.0599673	0.0599673	-0.0599673	0.0599673	-0.0599673	0.0599673	-0.0599673	0.0599673	
-0.0582326	0.0582326	-0.0582326	0.0582326	-0.0582326	0.0582326	-0.0582326	0.0582326	
-0.0564658	0.0564658	-0.0564658	0.0564658	-0.0564658	0.0564658	-0.0564658	0.0564658	
-0.0546677	0.0546677	-0.0546677	0.0546677	-0.0546677	0.0546677	-0.0546677	0.0546677	
-0.052839	0.052839	-0.052839	0.052839	-0.052839	0.052839	-0.052839	0.052839	
-0.0509806	0.0509806	-0.0509806	0.0509806	-0.0509806	0.0509806	-0.0509806	0.0509806	
-0.0490933	0.0490933	-0.0490933	0.0490933	-0.0490933	0.0490933	-0.0490933	0.0490933	
-0.0471779	0.0471779	-0.0471779	0.0471779	-0.0471779	0.0471779	-0.0471779	0.0471779	
-0.0452353	0.0452353	-0.0452353	0.0452353	-0.0452353	0.0452353	-0.0452353	0.0452353	
-0.0432663	0.0432663	-0.0432663	0.0432663	-0.0432663	0.0432663	-0.0432663	0.0432663	
-0.0412717	0.0412717	-0.0412717	0.0412717	-0.0412717	0.0412717	-0.0412717	0.0412717	
-0.0392524	0.0392524	-0.0392524	0.0392524	-0.0392524	0.0392524	-0.0392524	0.0392524	
-0.0372094	0.0372094	-0.0372094	0.0372094	-0.0372094	0.0372094	-0.0372094	0.0372094	
-0.0351434	0.0351434	-0.0351434	0.0351434	-0.0351434	0.0351434	-0.0351434	0.0351434	
-0.0330553	0.0330553	-0.0330553	0.0330553	-0.0330553	0.0330553	-0.0330553	0.0330553	
-0.0309461	0.0309461	-0.0309461	0.0309461	-0.0309461	0.0309461	-0.0309461	0.0309461	
-0.0288165	0.0288165	-0.0288165	0.0288165	-0.0288165	0.0288165	-0.0288165	0.0288165	
-0.0266676	0.0266676	-0.0266676	0.0266676	-0.0266676	0.0266676	-0.0266676	0.0266676	
-0.0245002	0.0245002	-0.0245002	0.0245002	-0.0245002	0.0245002	-0.0245002	0.0245002	
-0.0223152	0.0223152	-0.0223152	0.0223152	-0.0223152	0.0223152	-0.0223152	0.0223152	
-0.0201135	0.0201135	-0.0201135	0.0201135	-0.0201135	0.0201135	-0.0201135	0.0201135	
-0.017896	0.017896	-0.017896	0.017896	-0.017896	0.017896	-0.017896	0.017896	
-0.0156637	0.0156637	-0.0156637	0.0156637	-0.0156637	0.0156637	-0.0156637	0.0156637	
-0.0134174	0.0134174	-0.0134174	0.0134174	-0.0134174	0.0134174	-0.0134174	0.0134174	
-0.0111582	0.0111582	-0.0111582	0.0111582	-0.0111582	0.0111582	-0.0111582	0.0111582	
-0.00888683	0.00888683	-0.00888683	0.00888683	-0.00888683	0.00888683	-0.00888683	0.00888683	
-0.00660431	0.00660431	-0.00660431	0.00660431	-0.00660431	0.00660431	-0.00660431	0.00660431	
-0.00431155	0.00431155	-0.00431155	0.00431155	-0.00431155	0.00431155	-0.00431155	0.00431155	
-0.00200948	0.00200948	-0.00200948	0.00200948	-0.00200948	0.00200948	-0.00200948	0.00200948	
0.00030097	-0.00030097	0.00030097	-0.00030097	0.00030097	-0.00030097	0.00030097	-0.00030097	
0.00261887	-0.00261887	0.00261887	-0.00261887	0.00261887	-0.00261887	0.00261887	-0.00261887	
0.0049433	-0.0049433	0.0049433	-0.0049433	0.0049433	-0.0049433	0.0049433	-0.0049433	
0.00727331	-0.00727331	0.00727331	-0.00727331	0.00727331	-0.00727331	0.00727331	-0.00727331	
0.00960799	-0.00960799	0.00960799	-0.00960799	0.00960799	-0.00960799	0.00960799	-0.00960799	
0.0119464	-0.0119464	0.0119464	-0.0119464	0.0119464	-0.0119464	0.0119464	-0.0119464	
0.0142876	-0.0142876	0.0142876	-0.0142876	0.0142876	-0.0142876	0.0142876	-0.0142876	
0.0166307	-0.0166307	0.0166307	-0.0166307	0.0166307	-0.0166307	0.0166307	-0.0166307	
0.0189748	-0.0189748	0.0189748	-0.0189748	0.0189748	-0.0189748	0.0189748	-0.0189748	
0.0213189	-0.0213189	0.0213189	-0.0213189	0.0213189	-0.0213189	0.0213189	-0.0213189	
0.0236621	-0.0236621	0.0236621	-0.0236621	0.0236621	-0.0236621	0.0236621	-0.0236621	
0.0260035	-0.0260035	0.0260035	-0.0260035	0.0260035	-0.0260035	0.0260035	-0.0260035	
0.0283421	-0.0283421	0.0283421	-0.0283421	0.0283421	-0.0283421	0.0283421	-0.0283421	
0.0306772	-0.0306772	0.0306772	-0.0306772	0.0306772	-0.0306772	0.0306772	-0.0306772	
0.0330077	-0.0330077	0.0330077	-0.0330077	0.0330077	-0.0330077	0.0330077	-0.0330077	
0.0353328	-0.0353328	0.0353328	-0.0353328	0.0353328	-0.0353328	0.0353328	-0.0353328	
0.0376516	-0.0376516	0.0376516	-0.0376516	0.0376516	-0.0376516	0.0376516	-0.0376516	
0.0399631	-0.0399631	0.0399631	-0.0399631	0.0399631	-0.0399631	0.0399631	-0.0399631	
0.0422665	-0.0422665	0.0422665	-0.0422665	0.0422665	-0.0422665	0.0422665	-0.0422665	
0.0445609	-0.0445609	0.0445609	-0.0445609	0.0445609	-0.0445609	0.0445609	-0.0445609	
0.0468455	-0.0468455	0.0468455	-0.0468455	0.0468455	-0.0468455	0.0468455	-0.0468455	
0.0491193	-0.0491193	0.0491193	-0.0491193	0.0491193	-0.0491193	0.0491193	-0.0491193	
0.0513814	-0.0513814	0.0513814	-0.0513814	0.0513814	-0.0513814	0.0513814	-0.0513814	
0.0536311	-0.0536311	0.0536311	-0.0536311	0.0536311	-0.0536311	0.0536311	-0.0536311	
0.0558675	-0.0558675	0.0558675	-0.0558675	0.0558675	-0.0558675	0.0558675	-0.0558675	
0.0580898	-0.0580898	0.0580898	-0.0580898	0.0580898	-0.0580898	0.0580898	-0.0580898	
0.060297	-0.060297	0.060297	-0.060297	0.060297	-0.060297	0.060297	-0.060297	
0.0624884	-0.0624884	0.0624884	-0.0624884	0.0624884	-0.0624884	0.0624884	-0.0624884	
0.0646631	-0.0646631	0.0646631	-0.0646631	0.0646631	-0.0646631	0.0646631	-0.0646631	
0.0668204	-0.0668204	0.0668204	-0.0668204	0.0668204	-0.0668204	0.0668204	-0.0668204	
0.0689594	-0.0689594	0.0689594	-0.0689594	0.0689594	-0.0689594	0.0689594	-0.0689594	
0.0710794	-0.0710794	0.0710794	-0.0710794	0.0710794	-0.0710794	0.0710794	-0.0710794	
0.0731795	-0.0731795	0.0731795	-0.0731795	0.0731795	-0.0731795	0.0731795	-0.0731795	
0.075259	-0.075259	0.075259	-0.075259	0.075259	-0.075259	0.075259	-0.075259	
0.077317	-0.077317	0.077317	-0.077317	0.077317	-0.077317	0.077317	-0.077317	
0.079353	-0.079353	0.079353	-0.079353	0.079353	-0.079353	0.079353	-0.079353	
0.081366	-0.081366	0.081366	-0.081366	0.081366	-0.081366	0.081366	-0.081366	
0.0833554	-0.0833554	0.0833554	-0.0833554	0.0833554	-0.0833554	0.0833554	-0.0833554	
0.0853205	-0.0853205	0.0853205	-0.0853205	0.0853205	-0.0853205	0.0853205	-0.0853205	
0.0872605	-0.0872605	0.0872605	-0.0872605	0.0872605	-0.0872605	0.0872605	-0.0872605	
0.0891747	-0.0891747	0.0891747	-0.0891747	0.0891747	-0.0891747	0.0891747	-0.0891747	
0.0910624	-0.0910624	0.0910624	-0.0910624	0.0910624	-0.0910624	0.0910624	-0.0910624	
0.092923	-0.092923	0.092923	-0.092923	0.092923	-0.092923	0.092923	-0.092923	
0.0947558	-0.0947558	0.0947558	-0.0947558	0.0947558	-0.0947558	0.0947558	-0.0947558	
0.0965601	-0.0965601	0.0965601	-0.0965601	0.0965601	-0.0965601	0.0965601	-0.0965601	
0.0983353	-0.0983353	0.0983353	-0.0983353	0.0983353	-0.0983353	0.0983353	-0.0983353	
0.100081	-0.100081	0.100081	-0.100081	0.100081	-0.100081	0.100081	-0.100081	
0.101796	-0.101796	0.101796	-0.101796	0.101796	-0.101796	0.101796	-0.101796	
0.10348	-0.10348	0.10348	-0.10348	0.10348	-0.10348	0.10348	-0.10348	
0.105132	-0.105132	0.105132	-0.105132	0.105132	-0.105132	0.105132	-0.105132	
0.106753	-0.106753	0.106753	-0.106753	0.106753	-0.106753	0.106753	-0.106753	
0.10834	-0.10834	0.10834	-0.10834	0.10834	-0.10834	0.10834	-0.10834	
0.109895	-0.109895	0.109895	-0.109895	0.109895	-0.109895	0.109895	-0.109895	
0.111415	-0.111415	0.111415	-0.111415	0.111415	-0.111415	0.111415	-0.111415	
0.112902	-0.112902	0.112902	-0.112902	0.112902	-0.112902	0.112902	-0.112902	
0.114353	-0.114353	0.114353	-0.114353	0.114353	-0.114353	0.114353	-0.114353	
0.115769	-0.115769	0.115769	-0.115769	0.115769	-0.115769	0.115769	-0.115769	
0.117149	-0.117149	0.117149	-0.117149	0.117149	-0.117149	0.117149	-0.117149	
0.118493	-0.118493	0.118493	-0.118493	0.118493	-0.118493	0.118493	-0.118493	
0.1198	-0.1198	0.1198	-0.1198	0.1198	-0.1198	0.1198	-0.1198	
0.12107	-0.12107	0.12107	-0.12107	0.12107	-0.12107	0.12107	-0.12107	
0.122303	-0.122303	0.122303	-0.122303	0.122303	-0.122303	0.122303	-0.122303	
0.123497	-0.123497	0.123497	-0.123497	0.123497	-0.123497	0.123497	-0.123497	
0.124653	-0.124653	0.124653	-0.124653	0.124653	-0.124653	0.124653	-0.124653	
0.12577	-0.12577	0.12577	-0.12577	0.12577	-0.12577	0.12577	-0.12577	
0.126848	-0.126848	0.126848	-0.126848	0.126848	-0.126848	0.126848	-0.126848	
0.127887	-0.127887	0.127887	-0.127887	0.127887	-0.127887	0.127887	-0.127887	
0.128885	-0.128885	0.128885	-0.128885	0.128885	-0.128885	0.128885	-0.128885	
0.129844	-0.129844	0.129844	-0.129844	0.129844	-0.129844	0.129844	-0.129844	
0.130762	-0.130762	0.130762	-0.130762	0.130762	-0.130762	0.130762	-0.130762	
0.131639	-0.131639	0.131639	-0.131639	0.131639	-0.131639	0.131639	-0.131639	
0.132475	-0.132475	0.132475	-0.132475	0.132475	-0.132475	0.132475	-0.132475	
0.13327	-0.13327	0.13327	-0.13327	0.13327	-0.13327	0.13327	-0.13327	
0.134024	-0.134024	0.134024	-0.134024	0.134024	-0.134024	0.134024	-0.134024	
0.134736	-0.134736	0.134736	-0.134736	0.134736	-0.134736	0.134736	-0.134736	
0.135405	-0.135405	0.135405	-0.135405	0.135405	-0.135405	0.135405	-0.135405	
0.136033	-0.136033	0.136033	-0.136033	0.136033	-0.136033	0.136033	-0.136033	
0.136618	-0.136618	0.136618	-0.136618	0.136618	-0.136618	0.136618	-0.136618	
0.137161	-0.137161	0.137161	-0.137161	0.137161	-0.137161	0.137161	-0.137161	
0.137662	-0.137662	0.137662	-0.137662	0.137662	-0.137662	0.137662	-0.137662	
0.138119	-0.138119	0.138119	-0.138119	0.138119	-0.138119	0.138119	-0.138119	
0.138534	-0.138534	0.138534	-0.138534	0.138534	-0.138534	0.138534	-0.138534	
0.138906	-0.138906	0.138906	-0.138906	0.138906	-0.138906	0.138906	-0.138906	
