# mu=0.3
# lamb=0
# N=14
# m=0
# dim=3432
# T=10
# dt=0.1

#<S_z>
0.5	-0.5	0.5	-0.5	0.5	-0.5	0.5	-0.5	0.5	-0.5	0.5	-0.5	0.5	-0.5	
0.495013	-0.495013	0.495013	-0.495013	0.495013	-0.495013	0.495013	-0.495013	0.495013	-0.495013	0.495013	-0.495013	0.495013	-0.495013	
0.480205	-0.480205	0.480205	-0.480205	0.480205	-0.480205	0.480205	-0.480205	0.480205	-0.480205	0.480205	-0.480205	0.480205	-0.480205	
0.456032	-0.456032	0.456032	-0.456032	0.456032	-0.456032	0.456032	-0.456032	0.456032	-0.456032	0.456032	-0.456032	0.456032	-0.456032	
0.423234	-0.423234	0.423234	-0.423234	0.423234	-0.423234	0.423234	-0.423234	0.423234	-0.423234	0.423234	-0.423234	0.423234	-0.423234	
0.382812	-0.382812	0.382812	-0.382812	0.382812	-0.382812	0.382812	-0.382812	0.382812	-0.382812	0.382812	-0.382812	0.382812	-0.382812	
0.335991	-0.335991	0.335991	-0.335991	0.335991	-0.335991	0.335991	-0.335991	0.335991	-0.335991	0.335991	-0.335991	0.335991	-0.335991	
0.284177	-0.284177	0.284177	-0.284177	0.284177	-0.284177	0.284177	-0.284177	0.284177	-0.284177	0.284177	-0.284177	0.284177	-0.284177	
0.228908	-0.228908	0.228908	-0.228908	0.228908	-0.228908	0.228908	-0.228908	0.228908	-0.228908	0.228908	-0.228908	0.228908	-0.228908	
0.171805	-0.171805	0.171805	-0.171805	0.171805	-0.171805	0.171805	-0.171805	0.171805	-0.171805	0.171805	-0.171805	0.171805	-0.171805	
0.114509	-0.114509	0.114509	-0.114509	0.114509	-0.114509	0.114509	-0.114509	0.114509	-0.114509	0.114509	-0.114509	0.114509	-0.114509	
0.0586363	-0.0586363	0.0586363	-0.0586363	0.0586363	-0.0586363	0.0586363	-0.0586363	0.0586363	-0.0586363	0.0586363	-0.0586363	0.0586363	-0.0586363	
0.00571601	-0.00571601	0.00571601	-0.00571601	0.00571601	-0.00571601	0.00571601	-0.00571601	0.00571601	-0.00571601	0.00571601	-0.00571601	0.00571601	-0.00571601	
-0.0428533	0.0428533	-0.0428533	0.0428533	-0.0428533	0.0428533	-0.0428533	0.0428533	-0.0428533	0.0428533	-0.0428533	0.0428533	-0.0428533	0.0428533	
-0.0858498	0.0858498	-0.0858498	0.0858498	-0.0858498	0.0858498	-0.0858498	0.0858498	-0.0858498	0.0858498	-0.0858498	0.0858498	-0.0858498	0.0858498	
-0.122264	0.122264	-0.122264	0.122264	-0.122264	0.122264	-0.122264	0.122264	-0.122264	0.122264	-0.122264	0.122264	-0.122264	0.122264	
-0.15133	0.15133	-0.15133	0.15133	-0.15133	0.15133	-0.15133	0.15133	-0.15133	0.15133	-0.15133	0.15133	-0.15133	0.15133	
-0.172539	0.172539	-0.172539	0.172539	-0.172539	0.172539	-0.172539	0.172539	-0.172539	0.172539	-0.172539	0.172539	-0.172539	0.172539	
-0.185657	0.185657	-0.185657	0.185657	-0.185657	0.185657	-0.185657	0.185657	-0.185657	0.185657	-0.185657	0.185657	-0.185657	0.185657	
-0.190719	0.190719	-0.190719	0.190719	-0.190719	0.190719	-0.190719	0.190719	-0.190719	0.190719	-0.190719	0.190719	-0.190719	0.190719	
-0.188024	0.188024	-0.188024	0.188024	-0.188024	0.188024	-0.188024	0.188024	-0.188024	0.188024	-0.188024	0.188024	-0.188024	0.188024	
-0.178115	0.178115	-0.178115	0.178115	-0.178115	0.178115	-0.178115	0.178115	-0.178115	0.178115	-0.178115	0.178115	-0.178115	0.178115	
-0.161752	0.161752	-0.161752	0.161752	-0.161752	0.161752	-0.161752	0.161752	-0.161752	0.161752	-0.161752	0.161752	-0.161752	0.161752	
-0.139881	0.139881	-0.139881	0.139881	-0.139881	0.139881	-0.139881	0.139881	-0.139881	0.139881	-0.139881	0.139881	-0.139881	0.139881	
-0.113597	0.113597	-0.113597	0.113597	-0.113597	0.113597	-0.113597	0.113597	-0.113597	0.113597	-0.113597	0.113597	-0.113597	0.113597	
-0.0840961	0.0840961	-0.0840961	0.0840961	-0.0840961	0.0840961	-0.0840961	0.0840961	-0.0840961	0.0840961	-0.0840961	0.0840961	-0.0840961	0.0840961	
-0.0526355	0.0526355	-0.0526355	0.0526355	-0.0526355	0.0526355	-0.0526355	0.0526355	-0.0526355	0.0526355	-0.0526355	0.0526355	-0.0526355	0.0526355	
-0.0204859	0.0204859	-0.0204859	0.0204859	-0.0204859	0.0204859	-0.0204859	0.0204859	-0.0204859	0.0204859	-0.0204859	0.0204859	-0.0204859	0.0204859	
0.0111133	-0.0111133	0.0111133	-0.0111133	0.0111133	-0.0111133	0.0111133	-0.0111133	0.0111133	-0.0111133	0.0111133	-0.0111133	0.0111133	-0.0111133	
0.0409962	-0.0409962	0.0409962	-0.0409962	0.0409962	-0.0409962	0.0409962	-0.0409962	0.0409962	-0.0409962	0.0409962	-0.0409962	0.0409962	-0.0409962	
0.0681086	-0.0681086	0.0681086	-0.0681086	0.0681086	-0.0681086	0.0681086	-0.0681086	0.0681086	-0.0681086	0.0681086	-0.0681086	0.0681086	-0.0681086	
0.0915413	-0.0915413	0.0915413	-0.0915413	0.0915413	-0.0915413	0.0915413	-0.0915413	0.0915413	-0.0915413	0.0915413	-0.0915413	0.0915413	-0.0915413	
0.110557	-0.110557	0.110557	-0.110557	0.110557	-0.110557	0.110557	-0.110557	0.110557	-0.110557	0.110557	-0.110557	0.110557	-0.110557	
0.124609	-0.124609	0.124609	-0.124609	0.124609	-0.124609	0.124609	-0.124609	0.124609	-0.124609	0.124609	-0.124609	0.124609	-0.124609	
0.133357	-0.133357	0.133357	-0.133357	0.133357	-0.133357	0.133357	-0.133357	0.133357	-0.133357	0.133357	-0.133357	0.133357	-0.133357	
0.136665	-0.136665	0.136665	-0.136665	0.136665	-0.136665	0.136665	-0.136665	0.136665	-0.136665	0.136665	-0.136665	0.136665	-0.136665	
0.134606	-0.134606	0.134606	-0.134606	0.134606	-0.134606	0.134606	-0.134606	0.134606	-0.134606	0.134606	-0.134606	0.134606	-0.134606	
0.127444	-0.127444	0.127444	-0.127444	0.127444	-0.127444	0.127444	-0.127444	0.127444	-0.127444	0.127444	-0.127444	0.127444	-0.127444	
0.115623	-0.115623	0.115623	-0.115623	0.115623	-0.115623	0.115623	-0.115623	0.115623	-0.115623	0.115623	-0.115623	0.115623	-0.115623	
0.0997399	-0.0997399	0.0997399	-0.0997399	0.0997399	-0.0997399	0.0997399	-0.0997399	0.0997399	-0.0997399	0.0997399	-0.0997399	0.0997399	-0.0997399	
0.0805163	-0.0805163	0.0805163	-0.0805163	0.0805163	-0.0805163	0.0805163	-0.0805163	0.0805163	-0.0805163	0.0805163	-0.0805163	0.0805163	-0.0805163	
0.0587688	-0.0587688	0.0587688	-0.0587688	0.0587688	-0.0587688	0.0587688	-0.0587688	0.0587688	-0.0587688	0.0587688	-0.0587688	0.0587688	-0.0587688	
0.0353738	-0.0353738	0.0353738	-0.0353738	0.0353738	-0.0353738	0.0353738	-0.0353738	0.0353738	-0.0353738	0.0353738	-0.0353738	0.0353738	-0.0353738	
0.011232	-0.011232	0.011232	-0.011232	0.011232	-0.011232	0.011232	-0.011232	0.011232	-0.011232	0.011232	-0.011232	0.011232	-0.011232	
-0.0127664	0.0127664	-0.0127664	0.0127664	-0.0127664	0.0127664	-0.0127664	0.0127664	-0.0127664	0.0127664	-0.0127664	0.0127664	-0.0127664	0.0127664	
-0.0357748	0.0357748	-0.0357748	0.0357748	-0.0357748	0.0357748	-0.0357748	0.0357748	-0.0357748	0.0357748	-0.0357748	0.0357748	-0.0357748	0.0357748	
-0.0570214	0.0570214	-0.0570214	0.0570214	-0.0570214	0.0570214	-0.0570214	0.0570214	-0.0570214	0.0570214	-0.0570214	0.0570214	-0.0570214	0.0570214	
-0.0758358	0.0758358	-0.0758358	0.0758358	-0.0758358	0.0758358	-0.0758358	0.0758358	-0.0758358	0.0758358	-0.0758358	0.0758358	-0.0758358	0.0758358	
-0.0916715	0.0916715	-0.0916715	0.0916715	-0.0916715	0.0916715	-0.0916715	0.0916715	-0.0916715	0.0916715	-0.0916715	0.0916715	-0.0916715	0.0916715	
-0.104122	0.104122	-0.104122	0.104122	-0.104122	0.104122	-0.104122	0.104122	-0.104122	0.104122	-0.104122	0.104122	-0.104122	0.104122	
-0.112934	0.112934	-0.112934	0.112934	-0.112934	0.112934	-0.112934	0.112934	-0.112934	0.112934	-0.112934	0.112934	-0.112934	0.112934	
-0.118008	0.118008	-0.118008	0.118008	-0.118008	0.118008	-0.118008	0.118008	-0.118008	0.118008	-0.118008	0.118008	-0.118008	0.118008	
-0.119401	0.119401	-0.119401	0.119401	-0.119401	0.119401	-0.119401	0.119401	-0.119401	0.119401	-0.119401	0.119401	-0.119401	0.119401	
-0.117319	0.117319	-0.117319	0.117319	-0.117319	0.117319	-0.117319	0.117319	-0.117319	0.117319	-0.117319	0.117319	-0.117319	0.117319	
-0.112103	0.112103	-0.112103	0.112103	-0.112103	0.112103	-0.112103	0.112103	-0.112103	0.112103	-0.112103	0.112103	-0.112103	0.112103	
-0.104212	0.104212	-0.104212	0.104212	-0.104212	0.104212	-0.104212	0.104212	-0.104212	0.104212	-0.104212	0.104212	-0.104212	0.104212	
-0.0942007	0.0942007	-0.0942007	0.0942007	-0.0942007	0.0942007	-0.0942007	0.0942007	-0.0942007	0.0942007	-0.0942007	0.0942007	-0.0942007	0.0942007	
-0.0826968	0.0826968	-0.0826968	0.0826968	-0.0826968	0.0826968	-0.0826968	0.0826968	-0.0826968	0.0826968	-0.0826968	0.0826968	-0.0826968	0.0826968	
-0.0703727	0.0703727	-0.0703727	0.0703727	-0.0703727	0.0703727	-0.0703727	0.0703727	-0.0703727	0.0703727	-0.0703727	0.0703727	-0.0703727	0.0703727	
-0.0579178	0.0579178	-0.0579178	0.0579178	-0.0579178	0.0579178	-0.0579178	0.0579178	-0.0579178	0.0579178	-0.0579178	0.0579178	-0.0579178	0.0579178	
-0.0460105	0.0460105	-0.0460105	0.0460105	-0.0460105	0.0460105	-0.0460105	0.0460105	-0.0460105	0.0460105	-0.0460105	0.0460105	-0.0460105	0.0460105	
-0.0352912	0.0352912	-0.0352912	0.0352912	-0.0352912	0.0352912	-0.0352912	0.0352912	-0.0352912	0.0352912	-0.0352912	0.0352912	-0.0352912	0.0352912	
-0.0263372	0.0263372	-0.0263372	0.0263372	-0.0263372	0.0263372	-0.0263372	0.0263372	-0.0263372	0.0263372	-0.0263372	0.0263372	-0.0263372	0.0263372	
-0.0196406	0.0196406	-0.0196406	0.0196406	-0.0196406	0.0196406	-0.0196406	0.0196406	-0.0196406	0.0196406	-0.0196406	0.0196406	-0.0196406	0.0196406	
-0.0155897	0.0155897	-0.0155897	0.0155897	-0.0155897	0.0155897	-0.0155897	0.0155897	-0.0155897	0.0155897	-0.0155897	0.0155897	-0.0155897	0.0155897	
-0.014455	0.014455	-0.014455	0.014455	-0.014455	0.014455	-0.014455	0.014455	-0.014455	0.014455	-0.014455	0.014455	-0.014455	0.014455	
-0.0163795	0.0163795	-0.0163795	0.0163795	-0.0163795	0.0163795	-0.0163795	0.0163795	-0.0163795	0.0163795	-0.0163795	0.0163795	-0.0163795	0.0163795	
-0.0213744	0.0213744	-0.0213744	0.0213744	-0.0213744	0.0213744	-0.0213744	0.0213744	-0.0213744	0.0213744	-0.0213744	0.0213744	-0.0213744	0.0213744	
-0.0293196	0.0293196	-0.0293196	0.0293196	-0.0293196	0.0293196	-0.0293196	0.0293196	-0.0293196	0.0293196	-0.0293196	0.0293196	-0.0293196	0.0293196	
-0.0399691	0.0399691	-0.0399691	0.0399691	-0.0399691	0.0399691	-0.0399691	0.0399691	-0.0399691	0.0399691	-0.0399691	0.0399691	-0.0399691	0.0399691	
-0.0529616	0.0529616	-0.0529616	0.0529616	-0.0529616	0.0529616	-0.0529616	0.0529616	-0.0529616	0.0529616	-0.0529616	0.0529616	-0.0529616	0.0529616	
-0.0678347	0.0678347	-0.0678347	0.0678347	-0.0678347	0.0678347	-0.0678347	0.0678347	-0.0678347	0.0678347	-0.0678347	0.0678347	-0.0678347	0.0678347	
-0.0840432	0.0840432	-0.0840432	0.0840432	-0.0840432	0.0840432	-0.0840432	0.0840432	-0.0840432	0.0840432	-0.0840432	0.0840432	-0.0840432	0.0840432	
-0.10098	0.10098	-0.10098	0.10098	-0.10098	0.10098	-0.10098	0.10098	-0.10098	0.10098	-0.10098	0.10098	-0.10098	0.10098	
-0.117999	0.117999	-0.117999	0.117999	-0.117999	0.117999	-0.117999	0.117999	-0.117999	0.117999	-0.117999	0.117999	-0.117999	0.117999	
-0.13444	0.13444	-0.13444	0.13444	-0.13444	0.13444	-0.13444	0.13444	-0.13444	0.13444	-0.13444	0.13444	-0.13444	0.13444	
-0.149653	0.149653	-0.149653	0.149653	-0.149653	0.149653	-0.149653	0.149653	-0.149653	0.149653	-0.149653	0.149653	-0.149653	0.149653	
-0.163022	0.163022	-0.163022	0.163022	-0.163022	0.163022	-0.163022	0.163022	-0.163022	0.163022	-0.163022	0.163022	-0.163022	0.163022	
-0.173988	0.173988	-0.173988	0.173988	-0.173988	0.173988	-0.173988	0.173988	-0.173988	0.173988	-0.173988	0.173988	-0.173988	0.173988	
-0.182068	0.182068	-0.182068	0.182068	-0.182068	0.182068	-0.182068	0.182068	-0.182068	0.182068	-0.182068	0.182068	-0.182068	0.182068	
-0.186876	0.186876	-0.186876	0.186876	-0.186876	0.186876	-0.186876	0.186876	-0.186876	0.186876	-0.186876	0.186876	-0.186876	0.186876	
-0.188133	0.188133	-0.188133	0.188133	-0.188133	0.188133	-0.188133	0.188133	-0.188133	0.188133	-0.188133	0.188133	-0.188133	0.188133	
-0.185676	0.185676	-0.185676	0.185676	-0.185676	0.185676	-0.185676	0.185676	-0.185676	0.185676	-0.185676	0.185676	-0.185676	0.185676	
-0.179468	0.179468	-0.179468	0.179468	-0.179468	0.179468	-0.179468	0.179468	-0.179468	0.179468	-0.179468	0.179468	-0.179468	0.179468	
-0.169595	0.169595	-0.169595	0.169595	-0.169595	0.169595	-0.169595	0.169595	-0.169595	0.169595	-0.169595	0.169595	-0.169595	0.169595	
-0.156266	0.156266	-0.156266	0.156266	-0.156266	0.156266	-0.156266	0.156266	-0.156266	0.156266	-0.156266	0.156266	-0.156266	0.156266	
-0.139801	0.139801	-0.139801	0.139801	-0.139801	0.139801	-0.139801	0.139801	-0.139801	0.139801	-0.139801	0.139801	-0.139801	0.139801	
-0.120623	0.120623	-0.120623	0.120623	-0.120623	0.120623	-0.120623	0.120623	-0.120623	0.120623	-0.120623	0.120623	-0.120623	0.120623	
-0.0992442	0.0992442	-0.0992442	0.0992442	-0.0992442	0.0992442	-0.0992442	0.0992442	-0.0992442	0.0992442	-0.0992442	0.0992442	-0.0992442	0.0992442	
-0.0762441	0.0762441	-0.0762441	0.0762441	-0.0762441	0.0762441	-0.0762441	0.0762441	-0.0762441	0.0762441	-0.0762441	0.0762441	-0.0762441	0.0762441	
-0.0522528	0.0522528	-0.0522528	0.0522528	-0.0522528	0.0522528	-0.0522528	0.0522528	-0.0522528	0.0522528	-0.0522528	0.0522528	-0.0522528	0.0522528	
-0.0279293	0.0279293	-0.0279293	0.0279293	-0.0279293	0.0279293	-0.0279293	0.0279293	-0.0279293	0.0279293	-0.0279293	0.0279293	-0.0279293	0.0279293	
-0.00393886	0.00393886	-0.00393886	0.00393886	-0.00393886	0.00393886	-0.00393886	0.00393886	-0.00393886	0.00393886	-0.00393886	0.00393886	-0.00393886	0.00393886	
0.0190684	-0.0190684	0.0190684	-0.0190684	0.0190684	-0.0190684	0.0190684	-0.0190684	0.0190684	-0.0190684	0.0190684	-0.0190684	0.0190684	-0.0190684	
0.0404789	-0.0404789	0.0404789	-0.0404789	0.0404789	-0.0404789	0.0404789	-0.0404789	0.0404789	-0.0404789	0.0404789	-0.0404789	0.0404789	-0.0404789	
0.0597345	-0.0597345	0.0597345	-0.0597345	0.0597345	-0.0597345	0.0597345	-0.0597345	0.0597345	-0.0597345	0.0597345	-0.0597345	0.0597345	-0.0597345	
0.0763508	-0.0763508	0.0763508	-0.0763508	0.0763508	-0.0763508	0.0763508	-0.0763508	0.0763508	-0.0763508	0.0763508	-0.0763508	0.0763508	-0.0763508	
0.089931	-0.089931	0.089931	-0.089931	0.089931	-0.089931	0.089931	-0.089931	0.089931	-0.089931	0.089931	-0.089931	0.089931	-0.089931	
0.100178	-0.100178	0.100178	-0.100178	0.100178	-0.100178	0.100178	-0.100178	0.100178	-0.100178	0.100178	-0.100178	0.100178	-0.100178	
0.106901	-0.106901	0.106901	-0.106901	0.106901	-0.106901	0.106901	-0.106901	0.106901	-0.106901	0.106901	-0.106901	0.106901	-0.106901	
0.110023	-0.110023	0.110023	-0.110023	0.110023	-0.110023	0.110023	-0.110023	0.110023	-0.110023	0.110023	-0.110023	0.110023	-0.110023	
0.109577	-0.109577	0.109577	-0.109577	0.109577	-0.109577	0.109577	-0.109577	0.109577	-0.109577	0.109577	-0.109577	0.109577	-0.109577	
