# mu=0.3
# lamb=0
# N=6
# m=0
# dim=20
# T=10
# dt=0.1

#<S_z>
0.5	0.5	-0.5	0.5	-0.5	-0.5	
0.497503	0.497505	-0.495011	0.495011	-0.497505	-0.497503	
0.490053	0.490075	-0.480177	0.480177	-0.490075	-0.490053	
0.477768	0.477876	-0.455893	0.455893	-0.477876	-0.477768	
0.460845	0.461179	-0.422805	0.422805	-0.461179	-0.460845	
0.439558	0.440351	-0.381789	0.381789	-0.440351	-0.439558	
0.414254	0.415842	-0.333932	0.333932	-0.415842	-0.414254	
0.385355	0.388172	-0.280494	0.280494	-0.388172	-0.385355	
0.353346	0.357913	-0.222878	0.222878	-0.357913	-0.353346	
0.318777	0.325674	-0.162588	0.162588	-0.325674	-0.318777	
0.282252	0.292076	-0.101185	0.101185	-0.292076	-0.282252	
0.244426	0.25774	-0.0402498	0.0402498	-0.25774	-0.244426	
0.205993	0.223261	0.0186688	-0.0186688	-0.223261	-0.205993	
0.167674	0.189196	0.0740896	-0.0740896	-0.189196	-0.167674	
0.13021	0.156047	0.124642	-0.124642	-0.156047	-0.13021	
0.0943475	0.124244	0.169101	-0.169101	-0.124244	-0.0943475	
0.0608204	0.0941425	0.20642	-0.20642	-0.0941425	-0.0608204	
0.03034	0.0660073	0.235754	-0.235754	-0.0660073	-0.03034	
0.00357626	0.0400155	0.256481	-0.256481	-0.0400155	-0.00357626	
-0.0188579	0.016254	0.268215	-0.268215	-0.016254	0.0188579	
-0.0364229	-0.00527698	0.270813	-0.270813	0.00527698	0.0364229	
-0.0486681	-0.0246564	0.264368	-0.264368	0.0246564	0.0486681	
-0.0552466	-0.0420331	0.24921	-0.24921	0.0420331	0.0552466	
-0.0559285	-0.057613	0.225883	-0.225883	0.057613	0.0559285	
-0.050612	-0.071645	0.19513	-0.19513	0.071645	0.050612	
-0.0393319	-0.0844049	0.157866	-0.157866	0.0844049	0.0393319	
-0.0222653	-0.0961792	0.115148	-0.115148	0.0961792	0.0222653	
0.000266022	-0.107249	0.068143	-0.068143	0.107249	-0.000266022	
0.0277971	-0.117872	0.0180905	-0.0180905	0.117872	-0.0277971	
0.0597252	-0.128272	-0.0337301	0.0337301	0.128272	-0.0597252	
0.0953187	-0.138624	-0.0860379	0.0860379	0.138624	-0.0953187	
0.13373	-0.149044	-0.137585	0.137585	0.149044	-0.13373	
0.174014	-0.159582	-0.187189	0.187189	0.159582	-0.174014	
0.215145	-0.17022	-0.233762	0.233762	0.17022	-0.215145	
0.256043	-0.180871	-0.276341	0.276341	0.180871	-0.256043	
0.2956	-0.19138	-0.314102	0.314102	0.19138	-0.2956	
0.332704	-0.201533	-0.346384	0.346384	0.201533	-0.332704	
0.366272	-0.211064	-0.372694	0.372694	0.211064	-0.366272	
0.395277	-0.219668	-0.392717	0.392717	0.219668	-0.395277	
0.418779	-0.227017	-0.406316	0.406316	0.227017	-0.418779	
0.435949	-0.232773	-0.413524	0.413524	0.232773	-0.435949	
0.446099	-0.236605	-0.414537	0.414537	0.236605	-0.446099	
0.448703	-0.238209	-0.4097	0.4097	0.238209	-0.448703	
0.443413	-0.237319	-0.39949	0.39949	0.237319	-0.443413	
0.430077	-0.233729	-0.384491	0.384491	0.233729	-0.430077	
0.408748	-0.227299	-0.365378	0.365378	0.227299	-0.408748	
0.379686	-0.217972	-0.342887	0.342887	0.217972	-0.379686	
0.343356	-0.205777	-0.317794	0.317794	0.205777	-0.343356	
0.300423	-0.190835	-0.290892	0.290892	0.190835	-0.300423	
0.251734	-0.173362	-0.262962	0.262962	0.173362	-0.251734	
0.198304	-0.153662	-0.234762	0.234762	0.153662	-0.198304	
0.141286	-0.132122	-0.206997	0.206997	0.132122	-0.141286	
0.0819448	-0.109203	-0.180313	0.180313	0.109203	-0.0819448	
0.0216252	-0.0854246	-0.15528	0.15528	0.0854246	-0.0216252	
-0.0382861	-0.0613495	-0.132382	0.132382	0.0613495	0.0382861	
-0.0963966	-0.0375676	-0.112012	0.112012	0.0375676	0.0963966	
-0.151346	-0.0146751	-0.0944718	0.0944718	0.0146751	0.151346	
-0.201846	0.0067446	-0.0799698	0.0799698	-0.0067446	0.201846	
-0.246712	0.0261403	-0.068625	0.068625	-0.0261403	0.246712	
-0.284902	0.043012	-0.0604732	0.0604732	-0.043012	0.284902	
-0.315541	0.056927	-0.0554741	0.0554741	-0.056927	0.315541	
-0.337951	0.0675358	-0.0535211	0.0535211	-0.0675358	0.337951	
-0.351667	0.0745826	-0.0544503	0.0544503	-0.0745826	0.351667	
-0.356449	0.0779152	-0.058052	0.058052	-0.0779152	0.356449	
-0.352295	0.0774891	-0.0640802	0.0640802	-0.0774891	0.352295	
-0.339431	0.0733695	-0.0722626	0.0722626	-0.0733695	0.339431	
-0.318314	0.0657281	-0.0823098	0.0823098	-0.0657281	0.318314	
-0.289611	0.0548377	-0.0939227	0.0939227	-0.0548377	0.289611	
-0.254182	0.0410618	-0.106799	0.106799	-0.0410618	0.254182	
-0.213052	0.0248423	-0.120637	0.120637	-0.0248423	0.213052	
-0.167381	0.0066838	-0.135142	0.135142	-0.0066838	0.167381	
-0.118433	-0.0128637	-0.150024	0.150024	0.0128637	0.118433	
-0.0675308	-0.033224	-0.165	0.165	0.033224	0.0675308	
-0.016023	-0.0538138	-0.179796	0.179796	0.0538138	0.016023	
0.0347579	-0.0740629	-0.194142	0.194142	0.0740629	-0.0347579	
0.0835341	-0.0934324	-0.207774	0.207774	0.0934324	-0.0835341	
0.129119	-0.111433	-0.220429	0.220429	0.111433	-0.129119	
0.17045	-0.127638	-0.231848	0.231848	0.127638	-0.17045	
0.206618	-0.141699	-0.241774	0.241774	0.141699	-0.206618	
0.236889	-0.153353	-0.249952	0.249952	0.153353	-0.236889	
0.260725	-0.162429	-0.256132	0.256132	0.162429	-0.260725	
0.27779	-0.168853	-0.260075	0.260075	0.168853	-0.27779	
0.287959	-0.172639	-0.261551	0.261551	0.172639	-0.287959	
0.291313	-0.173894	-0.260353	0.260353	0.173894	-0.291313	
0.288128	-0.172804	-0.256299	0.256299	0.172804	-0.288128	
0.278862	-0.169621	-0.249242	0.249242	0.169621	-0.278862	
0.264136	-0.164656	-0.239078	0.239078	0.164656	-0.264136	
0.244702	-0.158257	-0.225756	0.225756	0.158257	-0.244702	
0.221421	-0.150795	-0.209284	0.209284	0.150795	-0.221421	
0.195223	-0.142647	-0.189738	0.189738	0.142647	-0.195223	
0.167084	-0.134177	-0.167265	0.167265	0.134177	-0.167084	
0.137982	-0.125723	-0.142093	0.142093	0.125723	-0.137982	
0.108872	-0.117576	-0.114527	0.114527	0.117576	-0.108872	
0.0806517	-0.109974	-0.0849498	0.0849498	0.109974	-0.0806517	
0.0541335	-0.103089	-0.0538211	0.0538211	0.103089	-0.0541335	
0.0300237	-0.0970181	-0.0216678	0.0216678	0.0970181	-0.0300237	
0.0089012	-0.0917835	0.0109234	-0.0109234	0.0917835	-0.0089012	
-0.00879528	-0.0873294	0.0433188	-0.0433188	0.0873294	0.00879528	
-0.0227758	-0.0835266	0.0748521	-0.0748521	0.0835266	0.0227758	
-0.0329017	-0.0801788	0.104842	-0.104842	0.0801788	0.0329017	
-0.0391826	-0.0770328	0.132609	-0.132609	0.0770328	0.0391826	
-0.0417678	-0.0737904	0.157498	-0.157498	0.0737904	0.0417678	
