# mu=5
# lamb=0
# N=24
# m=18
# dim=2024
# T=40
# dt=0.1

#<S_z>
0.5	0.5	0.5	0.5	0.5	0.5	0.5	0.5	-0.5	-0.5	0.5	0.5	0.5	0.5	-0.5	0.5	0.5	0.5	0.5	0.5	0.5	0.5	0.5	0.5	
0.5	0.5	0.5	0.5	0.5	0.5	0.499998	0.497556	-0.497555	-0.497555	0.497556	0.499998	0.499998	0.497506	-0.495009	0.497506	0.499998	0.5	0.5	0.5	0.5	0.5	0.5	0.5	
0.5	0.5	0.5	0.5	0.5	0.5	0.499976	0.490872	-0.490849	-0.490849	0.490872	0.499976	0.499975	0.4901	-0.480149	0.4901	0.499975	0.5	0.5	0.5	0.5	0.5	0.5	0.5	
0.5	0.5	0.5	0.5	0.5	0.5	0.49989	0.481699	-0.481589	-0.481589	0.481699	0.499889	0.499875	0.478002	-0.455753	0.478002	0.499875	0.5	0.5	0.5	0.5	0.5	0.5	0.5	
0.5	0.5	0.5	0.5	0.5	0.499998	0.499687	0.47238	-0.472066	-0.472066	0.47238	0.499685	0.499609	0.461574	-0.422365	0.461574	0.499611	0.499998	0.5	0.5	0.5	0.5	0.5	0.5	
0.5	0.5	0.5	0.5	0.5	0.499995	0.499336	0.465175	-0.464506	-0.464506	0.465175	0.499329	0.499058	0.441306	-0.380726	0.441306	0.499063	0.499993	0.5	0.5	0.5	0.5	0.5	0.5	
0.5	0.5	0.5	0.5	0.5	0.499986	0.49884	0.461644	-0.46047	-0.46047	0.461644	0.498821	0.49808	0.417802	-0.331753	0.417803	0.498093	0.499981	0.5	0.5	0.5	0.5	0.5	0.5	
0.5	0.5	0.5	0.5	0.5	0.499969	0.498247	0.462254	-0.46047	-0.46047	0.462253	0.498199	0.496514	0.391761	-0.276515	0.391762	0.496544	0.499952	0.5	0.5	0.5	0.5	0.5	0.5	
0.5	0.5	0.5	0.5	0.499999	0.499941	0.497637	0.466339	-0.463916	-0.463915	0.466337	0.497532	0.494194	0.363953	-0.216203	0.363956	0.494252	0.499895	0.499999	0.5	0.5	0.5	0.5	0.5	
0.5	0.5	0.5	0.5	0.499998	0.499899	0.497096	0.472384	-0.469378	-0.469376	0.472381	0.496889	0.490957	0.335198	-0.152096	0.335205	0.491053	0.499792	0.499997	0.5	0.5	0.5	0.5	0.5	
0.5	0.5	0.5	0.5	0.499997	0.499842	0.496693	0.478531	-0.475062	-0.475059	0.478524	0.49631	0.48665	0.30634	-0.0855298	0.306355	0.486797	0.499617	0.499994	0.5	0.5	0.5	0.5	0.5	
0.5	0.5	0.5	0.5	0.499994	0.499769	0.496446	0.483136	-0.479344	-0.479337	0.483121	0.495783	0.481144	0.278221	-0.0178607	0.278251	0.48135	0.49934	0.499987	0.5	0.5	0.5	0.5	0.5	
0.5	0.5	0.5	0.5	0.499989	0.499682	0.496321	0.485193	-0.481185	-0.481169	0.485165	0.495228	0.47434	0.251655	0.0495717	0.251708	0.474608	0.498919	0.499975	0.5	0.5	0.5	0.5	0.5	
0.5	0.5	0.5	0.5	0.499983	0.499582	0.496238	0.484526	-0.480328	-0.480295	0.484474	0.494512	0.466172	0.227407	0.115478	0.227491	0.466501	0.498308	0.499953	0.499999	0.5	0.5	0.5	0.5	
0.5	0.5	0.5	0.499999	0.499973	0.499467	0.496094	0.481706	-0.477239	-0.477178	0.481615	0.493467	0.456617	0.206166	0.178651	0.206292	0.457004	0.49745	0.499918	0.499998	0.5	0.5	0.5	0.5	
0.5	0.5	0.5	0.499999	0.49996	0.499335	0.495797	0.477758	-0.472848	-0.472741	0.477607	0.491931	0.445693	0.188531	0.237996	0.188706	0.446135	0.496283	0.499862	0.499997	0.5	0.5	0.5	0.5	
0.5	0.5	0.5	0.499998	0.499942	0.499183	0.495293	0.473787	-0.468202	-0.468024	0.473547	0.489776	0.433462	0.174988	0.292558	0.175216	0.433968	0.49474	0.499775	0.499994	0.5	0.5	0.5	0.5	
0.5	0.5	0.5	0.499997	0.499919	0.499002	0.494588	0.470646	-0.464151	-0.463865	0.470274	0.486927	0.420034	0.165896	0.341541	0.166184	0.420623	0.492749	0.499647	0.499989	0.5	0.5	0.5	0.5	
0.5	0.5	0.5	0.499995	0.499889	0.498788	0.493741	0.468742	-0.461154	-0.460715	0.468187	0.483368	0.405567	0.161478	0.384325	0.161832	0.406276	0.490238	0.499462	0.499982	0.5	0.5	0.5	0.5	
0.5	0.5	0.5	0.499992	0.499851	0.498535	0.492851	0.468029	-0.459257	-0.458605	0.467223	0.479118	0.390272	0.161814	0.420474	0.162248	0.391149	0.487135	0.499202	0.499969	0.499999	0.5	0.5	0.5	
0.5	0.5	0.5	0.499988	0.499803	0.498242	0.492024	0.468144	-0.458199	-0.457255	0.467001	0.474207	0.374409	0.166838	0.449748	0.167376	0.375508	0.483374	0.498844	0.49995	0.499999	0.5	0.5	0.5	
0.5	0.5	0.499999	0.499982	0.499744	0.497911	0.491345	0.46861	-0.45759	-0.456256	0.467021	0.468643	0.358291	0.176346	0.472093	0.177026	0.359656	0.478895	0.498364	0.499922	0.499997	0.5	0.5	0.5	
0.5	0.5	0.499999	0.499975	0.499671	0.497547	0.490861	0.469031	-0.457083	-0.455233	0.466858	0.462393	0.342266	0.190008	0.487643	0.190881	0.343927	0.47365	0.49773	0.49988	0.499996	0.5	0.5	0.5	
0.5	0.5	0.499998	0.499965	0.499583	0.497159	0.490573	0.469196	-0.456474	-0.453952	0.466268	0.455379	0.326711	0.207383	0.496703	0.208505	0.328673	0.467608	0.496909	0.499821	0.499993	0.5	0.5	0.5	
0.5	0.5	0.499997	0.499953	0.499479	0.496756	0.490444	0.46909	-0.455721	-0.452334	0.465202	0.447496	0.312006	0.227937	0.499738	0.229365	0.314253	0.46075	0.495865	0.499736	0.499989	0.5	0.5	0.5	
0.5	0.5	0.499996	0.499936	0.499356	0.496346	0.490422	0.468817	-0.45488	-0.450398	0.463726	0.438632	0.29852	0.251065	0.497351	0.252842	0.301027	0.453084	0.494556	0.49962	0.499982	0.499999	0.5	0.5	
0.5	0.5	0.499994	0.499915	0.499215	0.495935	0.490458	0.468492	-0.454024	-0.448175	0.461922	0.428704	0.286591	0.276107	0.490259	0.278259	0.289338	0.444637	0.492942	0.499461	0.499972	0.499999	0.5	0.5	
0.5	0.5	0.499992	0.499889	0.499054	0.495527	0.490522	0.468156	-0.453166	-0.445644	0.459801	0.417674	0.276517	0.302367	0.479266	0.304899	0.279504	0.435461	0.490978	0.49925	0.499958	0.499998	0.5	0.5	
0.5	0.499999	0.499989	0.499857	0.498873	0.495123	0.490608	0.467744	-0.452236	-0.4427	0.457273	0.405558	0.268547	0.329134	0.465237	0.332026	0.271805	0.425635	0.488622	0.498972	0.499938	0.499997	0.5	0.5	
0.5	0.499999	0.499984	0.499817	0.498671	0.494723	0.490727	0.467119	-0.451106	-0.439182	0.454174	0.392424	0.262888	0.355693	0.449067	0.358914	0.266476	0.415264	0.485831	0.498611	0.49991	0.499996	0.5	0.5	
0.5	0.499999	0.499978	0.499769	0.498448	0.49433	0.490893	0.466133	-0.449647	-0.434926	0.450328	0.378373	0.259694	0.381354	0.431654	0.384866	0.263695	0.404479	0.482567	0.498149	0.49987	0.499994	0.5	0.5	
0.5	0.499998	0.499971	0.499712	0.498205	0.493947	0.491113	0.464698	-0.447779	-0.429821	0.44561	0.363529	0.259075	0.405466	0.413865	0.409236	0.263576	0.393433	0.478795	0.497565	0.499816	0.49999	0.5	0.5	
0.5	0.499997	0.499962	0.499644	0.497942	0.493579	0.491374	0.462819	-0.445507	-0.423835	0.439985	0.348028	0.261081	0.427443	0.396519	0.431446	0.266166	0.382303	0.474489	0.496837	0.499743	0.499985	0.499999	0.5	
0.5	0.499996	0.49995	0.499564	0.497658	0.493235	0.491651	0.460586	-0.442901	-0.417012	0.433502	0.332014	0.2657	0.446784	0.380356	0.451006	0.27144	0.371281	0.469628	0.49594	0.499646	0.499978	0.499999	0.5	
0.5	0.499995	0.499935	0.499472	0.497356	0.492922	0.491912	0.458121	-0.440062	-0.409435	0.426248	0.315644	0.272843	0.463092	0.366021	0.467522	0.279302	0.360575	0.464203	0.494847	0.499519	0.499968	0.499998	0.5	
0.5	0.499993	0.499916	0.499366	0.497038	0.492646	0.49213	0.455517	-0.437065	-0.401178	0.418306	0.299095	0.282349	0.476085	0.35405	0.480712	0.289585	0.350402	0.458218	0.493529	0.499353	0.499955	0.499998	0.5	
0.499999	0.49999	0.499894	0.499246	0.496705	0.492411	0.492294	0.45279	-0.433922	-0.392273	0.409707	0.282561	0.293981	0.485604	0.344854	0.490406	0.302055	0.340979	0.451688	0.491958	0.499141	0.499936	0.499996	0.5	
0.499999	0.499986	0.499866	0.499109	0.496362	0.492222	0.492407	0.449872	-0.430574	-0.382703	0.400424	0.266246	0.307443	0.491611	0.338718	0.49655	0.316418	0.332522	0.444643	0.490103	0.498871	0.49991	0.499995	0.5	
0.499999	0.499982	0.499833	0.498957	0.496012	0.492078	0.492484	0.446634	-0.426913	-0.372419	0.390393	0.250354	0.322395	0.494183	0.335792	0.499206	0.332328	0.325238	0.43713	0.487935	0.498532	0.499875	0.499992	0.5	
0.499998	0.499976	0.499794	0.498787	0.495658	0.491981	0.492538	0.442943	-0.422824	-0.36137	0.379551	0.235077	0.338468	0.493504	0.336097	0.498544	0.349396	0.319316	0.429211	0.485427	0.49811	0.49983	0.499989	0.499999	
0.499997	0.499969	0.499747	0.4986	0.495305	0.491931	0.492565	0.438713	-0.418225	-0.349542	0.367881	0.22058	0.355274	0.489854	0.339529	0.494832	0.367203	0.314924	0.420964	0.482553	0.49759	0.49977	0.499984	0.499999	
0.499996	0.499961	0.499693	0.498397	0.494957	0.491928	0.49254	0.433938	-0.413088	-0.336976	0.355428	0.207007	0.372416	0.483595	0.34587	0.488427	0.385311	0.312202	0.412483	0.47929	0.496956	0.499692	0.499977	0.499998	
0.499995	0.49995	0.499629	0.498176	0.494619	0.491972	0.492413	0.428685	-0.407435	-0.323763	0.342302	0.19448	0.389487	0.475156	0.354801	0.479758	0.403276	0.311255	0.403878	0.475621	0.49619	0.499591	0.499968	0.499998	
0.499993	0.499936	0.499556	0.497939	0.494296	0.492059	0.492116	0.423063	-0.401311	-0.310028	0.328648	0.183109	0.406074	0.465017	0.365917	0.469312	0.420663	0.312152	0.39527	0.471533	0.495272	0.499463	0.499955	0.499997	
0.499991	0.49992	0.499472	0.497686	0.493991	0.492183	0.491583	0.417178	-0.394748	-0.295901	0.314619	0.172999	0.421765	0.453695	0.37875	0.45761	0.437058	0.314918	0.386793	0.46702	0.494181	0.499301	0.499939	0.499995	
0.499988	0.499901	0.499377	0.49742	0.493709	0.492332	0.490758	0.411091	-0.387736	-0.281497	0.30034	0.164248	0.436167	0.441722	0.392788	0.445195	0.452081	0.319536	0.378591	0.462085	0.492897	0.499099	0.499917	0.499993	
0.499985	0.499877	0.499269	0.497141	0.493453	0.492487	0.489604	0.404802	-0.380218	-0.266908	0.285905	0.156941	0.44892	0.429628	0.407494	0.432607	0.465396	0.325944	0.370811	0.456738	0.491398	0.498847	0.499888	0.49999	
0.49998	0.499849	0.499148	0.496851	0.493228	0.492626	0.488111	0.398264	-0.372107	-0.252209	0.27138	0.151133	0.459728	0.417921	0.422329	0.420369	0.476725	0.334031	0.363605	0.451	0.489662	0.498538	0.49985	0.499987	
0.499975	0.499816	0.499014	0.496553	0.493034	0.492726	0.48628	0.39141	-0.363308	-0.237475	0.256824	0.146841	0.468369	0.407071	0.436771	0.408966	0.485849	0.343649	0.357123	0.444902	0.487668	0.498159	0.499802	0.499981	
0.499968	0.499777	0.498867	0.49625	0.492873	0.492762	0.484121	0.384198	-0.35376	-0.222802	0.24232	0.144026	0.474711	0.397493	0.450334	0.398832	0.492622	0.354604	0.35151	0.438485	0.485395	0.497701	0.49974	0.499975	
0.499959	0.499732	0.498704	0.495943	0.492744	0.49271	0.481637	0.376638	-0.343446	-0.208316	0.227984	0.142602	0.478707	0.389537	0.462583	0.390337	0.49697	0.366669	0.346901	0.431802	0.482826	0.497151	0.499661	0.499965	
0.499948	0.49968	0.498528	0.495637	0.492645	0.492552	0.47882	0.368799	-0.332404	-0.194172	0.213971	0.142439	0.480386	0.383483	0.473146	0.383775	0.498892	0.379585	0.343418	0.424917	0.479945	0.496494	0.499562	0.499953	
0.499935	0.49962	0.498337	0.495334	0.492572	0.492268	0.475654	0.360799	-0.32071	-0.180542	0.200464	0.143377	0.47984	0.379532	0.48173	0.379356	0.498463	0.393071	0.341167	0.417904	0.476738	0.495717	0.499438	0.499937	
0.499919	0.499551	0.498133	0.495037	0.49252	0.491844	0.472114	0.352775	-0.308459	-0.167599	0.187645	0.145244	0.477211	0.377802	0.488124	0.377203	0.495826	0.406826	0.34023	0.410849	0.473199	0.494803	0.499285	0.499917	
0.4999	0.499474	0.497915	0.49475	0.492484	0.491261	0.468185	0.344863	-0.295743	-0.155494	0.175677	0.147866	0.47268	0.37833	0.49221	0.377351	0.491189	0.420543	0.340668	0.403845	0.469322	0.493736	0.499096	0.499891	
0.499876	0.499386	0.497685	0.494474	0.492455	0.490498	0.463865	0.337174	-0.28264	-0.144347	0.164685	0.151067	0.466472	0.381069	0.49396	0.379748	0.484817	0.433916	0.342513	0.396993	0.465111	0.4925	0.498866	0.499857	
0.499848	0.499288	0.497443	0.494214	0.492426	0.489532	0.459168	0.329798	-0.269219	-0.134241	0.15475	0.154677	0.45885	0.385889	0.493436	0.384258	0.477021	0.446646	0.345767	0.3904	0.460572	0.491078	0.498586	0.499814	
0.499815	0.499179	0.497191	0.493969	0.492386	0.488339	0.454127	0.322807	-0.255543	-0.125226	0.145913	0.158516	0.450119	0.392584	0.490787	0.390673	0.468149	0.458452	0.350402	0.384177	0.455721	0.489453	0.498249	0.49976	
0.499775	0.499058	0.496931	0.493744	0.492322	0.486891	0.448787	0.316277	-0.24169	-0.117322	0.138189	0.162404	0.440624	0.400879	0.486236	0.398719	0.458573	0.469078	0.35636	0.378438	0.45058	0.487609	0.497845	0.499693	
0.499728	0.498925	0.496663	0.493537	0.492221	0.485165	0.4432	0.310294	-0.227752	-0.110533	0.131578	0.166149	0.430737	0.410442	0.480073	0.408071	0.448675	0.478303	0.363548	0.373292	0.44518	0.485532	0.497365	0.499609	
0.499673	0.498779	0.496391	0.49335	0.492066	0.483141	0.437414	0.304956	-0.213842	-0.104848	0.126071	0.169564	0.420837	0.4209	0.472636	0.418365	0.438838	0.485944	0.371847	0.368849	0.439559	0.483206	0.496798	0.499506	
0.499608	0.498621	0.496115	0.493182	0.491838	0.480805	0.431479	0.300368	-0.200078	-0.10024	0.121654	0.172475	0.411295	0.43186	0.464301	0.429214	0.429429	0.491863	0.381107	0.36521	0.433763	0.480621	0.496133	0.499379	
0.499532	0.49845	0.495839	0.493031	0.491517	0.478148	0.425443	0.296623	-0.186579	-0.0966672	0.118301	0.174733	0.402447	0.442923	0.455461	0.440223	0.42079	0.495972	0.391154	0.362467	0.427846	0.477768	0.495356	0.499224	
0.499443	0.498266	0.495564	0.492893	0.491084	0.475168	0.419359	0.29379	-0.173448	-0.0940689	0.115966	0.176221	0.394586	0.453703	0.446513	0.451004	0.413226	0.498234	0.401793	0.360699	0.421872	0.474639	0.494456	0.499036	
0.49934	0.49807	0.495293	0.492764	0.490517	0.471869	0.413288	0.291912	-0.160776	-0.0923628	0.114581	0.176869	0.387948	0.463841	0.437846	0.461187	0.406997	0.498666	0.412811	0.359973	0.41591	0.471233	0.493418	0.498809	
0.49922	0.497861	0.495027	0.492638	0.489795	0.468255	0.407303	0.291	-0.148638	-0.0914472	0.114052	0.176641	0.382712	0.473014	0.429821	0.470437	0.402306	0.497335	0.423983	0.360335	0.410034	0.467552	0.49223	0.498538	
0.499082	0.497641	0.494768	0.492508	0.488897	0.464337	0.401482	0.29105	-0.13711	-0.091204	0.114263	0.175542	0.379003	0.480942	0.422764	0.478465	0.399299	0.494359	0.435079	0.361814	0.404326	0.463601	0.490878	0.498215	
0.498923	0.497409	0.494518	0.492364	0.487806	0.46013	0.395913	0.292049	-0.126267	-0.0915035	0.115086	0.173605	0.37689	0.487397	0.416956	0.485033	0.398058	0.489902	0.445868	0.364419	0.39887	0.459393	0.489349	0.497833	
0.498741	0.497166	0.494277	0.492198	0.486503	0.455652	0.390683	0.293983	-0.116192	-0.0922087	0.116384	0.170891	0.376393	0.492207	0.412618	0.489968	0.398601	0.484167	0.456126	0.368132	0.393755	0.454944	0.487629	0.497382	
0.498532	0.496913	0.494047	0.491996	0.484971	0.450932	0.385874	0.296833	-0.106966	-0.0931785	0.118017	0.167482	0.377477	0.495264	0.40991	0.49316	0.400882	0.477394	0.465638	0.372917	0.389067	0.450278	0.485706	0.496855	
0.498293	0.49665	0.493827	0.491747	0.483196	0.446	0.381566	0.300569	-0.0986626	-0.0942704	0.119842	0.163483	0.380051	0.49652	0.408924	0.494569	0.404795	0.469847	0.474211	0.378711	0.384894	0.445423	0.483571	0.496242	
0.49802	0.496379	0.493616	0.491436	0.481166	0.440899	0.377836	0.305136	-0.0913309	-0.0953423	0.121719	0.159019	0.383971	0.496001	0.409683	0.494224	0.410178	0.461809	0.481672	0.385429	0.38132	0.440416	0.481213	0.495532	
0.497711	0.496099	0.493412	0.491049	0.478869	0.435675	0.374755	0.310448	-0.0849901	-0.0962565	0.123504	0.154233	0.389044	0.493798	0.412138	0.492218	0.416822	0.453571	0.487877	0.392966	0.378422	0.435297	0.478625	0.494714	
0.497359	0.495812	0.493213	0.490569	0.4763	0.430381	0.372393	0.316382	-0.0796255	-0.0968843	0.125057	0.149283	0.395035	0.490064	0.416175	0.488706	0.424476	0.445424	0.492716	0.401194	0.376273	0.430115	0.475803	0.493777	
0.496962	0.495517	0.493015	0.48998	0.473455	0.425077	0.370817	0.322789	-0.0751937	-0.0971122	0.126246	0.144332	0.401682	0.485012	0.42162	0.483894	0.432863	0.437652	0.496114	0.40997	0.374934	0.424923	0.472745	0.492711	
0.496513	0.495214	0.492812	0.489265	0.470335	0.419823	0.370085	0.329503	-0.0716315	-0.0968482	0.126955	0.139539	0.408708	0.478897	0.428248	0.478031	0.441681	0.430516	0.498033	0.419133	0.374457	0.419779	0.469452	0.491502	
0.496007	0.494903	0.4926	0.488407	0.466946	0.414685	0.37024	0.336359	-0.0688664	-0.0960259	0.127094	0.135052	0.415832	0.472008	0.435792	0.471402	0.450625	0.424256	0.498477	0.428512	0.374878	0.414747	0.465928	0.490141	
0.495439	0.494583	0.492371	0.487389	0.4633	0.409732	0.37131	0.343198	-0.0668225	-0.0946063	0.126606	0.131004	0.422784	0.464654	0.443959	0.464309	0.459389	0.419074	0.497487	0.43793	0.376221	0.409892	0.462184	0.488616	
0.494801	0.494251	0.492115	0.486196	0.459412	0.405035	0.373297	0.349876	-0.065422	-0.0925755	0.12546	0.127507	0.429305	0.45715	0.452436	0.457066	0.467684	0.415135	0.495143	0.447203	0.378492	0.405286	0.458232	0.486916	
0.494088	0.493907	0.491825	0.48481	0.455304	0.400664	0.376185	0.356261	-0.0645822	-0.0899414	0.123658	0.124655	0.435156	0.449806	0.460907	0.449982	0.475243	0.412558	0.491563	0.456151	0.381681	0.400997	0.45409	0.485031	
0.493292	0.493546	0.491487	0.48322	0.451002	0.396692	0.379934	0.362226	-0.064209	-0.0867278	0.121219	0.122524	0.440122	0.442919	0.469065	0.443353	0.481832	0.411415	0.486895	0.464597	0.38576	0.397097	0.449782	0.482954	
0.492406	0.493164	0.491091	0.481413	0.44654	0.393188	0.384493	0.367645	-0.0641933	-0.0829708	0.118177	0.12117	0.444018	0.436758	0.476621	0.437447	0.487257	0.41173	0.481318	0.472376	0.390682	0.393656	0.445335	0.480677	
0.491421	0.492757	0.490622	0.47938	0.441952	0.390218	0.389796	0.372392	-0.0644107	-0.0787174	0.114573	0.120627	0.446696	0.43156	0.483317	0.4325	0.491373	0.413476	0.475034	0.479337	0.396382	0.39074	0.440782	0.478194	
0.490331	0.492318	0.490068	0.477113	0.437282	0.387841	0.395767	0.376343	-0.0647258	-0.0740251	0.110457	0.120905	0.448054	0.427516	0.488931	0.428704	0.494084	0.416578	0.46826	0.485348	0.402779	0.38841	0.43616	0.475503	
0.489126	0.491839	0.489412	0.474609	0.432576	0.38611	0.40232	0.37939	-0.0650006	-0.0689643	0.105891	0.121982	0.448047	0.424771	0.49329	0.426201	0.495347	0.420919	0.461226	0.490297	0.409775	0.386724	0.431512	0.472602	
0.487799	0.491313	0.488639	0.471867	0.427884	0.38507	0.409359	0.381445	-0.0651029	-0.0636197	0.10095	0.123805	0.446682	0.423412	0.496273	0.425079	0.495174	0.426341	0.454167	0.494099	0.417257	0.38573	0.426884	0.469494	
0.48634	0.490727	0.487734	0.46889	0.42326	0.384758	0.41677	0.382453	-0.0649133	-0.0580904	0.0957297	0.126292	0.444024	0.423471	0.497813	0.425372	0.493628	0.432652	0.447313	0.496699	0.425099	0.385466	0.422328	0.466183	
0.484742	0.490072	0.48668	0.465685	0.418763	0.385202	0.424428	0.382391	-0.0643284	-0.0524875	0.0903413	0.129333	0.440187	0.424922	0.497901	0.427058	0.490823	0.439634	0.440884	0.498067	0.433165	0.385963	0.417897	0.462679	
0.482996	0.489334	0.48546	0.462263	0.41445	0.386417	0.432192	0.381268	-0.0632615	-0.0469288	0.0849109	0.132798	0.435323	0.427686	0.496584	0.430059	0.486914	0.447052	0.435084	0.498209	0.441314	0.387236	0.413647	0.458992	
0.481095	0.4885	0.484061	0.45864	0.410383	0.388412	0.439916	0.37912	-0.0616409	-0.0415326	0.0795698	0.13655	0.429611	0.431636	0.493962	0.434249	0.482094	0.454657	0.430096	0.497159	0.449396	0.389291	0.409636	0.45514	
0.479031	0.487553	0.482466	0.454835	0.406623	0.391178	0.447449	0.376002	-0.0594101	-0.0364105	0.0744452	0.14045	0.423252	0.436606	0.490184	0.439459	0.476586	0.462201	0.426073	0.494981	0.457264	0.392117	0.405924	0.451141	
0.476797	0.486477	0.480661	0.450874	0.403228	0.394697	0.454646	0.371991	-0.0565287	-0.031661	0.0696523	0.144362	0.416459	0.442394	0.485439	0.445481	0.470632	0.469442	0.423136	0.491771	0.46477	0.395691	0.402569	0.44702	
0.474389	0.485255	0.478636	0.446783	0.400257	0.398931	0.461372	0.36718	-0.0529761	-0.0273655	0.0652876	0.148158	0.409451	0.448771	0.479951	0.452083	0.464486	0.476152	0.421371	0.487647	0.471775	0.399975	0.399628	0.442805	
0.4718	0.483868	0.476378	0.442598	0.397766	0.403829	0.467503	0.361681	-0.0487556	-0.023586	0.0614276	0.151719	0.402451	0.455491	0.473964	0.459012	0.458402	0.482129	0.420825	0.482753	0.478148	0.404916	0.397155	0.438527	
0.469029	0.482297	0.473879	0.438353	0.395804	0.409327	0.472931	0.355628	-0.0438965	-0.0203639	0.0581287	0.154933	0.395681	0.462296	0.467742	0.466008	0.452628	0.487195	0.421506	0.477253	0.48377	0.410448	0.395202	0.434222	
0.466073	0.480523	0.471133	0.434092	0.394418	0.415343	0.477563	0.349176	-0.0384534	-0.0177211	0.055429	0.157701	0.389353	0.468928	0.461548	0.472813	0.447393	0.491212	0.423382	0.471323	0.488539	0.416491	0.393813	0.42993	
0.462931	0.478526	0.468137	0.429856	0.393646	0.421789	0.481319	0.34249	-0.0325021	-0.0156611	0.05335	0.159937	0.383662	0.475138	0.455641	0.479182	0.442902	0.494079	0.426385	0.465151	0.492371	0.422953	0.393027	0.425692	
0.459606	0.476288	0.464889	0.425692	0.393517	0.428565	0.484137	0.335744	-0.0261324	-0.0141698	0.0518969	0.161574	0.378775	0.480698	0.450261	0.484892	0.439326	0.495736	0.43041	0.458929	0.495204	0.429732	0.392877	0.421554	
0.456101	0.47379	0.461393	0.421649	0.394053	0.435563	0.485975	0.329107	-0.0194416	-0.0132171	0.0510581	0.162567	0.374823	0.48541	0.445622	0.489748	0.4368	0.496169	0.435321	0.452848	0.496998	0.436717	0.393384	0.417562	
0.452423	0.471015	0.457654	0.417777	0.395266	0.442672	0.486814	0.322733	-0.0125287	-0.0127582	0.0508042	0.162899	0.371895	0.489113	0.441906	0.493591	0.435414	0.495406	0.440958	0.447094	0.497738	0.44379	0.394561	0.413765	
0.44858	0.467948	0.453683	0.414125	0.397154	0.449775	0.486657	0.316761	-0.00549255	-0.012735	0.0510875	0.16258	0.370035	0.491695	0.439251	0.496308	0.435214	0.493516	0.447135	0.441839	0.497434	0.45083	0.396411	0.410211	
0.444582	0.464575	0.449493	0.410743	0.399709	0.456753	0.485533	0.31131	0.00156755	-0.0130775	0.0518439	0.161648	0.369244	0.493087	0.437752	0.497826	0.4362	0.490608	0.453655	0.43724	0.496121	0.457713	0.398925	0.406948	
0.440445	0.460886	0.445101	0.407681	0.402908	0.463487	0.483498	0.306482	0.00854993	-0.0137057	0.0529952	0.160165	0.369481	0.49327	0.437456	0.498125	0.438327	0.486823	0.46031	0.433432	0.493859	0.464316	0.402082	0.404025	
0.436185	0.456872	0.440527	0.404983	0.406718	0.46986	0.480627	0.302363	0.0153494	-0.0145314	0.0544535	0.158215	0.370671	0.492272	0.438361	0.497227	0.441507	0.482332	0.466894	0.430527	0.49073	0.470522	0.40585	0.401485	
0.43182	0.452531	0.435797	0.402693	0.411095	0.47576	0.477012	0.299023	0.021859	-0.0154605	0.0561242	0.155895	0.372706	0.49016	0.440421	0.495204	0.445613	0.477328	0.473203	0.428606	0.486838	0.476217	0.410184	0.399371	
0.427375	0.447861	0.430938	0.400849	0.415981	0.481084	0.472764	0.296517	0.0279745	-0.0163955	0.0579096	0.153317	0.375449	0.487043	0.443543	0.492168	0.450485	0.472017	0.479046	0.427722	0.482306	0.481299	0.415028	0.397719	
0.422872	0.442868	0.425983	0.399484	0.421311	0.48574	0.468004	0.294874	0.0336019	-0.0172386	0.0597109	0.1506	0.378739	0.483062	0.447598	0.488266	0.455937	0.466614	0.484252	0.427894	0.477272	0.485678	0.420316	0.396561	
0.41834	0.437561	0.420966	0.398626	0.427008	0.48965	0.462865	0.294097	0.0386649	-0.0178954	0.0614292	0.147871	0.382397	0.47839	0.452421	0.483679	0.461764	0.461331	0.48867	0.42911	0.471888	0.489276	0.425968	0.395923	
0.413809	0.431955	0.415924	0.398294	0.432985	0.492753	0.457492	0.294155	0.0431108	-0.0182794	0.0629682	0.145258	0.386229	0.473223	0.457819	0.47861	0.467748	0.456373	0.492181	0.431325	0.466311	0.492035	0.431901	0.395823	
0.40931	0.426071	0.410896	0.398501	0.439147	0.495004	0.452035	0.294984	0.0469131	-0.0183164	0.0642368	0.142883	0.390037	0.467773	0.463581	0.473276	0.47367	0.45193	0.494697	0.434466	0.460704	0.493912	0.438018	0.396271	
0.404877	0.419934	0.405924	0.39925	0.445397	0.496377	0.446652	0.296494	0.050071	-0.0179483	0.0651534	0.140863	0.393628	0.462262	0.469482	0.467901	0.479318	0.448167	0.496164	0.438431	0.455229	0.494885	0.44422	0.397268	
0.400546	0.413578	0.401051	0.400534	0.451629	0.496864	0.441497	0.298571	0.0526049	-0.0171364	0.0656518	0.139295	0.396823	0.456911	0.475299	0.462707	0.484491	0.445224	0.496564	0.443093	0.450043	0.494951	0.450402	0.398806	
0.396352	0.407041	0.39632	0.402339	0.457737	0.496478	0.436716	0.301089	0.054553	-0.0158622	0.0656852	0.138257	0.399463	0.451928	0.480812	0.457905	0.489011	0.443207	0.495916	0.448305	0.445294	0.49413	0.456457	0.400867	
0.392333	0.400367	0.391775	0.404639	0.463617	0.49525	0.432441	0.303912	0.0559665	-0.0141276	0.06523	0.137805	0.401416	0.447505	0.485818	0.453686	0.492727	0.442185	0.494273	0.453905	0.441116	0.492461	0.462279	0.403421	
0.388523	0.393608	0.387459	0.407399	0.469163	0.493231	0.428785	0.306907	0.0569084	-0.0119524	0.0642857	0.13797	0.402581	0.443805	0.490139	0.450215	0.49552	0.44219	0.491721	0.459721	0.437627	0.490001	0.467761	0.406431	
0.38496	0.386818	0.383412	0.410573	0.474277	0.490491	0.425837	0.309937	0.0574519	-0.00937194	0.0628731	0.138761	0.402886	0.440959	0.493627	0.447625	0.497309	0.443215	0.488378	0.465574	0.434924	0.48683	0.472804	0.409849	
0.381677	0.380059	0.379676	0.414106	0.478866	0.487116	0.423663	0.312871	0.0576808	-0.00643408	0.0610301	0.140165	0.402291	0.439062	0.496169	0.446011	0.498052	0.445217	0.484383	0.471289	0.433079	0.483041	0.477314	0.413616	
0.378706	0.373398	0.376287	0.417936	0.482845	0.483207	0.422305	0.315578	0.0576892	-0.00319618	0.0588071	0.142152	0.400786	0.43817	0.497692	0.445428	0.497749	0.448114	0.479897	0.476694	0.432142	0.478742	0.481204	0.417666	
0.376079	0.366904	0.373278	0.421992	0.486139	0.478874	0.421784	0.317934	0.0575783	0.000276812	0.0562632	0.144674	0.398396	0.4383	0.498164	0.445892	0.496436	0.451795	0.475097	0.481631	0.432135	0.474056	0.484399	0.421924	
0.373822	0.36065	0.370682	0.426194	0.488685	0.474239	0.422099	0.319823	0.0574539	0.00391397	0.0534642	0.147664	0.395174	0.439429	0.497593	0.447375	0.49419	0.456119	0.470164	0.485958	0.433052	0.46911	0.486839	0.426309	
0.371957	0.354711	0.368521	0.43046	0.490435	0.469425	0.423229	0.321148	0.0574208	0.00763958	0.0504821	0.15104	0.391211	0.441492	0.496028	0.449811	0.49112	0.460923	0.465284	0.489554	0.434861	0.464041	0.488473	0.430734	
0.370503	0.349164	0.366819	0.434701	0.491357	0.464559	0.425126	0.321829	0.0575787	0.0113744	0.0473951	0.154703	0.386621	0.444392	0.493556	0.453099	0.487367	0.466031	0.460636	0.492323	0.437503	0.458986	0.489269	0.435107	
0.369474	0.344086	0.365589	0.438828	0.491431	0.459768	0.427724	0.321814	0.0580182	0.0150377	0.0442878	0.158541	0.381547	0.447995	0.490297	0.457105	0.483094	0.471256	0.456388	0.494197	0.440897	0.454079	0.489212	0.439336	
0.368879	0.339552	0.364841	0.442747	0.490657	0.455175	0.430929	0.321074	0.0588188	0.0185493	0.0412492	0.162433	0.376147	0.452144	0.486401	0.461668	0.478481	0.476407	0.452693	0.495137	0.444937	0.449451	0.488301	0.443328	
0.368722	0.335634	0.364579	0.446371	0.489052	0.450895	0.43463	0.319608	0.0600469	0.0218331	0.0383698	0.166256	0.370589	0.456662	0.482038	0.466609	0.47372	0.481302	0.44968	0.495136	0.449502	0.445224	0.486554	0.44699	
0.368998	0.332402	0.364799	0.44961	0.486648	0.447036	0.438696	0.317434	0.0617552	0.0248199	0.035736	0.169892	0.365041	0.461359	0.477398	0.471738	0.469002	0.485768	0.447452	0.494217	0.454452	0.441505	0.484006	0.450235	
0.3697	0.32992	0.365493	0.452382	0.483492	0.443692	0.442989	0.314593	0.0639807	0.0274518	0.0334255	0.173233	0.359665	0.466045	0.472673	0.476858	0.464518	0.489652	0.446083	0.492432	0.45964	0.43839	0.480708	0.45298	
0.370813	0.328246	0.366645	0.454613	0.47965	0.440941	0.447362	0.311145	0.0667422	0.0296841	0.0315023	0.176188	0.35461	0.470535	0.46806	0.481776	0.460443	0.492822	0.445615	0.489864	0.464912	0.435954	0.476727	0.45515	
0.372317	0.327428	0.368234	0.456235	0.475197	0.438841	0.451669	0.307169	0.0700383	0.0314887	0.030014	0.178684	0.350007	0.474653	0.463745	0.486311	0.456935	0.495177	0.446058	0.486616	0.47011	0.434252	0.472144	0.45668	
0.374186	0.327506	0.370232	0.457193	0.470225	0.437428	0.455768	0.302759	0.0738449	0.0328545	0.0289903	0.180668	0.345971	0.47824	0.459899	0.490296	0.454128	0.496644	0.447387	0.482816	0.475082	0.433317	0.46705	0.457515	
0.37639	0.328511	0.372609	0.457442	0.464832	0.436716	0.459524	0.298028	0.0781156	0.0337883	0.0284433	0.182108	0.342593	0.481162	0.456672	0.493593	0.452126	0.497187	0.449546	0.478607	0.479682	0.433161	0.461549	0.457615	
0.378893	0.33046	0.375325	0.456954	0.459126	0.436696	0.462814	0.293101	0.082784	0.0343133	0.0283691	0.182991	0.339937	0.483305	0.45419	0.496089	0.451001	0.496804	0.452452	0.474143	0.483777	0.43377	0.455752	0.456953	
0.381656	0.333358	0.378341	0.455712	0.45322	0.437339	0.465528	0.28811	0.0877683	0.0344678	0.0287486	0.183323	0.338044	0.48459	0.452544	0.497706	0.450789	0.495526	0.455993	0.469587	0.48725	0.435109	0.449773	0.455518	
0.384635	0.337198	0.381611	0.453717	0.447228	0.438593	0.467571	0.283189	0.0929769	0.0343021	0.0295485	0.18313	0.336922	0.484969	0.451795	0.498399	0.451491	0.493418	0.460037	0.4651	0.490004	0.437118	0.443732	0.453314	
0.387788	0.341957	0.385088	0.450985	0.441264	0.44039	0.468871	0.278465	0.0983142	0.0338762	0.030722	0.182456	0.33655	0.484431	0.451964	0.498163	0.453073	0.490575	0.464436	0.46084	0.491962	0.43972	0.437745	0.450365	
0.391067	0.3476	0.388723	0.447552	0.43544	0.442642	0.469378	0.274051	0.103685	0.0332562	0.0322101	0.181365	0.336874	0.483002	0.453037	0.497027	0.455466	0.487117	0.46903	0.456954	0.493075	0.442815	0.431927	0.446709	
0.394425	0.354074	0.392466	0.443466	0.429859	0.445247	0.469065	0.270047	0.108997	0.0325124	0.033943	0.179935	0.337818	0.480744	0.454965	0.495054	0.458572	0.483186	0.473653	0.453575	0.493318	0.446292	0.426385	0.442401	
0.397816	0.361315	0.396267	0.438793	0.424617	0.448093	0.467934	0.266535	0.114162	0.0317169	0.0358433	0.17826	0.339279	0.477754	0.457663	0.492341	0.462264	0.478941	0.478142	0.450816	0.492692	0.450023	0.421219	0.437513	
0.401195	0.369245	0.400078	0.433615	0.4198	0.451054	0.466008	0.26358	0.119095	0.0309417	0.0378298	0.176441	0.341139	0.474154	0.461016	0.489011	0.466397	0.474547	0.482339	0.448768	0.491224	0.453873	0.416516	0.432132	
0.404521	0.37777	0.403853	0.428027	0.415481	0.453999	0.463334	0.261232	0.123715	0.0302578	0.0398213	0.174584	0.343266	0.470089	0.464887	0.485208	0.470809	0.470176	0.486098	0.447495	0.488969	0.457703	0.41235	0.426356	
0.407753	0.386788	0.407548	0.422134	0.411719	0.456796	0.459977	0.259522	0.127949	0.0297331	0.0417404	0.172797	0.345521	0.465715	0.469116	0.481094	0.475328	0.465995	0.489293	0.447032	0.486	0.461371	0.408781	0.420298	
0.410857	0.396182	0.411124	0.416053	0.408557	0.459313	0.456017	0.258465	0.131733	0.0294309	0.0435163	0.171183	0.347766	0.4612	0.473535	0.47684	0.479783	0.462161	0.491818	0.447387	0.482413	0.464738	0.405851	0.414078	
0.413802	0.40583	0.414547	0.409909	0.406021	0.461425	0.451547	0.258055	0.135015	0.0294077	0.0450861	0.169836	0.34986	0.456711	0.47797	0.47262	0.484004	0.458819	0.493592	0.448537	0.478321	0.467674	0.403585	0.407826	
0.416565	0.415599	0.417787	0.403831	0.404121	0.463016	0.446676	0.258263	0.137767	0.0297103	0.0463958	0.168842	0.351673	0.452409	0.482248	0.468604	0.487835	0.456089	0.494564	0.450431	0.47385	0.470059	0.401992	0.401674	
0.419128	0.425354	0.42082	0.397949	0.402849	0.463983	0.441518	0.259037	0.139979	0.0303731	0.0474008	0.16827	0.353084	0.44845	0.486207	0.464954	0.491135	0.45407	0.49471	0.452992	0.469133	0.471789	0.40106	0.395755	
0.421478	0.434957	0.423629	0.392395	0.402181	0.464239	0.436197	0.260302	0.141664	0.0314161	0.0480666	0.168174	0.353991	0.44497	0.489698	0.461813	0.493786	0.452832	0.49404	0.456121	0.464309	0.472776	0.400762	0.390204	
0.423609	0.444266	0.426202	0.387296	0.402076	0.463716	0.43084	0.261966	0.14286	0.0328431	0.0483709	0.168589	0.354314	0.442087	0.492594	0.459303	0.495695	0.452413	0.492589	0.459696	0.459516	0.472954	0.401054	0.385149	
0.425524	0.453147	0.428534	0.382774	0.402481	0.462367	0.425571	0.263921	0.143619	0.0346417	0.0483052	0.16953	0.354	0.439894	0.494792	0.457517	0.496801	0.452822	0.490424	0.463581	0.454887	0.472279	0.401879	0.380712	
0.427228	0.461465	0.430625	0.37894	0.403328	0.460165	0.420506	0.266055	0.14401	0.036784	0.0478766	0.170988	0.353024	0.438451	0.496217	0.456522	0.497072	0.454034	0.487633	0.46763	0.450546	0.470733	0.403166	0.377003	
0.428737	0.469097	0.432483	0.375894	0.404543	0.457109	0.415746	0.268253	0.144114	0.0392284	0.047109	0.172939	0.351389	0.437788	0.496825	0.456347	0.49651	0.455995	0.484329	0.471689	0.446601	0.46832	0.404835	0.374121	
0.430067	0.475927	0.434119	0.373723	0.406042	0.453223	0.411374	0.270403	0.144019	0.0419223	0.0460417	0.175335	0.349125	0.437901	0.496604	0.45699	0.495149	0.458625	0.48064	0.475605	0.443147	0.465072	0.406798	0.372148	
0.431244	0.481853	0.435553	0.372496	0.407735	0.448553	0.407453	0.272399	0.143818	0.0448046	0.0447277	0.178116	0.346282	0.438755	0.495577	0.458418	0.493054	0.461815	0.476707	0.47923	0.440256	0.461044	0.408962	0.37115	
0.432293	0.486789	0.436805	0.372263	0.409532	0.443168	0.404024	0.274143	0.143609	0.0478083	0.0432295	0.181208	0.342927	0.440285	0.493796	0.460565	0.490317	0.46544	0.472676	0.482425	0.437978	0.456312	0.411234	0.371172	
0.433244	0.490664	0.437903	0.373054	0.411344	0.437158	0.401105	0.275545	0.143489	0.0508629	0.0416156	0.184526	0.339144	0.442405	0.491345	0.46334	0.487053	0.469359	0.468697	0.485067	0.436341	0.450976	0.413523	0.372238	
0.43413	0.493427	0.438874	0.374878	0.413086	0.430629	0.398698	0.276531	0.143556	0.0538968	0.0399564	0.187977	0.335025	0.445008	0.488332	0.466627	0.483398	0.473421	0.464913	0.487048	0.435346	0.445151	0.41574	0.37435	
0.434983	0.495047	0.439749	0.377719	0.414679	0.423698	0.396783	0.277038	0.143898	0.0568392	0.0383215	0.191463	0.330676	0.44797	0.484885	0.470295	0.479499	0.47747	0.461458	0.488287	0.434972	0.438969	0.417808	0.377491	
0.435835	0.495517	0.440558	0.38154	0.416057	0.416493	0.395323	0.277022	0.144598	0.0596228	0.0367784	0.194883	0.326211	0.45116	0.481148	0.474197	0.475513	0.481354	0.458451	0.488723	0.435174	0.432571	0.419656	0.381616	
0.436715	0.494849	0.441331	0.386282	0.417163	0.409144	0.394262	0.276461	0.145722	0.0621862	0.0353913	0.198134	0.32175	0.454437	0.477272	0.47818	0.471596	0.484928	0.455991	0.488326	0.435885	0.426105	0.421228	0.386663	
0.437652	0.493079	0.442095	0.391864	0.417958	0.401788	0.39353	0.27535	0.147321	0.0644772	0.0342203	0.201118	0.317417	0.457655	0.473411	0.48209	0.467898	0.488059	0.454157	0.487089	0.437019	0.419723	0.422481	0.392548	
0.438668	0.490263	0.442874	0.398188	0.418417	0.394558	0.39304	0.273709	0.149429	0.0664544	0.0333202	0.203745	0.313334	0.46067	0.469715	0.485774	0.464562	0.490633	0.452998	0.485036	0.438478	0.413575	0.42339	0.399168	
0.439783	0.48648	0.44369	0.405137	0.418532	0.387586	0.392693	0.271574	0.152063	0.0680899	0.0327381	0.205937	0.309613	0.463344	0.466324	0.48909	0.461712	0.492559	0.45254	0.482215	0.440147	0.407804	0.423945	0.406405	
0.441011	0.481827	0.444559	0.412583	0.418308	0.380997	0.39238	0.268999	0.155219	0.0693698	0.0325106	0.207634	0.30635	0.465549	0.463366	0.491911	0.459453	0.493769	0.452778	0.478698	0.441908	0.402545	0.424153	0.414124	
0.442358	0.476421	0.445492	0.420387	0.417769	0.374906	0.391991	0.266052	0.158878	0.0702941	0.0326601	0.208792	0.303619	0.467176	0.46095	0.494132	0.457866	0.494224	0.453681	0.474579	0.443637	0.397917	0.424039	0.422181	
0.443825	0.470395	0.446497	0.428402	0.416949	0.369417	0.391415	0.262812	0.163004	0.0708758	0.0331919	0.20939	0.301467	0.468139	0.459166	0.49567	0.457006	0.493913	0.45519	0.469969	0.445213	0.394025	0.423643	0.430425	
0.445407	0.463893	0.447574	0.436478	0.415896	0.364615	0.390548	0.259371	0.167548	0.0711388	0.0340929	0.20943	0.299916	0.46838	0.45808	0.496473	0.456898	0.492853	0.457223	0.464994	0.446522	0.390952	0.423019	0.438699	
0.44709	0.457075	0.44872	0.444462	0.41467	0.360566	0.389293	0.255827	0.172444	0.0711164	0.035331	0.208933	0.298959	0.467871	0.457732	0.496518	0.457539	0.491088	0.459676	0.459789	0.447458	0.388762	0.422234	0.446846	
0.448857	0.450103	0.449926	0.452202	0.413341	0.357313	0.387568	0.252286	0.177615	0.0708498	0.0368575	0.207941	0.298566	0.466619	0.458134	0.495813	0.458895	0.48869	0.462428	0.454491	0.447931	0.387493	0.421368	0.454712	
0.45068	0.443146	0.451177	0.459551	0.411987	0.354875	0.385307	0.248852	0.182976	0.0703873	0.0386109	0.206518	0.298686	0.46466	0.459268	0.494395	0.460906	0.485749	0.465348	0.44924	0.447868	0.38716	0.420504	0.462149	
0.452531	0.436371	0.452454	0.466368	0.410692	0.353248	0.382459	0.245627	0.188434	0.0697842	0.0405218	0.204743	0.29925	0.46206	0.461081	0.492326	0.463485	0.482377	0.468294	0.444168	0.447219	0.387755	0.419731	0.469021	
0.454373	0.429941	0.45373	0.472525	0.409546	0.352407	0.378999	0.242705	0.193894	0.0691027	0.0425182	0.202708	0.300173	0.458908	0.463491	0.489696	0.466521	0.478696	0.471123	0.439398	0.445954	0.389246	0.419142	0.475203	
0.45617	0.424013	0.454978	0.477907	0.408637	0.352304	0.374922	0.240163	0.199258	0.068411	0.0445306	0.200512	0.301356	0.455315	0.466387	0.486611	0.46989	0.474841	0.473697	0.435039	0.444069	0.391578	0.418823	0.480588	
0.457882	0.41873	0.456167	0.482418	0.408051	0.352875	0.370252	0.238058	0.204434	0.0677819	0.0464953	0.198256	0.302689	0.451405	0.469636	0.483196	0.473451	0.470946	0.475884	0.431183	0.441584	0.39468	0.418857	0.485087	
0.459468	0.41422	0.457265	0.485982	0.407867	0.35404	0.365038	0.236431	0.209335	0.0672891	0.0483565	0.196033	0.304056	0.447312	0.473089	0.479588	0.47706	0.467148	0.477566	0.427902	0.438544	0.398459	0.419319	0.488633	
0.460889	0.410596	0.45824	0.488549	0.408149	0.355706	0.359352	0.235301	0.213883	0.0670022	0.0500663	0.193925	0.305335	0.443174	0.476593	0.475933	0.480571	0.463572	0.478642	0.425243	0.435017	0.402811	0.420269	0.491179	
0.462107	0.407947	0.459064	0.490094	0.40895	0.357768	0.35329	0.234669	0.218014	0.0669818	0.0515836	0.191996	0.306413	0.439129	0.480001	0.472375	0.483844	0.460334	0.479033	0.423234	0.431093	0.40762	0.421757	0.492705	
0.46309	0.40634	0.459712	0.490617	0.410303	0.360118	0.34696	0.234521	0.221675	0.0672742	0.0528713	0.190296	0.307184	0.435307	0.483174	0.469057	0.486748	0.457534	0.478681	0.421874	0.426878	0.412764	0.423811	0.493212	
0.463807	0.405818	0.460163	0.490143	0.41222	0.362644	0.340481	0.234833	0.224831	0.0679089	0.0538948	0.188864	0.307564	0.431826	0.485992	0.466109	0.489168	0.455249	0.477558	0.421144	0.422495	0.418118	0.426445	0.492726	
0.464237	0.406397	0.460401	0.488723	0.414694	0.365235	0.333975	0.235567	0.227466	0.0688983	0.0546217	0.187732	0.30749	0.428787	0.488354	0.463643	0.491008	0.453534	0.47566	0.420998	0.418078	0.423556	0.429651	0.491295	
0.464364	0.408067	0.460414	0.486426	0.417696	0.367788	0.327568	0.236676	0.229577	0.0702402	0.0550228	0.18693	0.306922	0.426267	0.490178	0.461747	0.492193	0.45242	0.47301	0.421375	0.413766	0.428959	0.433402	0.488991	
0.464181	0.41079	0.460196	0.48334	0.42118	0.37021	0.321381	0.238102	0.231178	0.0719226	0.0550771	0.186493	0.30584	0.424317	0.491402	0.460482	0.492675	0.451911	0.469659	0.422194	0.409703	0.434214	0.437651	0.485902	
0.463688	0.414504	0.459746	0.479569	0.42508	0.372418	0.315533	0.239778	0.232294	0.0739281	0.0547768	0.186453	0.304243	0.422959	0.491983	0.45988	0.492428	0.451984	0.465679	0.423364	0.406027	0.439219	0.44233	0.482135	
0.462897	0.41912	0.459068	0.475227	0.429313	0.374345	0.31014	0.241626	0.23296	0.0762374	0.0541345	0.186833	0.302138	0.422191	0.491895	0.459946	0.491457	0.452594	0.461167	0.424782	0.402871	0.443889	0.447358	0.477811	
0.461827	0.424529	0.458175	0.470442	0.433786	0.375937	0.30531	0.243563	0.233223	0.0788297	0.0531876	0.187637	0.299537	0.421985	0.491138	0.460658	0.48979	0.45367	0.456234	0.426342	0.400354	0.448149	0.452634	0.473062	
0.460506	0.4306	0.457087	0.465349	0.438392	0.377151	0.301145	0.245498	0.233138	0.0816798	0.052	0.188841	0.296457	0.422298	0.489732	0.46197	0.487482	0.455122	0.451009	0.427939	0.398581	0.451948	0.458046	0.468028	
0.458973	0.437187	0.455835	0.460088	0.443021	0.377958	0.297733	0.24734	0.232773	0.0847533	0.0506587	0.190385	0.292919	0.423071	0.487725	0.46382	0.484611	0.456846	0.445628	0.42947	0.397636	0.455248	0.463472	0.462851	
0.457272	0.44413	0.454458	0.454804	0.447557	0.378339	0.295147	0.248996	0.232207	0.0880014	0.0492667	0.192172	0.288956	0.424242	0.485187	0.466123	0.481273	0.458723	0.440231	0.430842	0.397582	0.458032	0.468786	0.457674	
0.455454	0.451261	0.453003	0.449639	0.451884	0.378292	0.293436	0.250377	0.231531	0.0913586	0.0479312	0.194085	0.284621	0.425739	0.482214	0.468783	0.477579	0.460629	0.434958	0.431973	0.398456	0.4603	0.473858	0.452639	
0.453577	0.458404	0.451522	0.444733	0.45589	0.377827	0.292626	0.251401	0.230842	0.0947439	0.0467528	0.195996	0.279989	0.427487	0.478917	0.471688	0.473652	0.462437	0.429944	0.432797	0.400269	0.462072	0.478558	0.447876	
0.451701	0.465385	0.450069	0.440211	0.459465	0.376973	0.292717	0.251999	0.230236	0.098068	0.0458159	0.197789	0.275163	0.429398	0.475415	0.474713	0.469617	0.464022	0.425315	0.433267	0.403006	0.463378	0.482766	0.443509	
0.449889	0.472034	0.448699	0.436187	0.462507	0.375776	0.29368	0.252119	0.229798	0.101244	0.0451842	0.199373	0.270269	0.431369	0.47183	0.477724	0.465601	0.465269	0.421181	0.433357	0.406626	0.464267	0.486369	0.439647	
0.448203	0.478189	0.447465	0.432752	0.464924	0.3743	0.295463	0.251732	0.229591	0.1042	0.044903	0.200692	0.265444	0.433282	0.46828	0.480583	0.461726	0.466072	0.417636	0.433059	0.411062	0.464795	0.489268	0.436381	
0.446704	0.483702	0.446413	0.42998	0.466633	0.37262	0.297988	0.250837	0.22965	0.106888	0.0450054	0.201717	0.260824	0.435	0.464878	0.483154	0.458102	0.466346	0.414751	0.432391	0.416223	0.465026	0.491381	0.433786	
0.445449	0.488441	0.445587	0.427923	0.467562	0.370824	0.301158	0.249465	0.229978	0.109293	0.0455213	0.202439	0.25653	0.436378	0.461727	0.485311	0.454828	0.466022	0.412578	0.431389	0.421999	0.465032	0.492647	0.431917	
0.44449	0.492297	0.445026	0.426614	0.467659	0.368998	0.304856	0.247673	0.230553	0.111429	0.0464859	0.202854	0.252653	0.437274	0.458923	0.486943	0.451984	0.465057	0.411144	0.43011	0.428263	0.464883	0.493025	0.430808	
0.443871	0.495185	0.444764	0.42607	0.466888	0.367227	0.30895	0.245537	0.231328	0.113335	0.0479424	0.202946	0.249249	0.437559	0.456552	0.487964	0.449631	0.463432	0.41045	0.428629	0.434872	0.46465	0.4925	0.430471	
0.443628	0.497044	0.444826	0.426291	0.465239	0.365586	0.313301	0.243147	0.232249	0.115062	0.049939	0.202685	0.246341	0.437138	0.454689	0.48831	0.447809	0.461152	0.410477	0.427033	0.441677	0.464399	0.49108	0.430898	
0.443787	0.497843	0.445233	0.427263	0.462727	0.364137	0.317763	0.240593	0.233264	0.116662	0.0525193	0.202031	0.243921	0.435956	0.453395	0.487949	0.446532	0.458249	0.411181	0.425424	0.448524	0.464187	0.488801	0.432059	
0.444362	0.497578	0.445996	0.428956	0.459394	0.362926	0.322196	0.237956	0.234326	0.118173	0.0557091	0.200955	0.241964	0.434005	0.452702	0.486871	0.445793	0.454778	0.4125	0.423907	0.455258	0.464066	0.485722	0.433907	
0.445355	0.496274	0.447116	0.431318	0.455313	0.361984	0.326471	0.235308	0.235399	0.119617	0.0595033	0.199457	0.24043	0.431323	0.452612	0.485091	0.44556	0.450816	0.414355	0.422593	0.46173	0.464073	0.481925	0.436376	
0.446756	0.493983	0.448582	0.434279	0.450584	0.361324	0.330477	0.232707	0.236458	0.120999	0.0638584	0.197587	0.239273	0.427981	0.453085	0.482649	0.445778	0.446461	0.416652	0.42159	0.467799	0.464234	0.477515	0.439386	
0.448544	0.490782	0.45037	0.437747	0.445333	0.360943	0.334123	0.230205	0.237486	0.122305	0.0686911	0.195455	0.238442	0.424082	0.454042	0.479601	0.446376	0.441826	0.419291	0.420998	0.47334	0.464561	0.472614	0.442843	
0.450682	0.486776	0.452447	0.44161	0.439707	0.360819	0.337341	0.227855	0.238464	0.123516	0.0738872	0.193223	0.237875	0.419737	0.455369	0.476024	0.447261	0.437036	0.422164	0.420909	0.478241	0.465053	0.46736	0.446645	
0.453126	0.482088	0.454766	0.445742	0.433867	0.360917	0.340079	0.225713	0.239375	0.124617	0.0793165	0.191081	0.237498	0.415066	0.456923	0.47201	0.448332	0.432225	0.425164	0.4214	0.482414	0.465695	0.461903	0.450682	
0.45582	0.476862	0.457277	0.450012	0.427983	0.361191	0.342301	0.223843	0.240195	0.125607	0.0848515	0.189216	0.237222	0.410185	0.45855	0.467666	0.449478	0.42753	0.428188	0.422529	0.48579	0.466462	0.4564	0.454843	
0.458697	0.471255	0.459921	0.454287	0.422224	0.361584	0.343976	0.222309	0.240894	0.126511	0.0903859	0.187774	0.236954	0.405206	0.460099	0.463112	0.450586	0.423087	0.431138	0.424336	0.488324	0.467315	0.45101	0.459015	
0.461688	0.465436	0.462634	0.458444	0.416754	0.36204	0.345078	0.221171	0.241429	0.127384	0.0958471	0.186833	0.236605	0.400231	0.461432	0.458472	0.451544	0.419026	0.433929	0.426835	0.489999	0.468208	0.445891	0.463089	
0.464715	0.459578	0.465351	0.462375	0.411718	0.362506	0.34558	0.22048	0.241744	0.128315	0.101202	0.18639	0.236105	0.395351	0.462434	0.453869	0.452249	0.415465	0.436491	0.430019	0.490818	0.469089	0.441192	0.466964	
0.467698	0.453855	0.468003	0.465987	0.407238	0.362937	0.345465	0.220267	0.241765	0.12942	0.106454	0.186375	0.235416	0.39064	0.463014	0.449422	0.452608	0.412504	0.438769	0.433854	0.49081	0.469902	0.437054	0.470544	
0.470559	0.448437	0.47052	0.469209	0.403409	0.363296	0.344724	0.220549	0.241401	0.130824	0.11163	0.186679	0.234535	0.386156	0.4631	0.445231	0.452543	0.410229	0.440726	0.438284	0.490025	0.470588	0.4336	0.473748	
0.473218	0.443483	0.472834	0.471981	0.400294	0.363554	0.343372	0.221323	0.240556	0.132642	0.116763	0.1872	0.233492	0.381931	0.462635	0.441384	0.451993	0.408698	0.442344	0.443231	0.488534	0.471094	0.430936	0.476508	
0.475604	0.439137	0.474878	0.474262	0.397933	0.363682	0.341455	0.222577	0.239141	0.134953	0.121878	0.187884	0.232326	0.377981	0.461574	0.437942	0.45092	0.40795	0.443626	0.448594	0.486424	0.471367	0.429143	0.47877	
0.477649	0.435528	0.476591	0.476021	0.396347	0.363643	0.339054	0.224288	0.237103	0.137768	0.126968	0.188754	0.23107	0.374307	0.459874	0.434947	0.449304	0.407996	0.444593	0.454258	0.483796	0.471364	0.428278	0.480497	
0.479296	0.432761	0.477921	0.477238	0.395545	0.363388	0.33629	0.226418	0.234448	0.141021	0.131991	0.189919	0.229726	0.37091	0.457503	0.432419	0.447148	0.408827	0.445284	0.460093	0.480761	0.471053	0.428372	0.481668	
0.4805	0.430914	0.478826	0.477902	0.395535	0.362853	0.33332	0.228909	0.231259	0.144558	0.136862	0.191557	0.228255	0.367802	0.454437	0.430359	0.444481	0.410406	0.445752	0.465958	0.477437	0.470412	0.429428	0.482278	
0.481226	0.430043	0.47928	0.478015	0.396324	0.361963	0.33032	0.231678	0.227704	0.148167	0.141467	0.193864	0.226585	0.365008	0.450668	0.428749	0.441352	0.41268	0.446063	0.471708	0.473942	0.469432	0.431419	0.482342	
0.481454	0.430171	0.479272	0.477589	0.39792	0.360647	0.327466	0.234609	0.224019	0.151604	0.145683	0.197008	0.224634	0.362569	0.446212	0.427552	0.437833	0.415572	0.446293	0.4772	0.470395	0.468121	0.434292	0.481887	
0.481178	0.431293	0.478806	0.476649	0.400316	0.358852	0.324917	0.237556	0.220471	0.154653	0.149401	0.201064	0.222343	0.36053	0.44111	0.426716	0.434015	0.418991	0.446521	0.48229	0.466907	0.466498	0.437968	0.480954	
0.480409	0.433376	0.477901	0.475232	0.403482	0.356559	0.322787	0.240362	0.217306	0.157171	0.152557	0.205985	0.219714	0.358917	0.435429	0.426172	0.430006	0.422832	0.446827	0.486849	0.463582	0.464601	0.442345	0.4796	
0.47917	0.436356	0.476589	0.473392	0.407347	0.353795	0.321131	0.242878	0.214701	0.159122	0.155156	0.211585	0.216833	0.357716	0.429262	0.425837	0.425926	0.42698	0.447289	0.490757	0.460513	0.462479	0.447299	0.477887	
0.477501	0.440144	0.474911	0.471195	0.411791	0.350638	0.319944	0.244995	0.212725	0.160587	0.157283	0.21757	0.21387	0.356858	0.422719	0.425614	0.421899	0.431313	0.447976	0.493913	0.457775	0.460194	0.452692	0.475891	
0.475455	0.44463	0.472918	0.46872	0.416642	0.34721	0.319162	0.246665	0.211323	0.161733	0.1591	0.223585	0.211061	0.356211	0.415921	0.425404	0.418052	0.435711	0.448948	0.496239	0.455431	0.45782	0.45837	0.473688	
0.473096	0.44968	0.470666	0.466059	0.421688	0.343658	0.318691	0.247914	0.210339	0.162764	0.160822	0.229284	0.208664	0.355592	0.408997	0.425104	0.414504	0.440054	0.450249	0.497677	0.453525	0.455438	0.464174	0.471361	
0.4705	0.455148	0.46822	0.463308	0.426696	0.340136	0.318428	0.248834	0.209562	0.163847	0.162675	0.234398	0.206904	0.354794	0.402075	0.424621	0.411364	0.444233	0.451912	0.498197	0.452084	0.453135	0.469939	0.46899	
0.46775	0.460875	0.465649	0.460565	0.431441	0.33678	0.318296	0.249556	0.208792	0.165055	0.164857	0.238789	0.205931	0.353626	0.395277	0.42387	0.408727	0.448151	0.453948	0.497795	0.451115	0.450999	0.475504	0.466656	
0.464934	0.466693	0.463032	0.45792	0.43573	0.333692	0.318265	0.25021	0.207897	0.166332	0.167485	0.242461	0.205791	0.351941	0.388722	0.422781	0.406668	0.451726	0.456352	0.496493	0.450612	0.449119	0.480714	0.464432	
0.462144	0.472434	0.460451	0.455453	0.43942	0.330936	0.318364	0.250881	0.206859	0.1675	0.170569	0.245557	0.206424	0.349672	0.382516	0.4213	0.405246	0.454895	0.459097	0.494341	0.450549	0.447578	0.485426	0.462388	
0.459472	0.477932	0.457996	0.453229	0.442423	0.328537	0.318668	0.251581	0.20578	0.168303	0.174007	0.248302	0.207697	0.346831	0.376757	0.419386	0.404498	0.457615	0.462139	0.491411	0.450891	0.446452	0.489511	0.460582	
0.457007	0.483029	0.455754	0.451296	0.444703	0.326499	0.319278	0.252235	0.204856	0.168485	0.177597	0.250944	0.209446	0.343504	0.371525	0.417008	0.404444	0.459858	0.465414	0.487798	0.451587	0.445806	0.492863	0.459064	
0.454831	0.487577	0.45381	0.449684	0.44625	0.324823	0.320279	0.2527	0.204322	0.167868	0.181087	0.253686	0.211531	0.339823	0.366878	0.414151	0.405084	0.461617	0.468844	0.483617	0.452581	0.445692	0.495394	0.457871	
0.45302	0.491447	0.45224	0.448416	0.447069	0.323518	0.321709	0.252811	0.204385	0.16641	0.184229	0.25663	0.213871	0.335924	0.36285	0.410808	0.406402	0.4629	0.472334	0.478997	0.453809	0.446144	0.497045	0.457031	
0.451637	0.49453	0.451106	0.447507	0.447153	0.322617	0.323528	0.252429	0.205165	0.16423	0.186838	0.259758	0.21646	0.331925	0.359444	0.406995	0.408363	0.463731	0.475783	0.474077	0.455204	0.447181	0.497783	0.456557	
0.450736	0.496744	0.45045	0.446969	0.44648	0.322172	0.325612	0.251503	0.206655	0.161575	0.188836	0.262939	0.21936	0.327899	0.356627	0.402749	0.410912	0.464146	0.479081	0.469006	0.456699	0.448799	0.497602	0.45645	
0.450351	0.498033	0.450295	0.446812	0.445021	0.322242	0.327766	0.250096	0.208718	0.158765	0.190272	0.265966	0.222659	0.323876	0.354337	0.39814	0.413975	0.464194	0.482117	0.463931	0.45823	0.450978	0.496526	0.456701	
0.450505	0.498371	0.450645	0.44704	0.442751	0.322879	0.329759	0.248389	0.211115	0.1561	0.1913	0.268621	0.226433	0.319857	0.352484	0.39327	0.417459	0.463936	0.484782	0.459	0.459737	0.453676	0.494602	0.457289	
0.451201	0.497762	0.451484	0.447642	0.439676	0.324102	0.331374	0.246652	0.213556	0.153796	0.192143	0.270731	0.230697	0.315839	0.350964	0.388276	0.421249	0.463438	0.486975	0.45435	0.46117	0.456833	0.491906	0.458183	
0.452425	0.496239	0.452784	0.448588	0.43585	0.325886	0.332449	0.245179	0.215762	0.151943	0.19303	0.27222	0.235381	0.311842	0.349671	0.383314	0.425215	0.462776	0.488604	0.450108	0.462485	0.460371	0.488536	0.459343	
0.454146	0.493863	0.454504	0.449824	0.43138	0.328158	0.332917	0.244221	0.217516	0.150502	0.194129	0.27313	0.240332	0.307929	0.348506	0.378548	0.429214	0.462022	0.48959	0.446387	0.46365	0.464198	0.484607	0.460724	
0.45632	0.490721	0.456599	0.451274	0.426429	0.330798	0.332814	0.243925	0.218697	0.149353	0.195507	0.273612	0.245336	0.304206	0.347397	0.374133	0.433099	0.461247	0.489872	0.44328	0.464643	0.468208	0.480253	0.462275	
0.458884	0.486921	0.459017	0.452846	0.421186	0.333663	0.332268	0.244299	0.219287	0.148357	0.197103	0.273889	0.250159	0.300819	0.346296	0.370195	0.436727	0.460514	0.489409	0.440857	0.465456	0.472287	0.475619	0.463943	
0.461765	0.48259	0.461702	0.454448	0.415847	0.336604	0.331459	0.245219	0.219352	0.147424	0.198744	0.274201	0.254596	0.297924	0.34518	0.36682	0.439971	0.459872	0.48818	0.439169	0.466089	0.476316	0.470854	0.465673	
0.46488	0.477872	0.46459	0.456	0.410587	0.339488	0.330579	0.246469	0.219006	0.146552	0.20019	0.27475	0.258509	0.295667	0.344048	0.364054	0.442726	0.459355	0.486189	0.43824	0.466554	0.480172	0.466112	0.467412	
0.468136	0.47292	0.467608	0.457449	0.405537	0.342209	0.329779	0.247808	0.218365	0.145838	0.201196	0.275654	0.261847	0.294155	0.3429	0.361908	0.444917	0.458981	0.483465	0.438069	0.466872	0.483737	0.461543	0.469107	
0.471437	0.467895	0.470675	0.458773	0.400786	0.344692	0.32914	0.249039	0.217516	0.145445	0.201575	0.276924	0.264636	0.293449	0.341728	0.360375	0.4465	0.45875	0.480059	0.438634	0.467071	0.486898	0.45729	0.470711	
0.474684	0.462962	0.473696	0.459976	0.396391	0.346881	0.328662	0.250062	0.216492	0.145544	0.201251	0.278475	0.26696	0.29356	0.340509	0.359446	0.447457	0.458647	0.476048	0.439888	0.467185	0.489554	0.453485	0.472184	
0.477778	0.458279	0.476572	0.461075	0.392397	0.348726	0.328284	0.250891	0.215282	0.146258	0.200281	0.280147	0.268919	0.294459	0.339199	0.359123	0.447796	0.458643	0.471526	0.441764	0.467251	0.491616	0.450243	0.473491	
0.480625	0.454	0.479199	0.462087	0.388864	0.350168	0.327907	0.251634	0.213841	0.147618	0.198845	0.281755	0.270593	0.296091	0.337743	0.359425	0.447539	0.458697	0.466606	0.444179	0.467307	0.493014	0.447659	0.474603	
0.483137	0.450262	0.481482	0.463007	0.385877	0.351132	0.327447	0.252445	0.212133	0.149543	0.197204	0.283133	0.272014	0.298392	0.336093	0.360381	0.446715	0.45876	0.461412	0.447033	0.46739	0.493698	0.445808	0.475503	
0.485237	0.447185	0.483335	0.463802	0.383546	0.351527	0.326864	0.253458	0.21015	0.151873	0.195642	0.284166	0.273161	0.301293	0.334225	0.362014	0.445363	0.458774	0.456078	0.450218	0.467533	0.493639	0.44474	0.476179	
0.48686	0.444867	0.484694	0.464411	0.381993	0.351267	0.326183	0.254731	0.207934	0.154403	0.194406	0.284808	0.273975	0.304725	0.33216	0.364319	0.443523	0.458678	0.450742	0.453617	0.467764	0.492832	0.444479	0.47663	
0.487958	0.443379	0.48552	0.464759	0.381312	0.350293	0.325497	0.256225	0.205576	0.156949	0.193657	0.285079	0.274381	0.308614	0.329971	0.367247	0.441243	0.458405	0.445541	0.457112	0.468103	0.491296	0.445023	0.47686	
0.488499	0.442766	0.485795	0.464781	0.381546	0.348588	0.324938	0.257805	0.203195	0.159388	0.193447	0.285041	0.274332	0.312872	0.327781	0.370693	0.438585	0.457889	0.44061	0.460585	0.468564	0.489073	0.446346	0.476881	
0.488468	0.443043	0.485524	0.464436	0.382653	0.346202	0.324645	0.259287	0.20091	0.161683	0.193733	0.284768	0.273827	0.317394	0.325748	0.374506	0.435623	0.457064	0.436074	0.463923	0.469148	0.486229	0.448396	0.476714	
0.487872	0.444197	0.48473	0.463733	0.384509	0.343239	0.324728	0.26049	0.198805	0.163873	0.194407	0.284317	0.272935	0.322057	0.324041	0.378503	0.432449	0.45587	0.432047	0.46702	0.469848	0.482848	0.4511	0.476382	
0.486733	0.446189	0.483447	0.462729	0.386919	0.339852	0.325236	0.261289	0.196911	0.166037	0.195355	0.283701	0.271784	0.326722	0.322808	0.382499	0.429167	0.454257	0.428626	0.469784	0.470646	0.479034	0.454363	0.475913	
0.485091	0.448954	0.48172	0.461524	0.389656	0.336204	0.326147	0.261653	0.195205	0.16825	0.196496	0.282885	0.27054	0.331252	0.32216	0.386333	0.425885	0.452186	0.425891	0.472134	0.471515	0.474905	0.458076	0.475339	
0.483005	0.452402	0.479599	0.460234	0.392501	0.332446	0.327379	0.261641	0.193627	0.170542	0.197821	0.281794	0.269374	0.335519	0.322153	0.38989	0.42271	0.449637	0.423898	0.474007	0.472421	0.470591	0.462115	0.474691	
0.480545	0.456425	0.477144	0.45897	0.39529	0.328688	0.328812	0.261378	0.192114	0.172875	0.199396	0.280336	0.268429	0.339415	0.322792	0.393109	0.419732	0.446613	0.422679	0.475356	0.473319	0.466229	0.466351	0.474003	
0.477792	0.460894	0.474429	0.457807	0.39793	0.324991	0.330316	0.261006	0.190627	0.175147	0.20134	0.278431	0.267787	0.34286	0.324045	0.395973	0.417025	0.443134	0.422242	0.476154	0.474162	0.461955	0.470645	0.473307	
0.47484	0.465667	0.471536	0.456774	0.4004	0.321375	0.33178	0.260639	0.189183	0.177218	0.203785	0.276038	0.267468	0.345801	0.32586	0.398487	0.414641	0.439248	0.422565	0.47639	0.474899	0.457908	0.474864	0.472632	
0.471786	0.47059	0.468565	0.455857	0.402728	0.317841	0.333125	0.260335	0.187847	0.178954	0.206833	0.273169	0.26743	0.34821	0.32819	0.400662	0.412611	0.435018	0.423602	0.476075	0.475477	0.454215	0.478876	0.472005	
0.468733	0.475502	0.465622	0.455006	0.404944	0.314406	0.334305	0.260082	0.186722	0.180265	0.210514	0.269898	0.267595	0.350074	0.330999	0.402489	0.410953	0.430529	0.425285	0.475232	0.475845	0.450995	0.482559	0.471448	
0.465784	0.480242	0.462815	0.45417	0.407044	0.311126	0.335301	0.259826	0.185909	0.181134	0.214774	0.266343	0.267877	0.35139	0.334266	0.403938	0.409675	0.425874	0.427523	0.473903	0.475955	0.448352	0.485802	0.470978	
0.463039	0.484655	0.460248	0.453314	0.408959	0.30811	0.336102	0.259501	0.18547	0.181624	0.219482	0.262648	0.268209	0.352162	0.337974	0.404965	0.408778	0.42116	0.430207	0.472139	0.475768	0.446368	0.488511	0.470608	
0.460593	0.488598	0.458008	0.452437	0.41055	0.305514	0.336693	0.259064	0.185402	0.181856	0.224461	0.258958	0.268561	0.352399	0.342096	0.405527	0.408257	0.416494	0.433219	0.470003	0.47525	0.445107	0.490611	0.470344	
0.45853	0.491944	0.456162	0.45158	0.41163	0.303514	0.337049	0.258526	0.185625	0.181984	0.229523	0.255396	0.268941	0.352114	0.346578	0.405612	0.408095	0.411988	0.436427	0.467563	0.47438	0.444606	0.492047	0.470187	
0.456924	0.494591	0.454757	0.450806	0.412008	0.302271	0.337132	0.25795	0.185999	0.182156	0.234512	0.252052	0.269381	0.351334	0.351329	0.405249	0.408259	0.407753	0.439699	0.464893	0.473145	0.444879	0.492785	0.470135	
0.455832	0.496462	0.453819	0.450184	0.411534	0.301889	0.336905	0.257438	0.186358	0.18248	0.239326	0.248988	0.269918	0.3501	0.356224	0.40452	0.4087	0.403898	0.4429	0.462066	0.47155	0.445912	0.492817	0.470179	
0.455294	0.497511	0.453364	0.44976	0.410146	0.302387	0.336334	0.257105	0.186556	0.183014	0.243916	0.246241	0.270569	0.348473	0.36111	0.403548	0.409348	0.400531	0.445902	0.459155	0.469609	0.447666	0.492154	0.470307	
0.455329	0.497719	0.453399	0.449539	0.407885	0.303695	0.335406	0.257044	0.186499	0.183758	0.248279	0.243848	0.271313	0.346532	0.365825	0.402478	0.410124	0.39775	0.448582	0.45623	0.46735	0.450078	0.490832	0.470506	
0.455939	0.497092	0.45393	0.449481	0.404888	0.305663	0.334124	0.257307	0.186172	0.184678	0.252427	0.241849	0.272091	0.344372	0.37022	0.401445	0.41095	0.395648	0.450833	0.453353	0.464815	0.453061	0.488905	0.470757	
0.457103	0.495664	0.45496	0.449513	0.401356	0.308098	0.332505	0.257893	0.185633	0.185723	0.256356	0.240299	0.272817	0.342099	0.374169	0.400553	0.41176	0.394303	0.452562	0.45058	0.462057	0.45651	0.486445	0.471043	
0.458784	0.493489	0.456483	0.449547	0.397505	0.310797	0.330581	0.258762	0.18499	0.186853	0.260035	0.239262	0.273398	0.339817	0.377576	0.39986	0.412512	0.393773	0.453693	0.447957	0.459137	0.460301	0.483542	0.471345	
0.460926	0.490644	0.458478	0.449513	0.393524	0.313589	0.328389	0.259846	0.184363	0.188056	0.263392	0.238793	0.273766	0.337624	0.380374	0.399375	0.413194	0.394093	0.454176	0.445519	0.456127	0.464301	0.480295	0.471644	
0.46346	0.487221	0.460897	0.449374	0.389537	0.316353	0.325971	0.261072	0.183849	0.189357	0.266331	0.238926	0.273892	0.335598	0.382519	0.39908	0.413817	0.395271	0.453981	0.443289	0.453102	0.468366	0.476814	0.471923	
0.466301	0.483334	0.463662	0.449142	0.385604	0.319022	0.32338	0.262373	0.183492	0.190814	0.268755	0.239656	0.273801	0.333798	0.383974	0.398943	0.41441	0.397285	0.453104	0.44128	0.45014	0.47235	0.473212	0.472166	
0.469357	0.47911	0.466665	0.448862	0.381732	0.321569	0.320685	0.263691	0.183278	0.192503	0.270592	0.240935	0.273563	0.332262	0.384704	0.398944	0.415008	0.400089	0.451565	0.439492	0.447322	0.476109	0.469604	0.472358	
0.472528	0.474693	0.469776	0.448596	0.377908	0.323982	0.31797	0.264977	0.183148	0.1945	0.271814	0.242674	0.273275	0.33101	0.384676	0.399084	0.415636	0.403611	0.449408	0.437917	0.444721	0.479505	0.466101	0.47249	
0.475708	0.470236	0.472853	0.448396	0.374136	0.326235	0.315338	0.266181	0.183029	0.196863	0.272453	0.244759	0.27303	0.33005	0.383861	0.399387	0.416309	0.407761	0.446697	0.436535	0.442407	0.482409	0.462809	0.472556	
0.478791	0.465892	0.475761	0.44828	0.370464	0.328274	0.312898	0.267249	0.182866	0.199614	0.272587	0.247075	0.272899	0.329383	0.382248	0.399885	0.417032	0.412437	0.443516	0.435324	0.440441	0.484711	0.459822	0.472551	
0.481672	0.461816	0.478383	0.44822	0.366986	0.330011	0.310753	0.268125	0.182649	0.202733	0.272327	0.24952	0.272911	0.329007	0.379853	0.400599	0.417806	0.417522	0.439964	0.434254	0.438873	0.486317	0.457222	0.472478	
0.484254	0.458148	0.480633	0.448149	0.363832	0.331335	0.308978	0.268758	0.182427	0.206162	0.271791	0.252025	0.273058	0.328913	0.37673	0.401517	0.418643	0.422893	0.43615	0.433294	0.437737	0.487156	0.455074	0.472342	
0.486447	0.455012	0.482453	0.447982	0.361137	0.332135	0.307614	0.269115	0.182296	0.209809	0.27108	0.254549	0.273308	0.329088	0.372969	0.402587	0.419574	0.428421	0.432194	0.432415	0.437054	0.487181	0.453428	0.472151	
0.488177	0.452508	0.483811	0.447642	0.359009	0.332316	0.306658	0.26919	0.182379	0.213569	0.270267	0.257074	0.273631	0.329505	0.368695	0.403717	0.420651	0.43397	0.428219	0.431588	0.436828	0.486372	0.452312	0.471913	
0.489386	0.450713	0.484693	0.447082	0.357499	0.331821	0.306074	0.269003	0.182793	0.217336	0.269393	0.25958	0.274023	0.330126	0.364053	0.404786	0.421941	0.439403	0.424351	0.430789	0.437045	0.484733	0.451736	0.471641	
0.490032	0.449676	0.485088	0.446309	0.356594	0.330637	0.305809	0.268593	0.183623	0.221024	0.268484	0.26203	0.274522	0.330896	0.359192	0.40567	0.423517	0.444585	0.420712	0.429996	0.437676	0.482298	0.451692	0.471345	
0.490095	0.449421	0.484988	0.445375	0.356222	0.328788	0.305814	0.268006	0.184901	0.224568	0.267562	0.264351	0.275207	0.331757	0.354254	0.40626	0.425439	0.449389	0.417422	0.429197	0.438675	0.479122	0.452151	0.471036	
0.489572	0.449947	0.48438	0.444367	0.356275	0.326329	0.306057	0.267278	0.186609	0.227935	0.266667	0.266432	0.276188	0.332647	0.349358	0.406482	0.427743	0.453703	0.414587	0.428384	0.439982	0.475287	0.453068	0.470723	
0.488479	0.451232	0.483257	0.44338	0.356636	0.323331	0.306532	0.266426	0.188685	0.231114	0.265863	0.268134	0.277573	0.333515	0.344604	0.406302	0.430427	0.457438	0.412301	0.427556	0.441524	0.470894	0.454381	0.470416	
0.48685	0.453229	0.481621	0.44249	0.357202	0.319879	0.307247	0.265446	0.19105	0.234112	0.265238	0.269313	0.279449	0.334322	0.340069	0.405715	0.433459	0.460534	0.41064	0.42672	0.443218	0.466059	0.456016	0.470121	
0.484733	0.455869	0.479496	0.441737	0.357898	0.316067	0.30821	0.264325	0.193627	0.236943	0.264887	0.269849	0.281849	0.335048	0.335816	0.40474	0.43678	0.462954	0.409659	0.425892	0.444974	0.460914	0.457889	0.469844	
0.482194	0.45906	0.476935	0.441114	0.358674	0.311999	0.309405	0.263058	0.196358	0.23962	0.264894	0.269673	0.28475	0.335687	0.331898	0.403399	0.440315	0.464693	0.409392	0.425094	0.446697	0.455599	0.459906	0.469587	
0.47931	0.462686	0.474018	0.440579	0.359495	0.307798	0.310775	0.261662	0.199211	0.242148	0.265312	0.268783	0.28807	0.336245	0.328365	0.401712	0.44399	0.465765	0.409847	0.424354	0.448292	0.450256	0.461973	0.469352	
0.476172	0.466614	0.470849	0.440066	0.360326	0.303599	0.312221	0.260191	0.202173	0.244529	0.26615	0.267247	0.291691	0.336732	0.325264	0.399693	0.447734	0.466204	0.411014	0.423707	0.449669	0.44503	0.463991	0.469136	
0.472878	0.470696	0.467545	0.439513	0.361116	0.299542	0.31361	0.258735	0.205238	0.246757	0.267372	0.265185	0.295477	0.337157	0.322636	0.397355	0.451482	0.466057	0.41286	0.423191	0.45074	0.440058	0.465866	0.468934	
0.469538	0.474776	0.464226	0.438871	0.361798	0.295761	0.3148	0.257409	0.208394	0.248829	0.268906	0.26275	0.2993	0.337524	0.320515	0.394721	0.455165	0.465382	0.415339	0.422845	0.451432	0.435466	0.467511	0.468738	
0.46626	0.478702	0.461004	0.438121	0.362293	0.292362	0.315671	0.256339	0.211607	0.250747	0.270664	0.260094	0.303059	0.337839	0.318919	0.391834	0.45871	0.464249	0.41839	0.422707	0.451683	0.431369	0.468844	0.468534	
0.463153	0.482328	0.457972	0.437266	0.36252	0.28941	0.316146	0.25564	0.214822	0.252516	0.272558	0.257341	0.306683	0.338105	0.317853	0.388758	0.462023	0.462738	0.42194	0.422812	0.451447	0.427862	0.469797	0.468309	
0.460315	0.485525	0.455211	0.436328	0.36241	0.286931	0.316204	0.255401	0.217967	0.254149	0.274517	0.254582	0.310131	0.338334	0.317304	0.38558	0.464998	0.460942	0.425907	0.423189	0.450696	0.42502	0.470317	0.468044	
0.457834	0.488184	0.452781	0.435329	0.361913	0.284914	0.315873	0.255682	0.220962	0.255658	0.276496	0.251865	0.313379	0.338542	0.317242	0.382398	0.467516	0.458965	0.430203	0.423861	0.449424	0.422895	0.470361	0.467722	
0.455782	0.490217	0.450733	0.434289	0.361004	0.283335	0.315211	0.256511	0.223734	0.257051	0.278468	0.249218	0.316413	0.338753	0.317626	0.379312	0.46946	0.456921	0.434731	0.424842	0.447643	0.421516	0.469908	0.467324	
0.45421	0.491557	0.449109	0.433211	0.359673	0.282172	0.31428	0.257894	0.226235	0.25833	0.280413	0.246662	0.31921	0.338998	0.318401	0.376412	0.470726	0.454925	0.439392	0.426139	0.445387	0.420884	0.468948	0.466833	
0.453152	0.492157	0.447941	0.432089	0.357921	0.281427	0.313123	0.25982	0.22844	0.259495	0.282312	0.244235	0.321735	0.339305	0.319507	0.373773	0.471237	0.453087	0.444085	0.427749	0.442708	0.420978	0.467492	0.466234	
0.452621	0.49199	0.447255	0.430909	0.35575	0.281129	0.311754	0.262271	0.230355	0.260538	0.284125	0.241999	0.323938	0.339701	0.320875	0.371457	0.470946	0.451505	0.448711	0.429658	0.439679	0.421753	0.465565	0.465517	
0.452612	0.491048	0.447061	0.429653	0.353172	0.281324	0.310162	0.265218	0.232007	0.261461	0.285798	0.240046	0.325757	0.340206	0.322437	0.369509	0.469841	0.450258	0.453178	0.431845	0.436386	0.423142	0.463207	0.464672	
0.453103	0.489344	0.447352	0.428308	0.350205	0.282055	0.308329	0.268623	0.233434	0.262272	0.28726	0.238483	0.327126	0.34083	0.324126	0.36797	0.467935	0.449403	0.457405	0.434278	0.432932	0.425059	0.460472	0.463694	
0.454057	0.486913	0.448101	0.426864	0.346889	0.283332	0.306257	0.272435	0.234674	0.262991	0.288437	0.237414	0.327984	0.341581	0.325882	0.366873	0.465262	0.448977	0.461324	0.436916	0.429427	0.427402	0.457424	0.462582	
0.455422	0.483813	0.449257	0.425315	0.343296	0.285111	0.303983	0.276587	0.235759	0.263647	0.289265	0.236923	0.328286	0.342458	0.327656	0.36624	0.46187	0.448992	0.464883	0.439711	0.425991	0.430059	0.454139	0.46134	
0.457129	0.48013	0.450749	0.423655	0.339525	0.287287	0.301595	0.280997	0.236712	0.264268	0.289699	0.237055	0.328014	0.343458	0.329411	0.366084	0.457819	0.449444	0.468043	0.442605	0.422747	0.432907	0.450695	0.459972	
0.459098	0.475968	0.452491	0.421876	0.335701	0.289703	0.299224	0.285577	0.237553	0.264872	0.289726	0.237814	0.32718	0.344574	0.331125	0.366393	0.453183	0.450311	0.470784	0.44554	0.419813	0.435824	0.447177	0.458491	
0.461235	0.471457	0.454384	0.419976	0.331952	0.292172	0.297027	0.290238	0.238297	0.265459	0.289357	0.239164	0.325837	0.345788	0.332786	0.367133	0.448056	0.451559	0.473095	0.448453	0.417307	0.438687	0.44367	0.45691	
0.463437	0.466735	0.456322	0.417959	0.328391	0.29452	0.295158	0.2949	0.238968	0.266002	0.288629	0.241037	0.324075	0.347069	0.334389	0.368245	0.442552	0.453136	0.474978	0.451283	0.415334	0.441378	0.440254	0.455248	
0.465596	0.461949	0.458196	0.41584	0.325095	0.296612	0.293749	0.29949	0.239599	0.266456	0.28759	0.243346	0.322016	0.348369	0.335934	0.369649	0.436807	0.454977	0.47644	0.453974	0.413986	0.443793	0.43701	0.453526	
0.4676	0.457244	0.459898	0.413652	0.322098	0.298372	0.292892	0.303946	0.240233	0.266761	0.286293	0.246	0.319804	0.349624	0.337418	0.371256	0.430976	0.457005	0.4775	0.456475	0.413339	0.445838	0.434006	0.451769	
0.469343	0.452756	0.461324	0.411439	0.319393	0.299792	0.292634	0.308206	0.240919	0.266859	0.284791	0.24891	0.317588	0.350759	0.338839	0.372978	0.425222	0.459129	0.478181	0.458743	0.413448	0.447438	0.431306	0.450002	
0.470726	0.448606	0.462381	0.409251	0.316949	0.30091	0.292988	0.312209	0.241709	0.266709	0.283132	0.25199	0.315508	0.351696	0.34019	0.374734	0.419705	0.461256	0.47851	0.460744	0.414346	0.448538	0.428961	0.44825	
0.471664	0.444898	0.462987	0.40713	0.314734	0.301786	0.293944	0.315887	0.242646	0.266295	0.28136	0.255165	0.313676	0.352372	0.341466	0.376457	0.414571	0.463289	0.478524	0.462453	0.416044	0.449102	0.427011	0.44654	
0.472086	0.441713	0.463079	0.405103	0.312737	0.302471	0.295485	0.319169	0.243767	0.265627	0.279521	0.258363	0.312169	0.352742	0.342661	0.378087	0.409948	0.465137	0.478259	0.463854	0.418527	0.44912	0.425482	0.444894	
0.471938	0.439114	0.462614	0.403171	0.310977	0.302991	0.297592	0.321987	0.24509	0.264738	0.27766	0.261518	0.311028	0.352793	0.343775	0.379573	0.405942	0.466718	0.477758	0.464943	0.421758	0.448601	0.424387	0.443333	
0.471186	0.437139	0.461575	0.401314	0.309504	0.303338	0.300252	0.324288	0.24662	0.263674	0.275825	0.264571	0.310263	0.352539	0.344809	0.380858	0.40264	0.467962	0.477061	0.465725	0.425676	0.447579	0.423728	0.441875	
0.469815	0.435806	0.459965	0.399496	0.308379	0.303484	0.303439	0.326049	0.248347	0.262478	0.274063	0.267465	0.309872	0.352013	0.34577	0.381882	0.400115	0.468811	0.476207	0.466215	0.430199	0.446108	0.423491	0.440534	
0.467827	0.435109	0.457806	0.397685	0.307653	0.303397	0.307118	0.327273	0.250246	0.261185	0.27242	0.270147	0.309855	0.351256	0.346665	0.382584	0.398426	0.469221	0.47523	0.46644	0.435225	0.444261	0.423651	0.43932	
0.465245	0.435025	0.455136	0.395862	0.307343	0.30307	0.311225	0.328001	0.252281	0.259816	0.270935	0.272569	0.310225	0.350301	0.347503	0.382905	0.397623	0.469162	0.474158	0.466435	0.440637	0.442128	0.424173	0.438239	
0.462111	0.435504	0.451997	0.394039	0.307418	0.302533	0.315676	0.328297	0.254405	0.258385	0.269645	0.274683	0.311015	0.349171	0.348289	0.382801	0.397736	0.468616	0.473015	0.466246	0.446302	0.43981	0.425014	0.437292	
0.458481	0.436477	0.448438	0.392255	0.307803	0.301858	0.320367	0.328236	0.256559	0.256902	0.268577	0.276441	0.312271	0.347869	0.349022	0.382252	0.398772	0.467583	0.471814	0.465923	0.452083	0.43742	0.426124	0.436475	
0.454431	0.437855	0.44451	0.39057	0.308387	0.301152	0.325185	0.327896	0.258678	0.255389	0.267756	0.277796	0.314033	0.346395	0.349692	0.381266	0.400705	0.46608	0.470565	0.465521	0.457835	0.435074	0.427449	0.435779	
0.45005	0.439532	0.440269	0.389042	0.309059	0.300538	0.330019	0.327343	0.260698	0.253881	0.267199	0.27871	0.316326	0.344754	0.350281	0.379882	0.403474	0.464145	0.469274	0.465097	0.463416	0.432888	0.428932	0.435189	
0.445438	0.441386	0.435784	0.387715	0.309723	0.300135	0.334766	0.326629	0.262552	0.252434	0.266917	0.279159	0.319133	0.342973	0.350755	0.378164	0.406982	0.461837	0.467941	0.464703	0.468689	0.430977	0.430518	0.434689	
0.440701	0.443286	0.431134	0.386593	0.310326	0.30004	0.339338	0.325795	0.264188	0.251113	0.266912	0.279143	0.322391	0.341109	0.351074	0.376191	0.411101	0.459232	0.466566	0.464387	0.473528	0.429445	0.432152	0.434256	
0.43595	0.445098	0.426416	0.38564	0.310857	0.300323	0.343649	0.324876	0.265564	0.249984	0.267171	0.278691	0.325995	0.339251	0.351185	0.374048	0.415685	0.45642	0.465149	0.464189	0.47782	0.428387	0.433782	0.433869	
0.431294	0.44669	0.421744	0.384783	0.311342	0.301026	0.347619	0.323911	0.266656	0.249108	0.267668	0.277867	0.329805	0.337511	0.351035	0.371818	0.420578	0.4535	0.463688	0.46414	0.481473	0.42788	0.435363	0.433502	
0.426834	0.447937	0.417238	0.383926	0.311822	0.302174	0.351164	0.322948	0.267454	0.248524	0.268359	0.27676	0.333673	0.33601	0.350577	0.369575	0.425624	0.450571	0.462188	0.464261	0.48441	0.427984	0.436855	0.433134	
0.422666	0.448727	0.413018	0.382981	0.312331	0.303778	0.354198	0.322046	0.26796	0.248252	0.269191	0.275479	0.337457	0.334853	0.349775	0.367387	0.430676	0.447727	0.460652	0.46456	0.486579	0.428739	0.438224	0.432741	
0.418872	0.448966	0.409193	0.381882	0.312881	0.305846	0.356642	0.321272	0.26818	0.248292	0.270104	0.274129	0.341045	0.334121	0.348617	0.365315	0.435593	0.445058	0.459089	0.465037	0.487952	0.430164	0.439446	0.432305	
0.41552	0.448578	0.40585	0.380604	0.313452	0.30838	0.358432	0.320687	0.26812	0.248631	0.271039	0.272805	0.344355	0.333851	0.347117	0.363413	0.440245	0.442643	0.457511	0.465679	0.48852	0.432251	0.440507	0.43181	
0.412666	0.447507	0.403044	0.379168	0.313997	0.311371	0.359534	0.320345	0.267783	0.249252	0.271945	0.271576	0.347339	0.334043	0.345314	0.361735	0.444506	0.440556	0.455932	0.466466	0.488303	0.434975	0.4414	0.431246	
0.410348	0.445722	0.400802	0.377629	0.314462	0.31479	0.359947	0.320281	0.26717	0.250139	0.272787	0.270482	0.349969	0.334665	0.34327	0.360325	0.44826	0.438863	0.45437	0.467363	0.487339	0.438284	0.442129	0.430605	
0.40859	0.443211	0.399119	0.376062	0.314802	0.318589	0.359708	0.320505	0.266289	0.251274	0.27354	0.269544	0.352229	0.335669	0.34106	0.359219	0.451402	0.437622	0.452845	0.468331	0.485692	0.442109	0.442708	0.429885	
0.407397	0.439986	0.397968	0.374536	0.314995	0.322695	0.358883	0.321005	0.26516	0.252638	0.274193	0.268769	0.354101	0.337001	0.338761	0.358439	0.453842	0.436883	0.45138	0.469319	0.483443	0.446361	0.443156	0.42909	
0.406757	0.436083	0.397305	0.373102	0.315053	0.327022	0.357553	0.321749	0.263825	0.254203	0.27474	0.268166	0.35556	0.338618	0.336443	0.357993	0.455513	0.436679	0.450005	0.470274	0.480691	0.450936	0.4435	0.428229	
0.406636	0.431561	0.397079	0.371784	0.315018	0.331474	0.355806	0.322691	0.262352	0.25593	0.275178	0.267755	0.356574	0.340486	0.334163	0.357872	0.456374	0.437027	0.448751	0.471136	0.477549	0.455718	0.443771	0.427317	
0.406981	0.426501	0.397232	0.37058	0.314947	0.335959	0.353724	0.323772	0.26083	0.25776	0.275502	0.267567	0.357114	0.342581	0.331964	0.358054	0.456414	0.437921	0.447657	0.471844	0.474138	0.460582	0.444002	0.426377	
0.407723	0.421007	0.397701	0.369472	0.314904	0.340391	0.35138	0.32493	0.259367	0.259623	0.275705	0.267643	0.357159	0.34488	0.329879	0.358506	0.455648	0.43933	0.446765	0.47234	0.470584	0.465401	0.444227	0.425435	
0.408775	0.415199	0.398422	0.368441	0.314944	0.344691	0.348841	0.326098	0.258074	0.261445	0.275781	0.268024	0.356712	0.347351	0.327946	0.359185	0.454118	0.441205	0.446119	0.472569	0.467011	0.470046	0.444481	0.424521	
0.410046	0.409212	0.399323	0.367482	0.315108	0.348779	0.346175	0.327212	0.25705	0.263152	0.275728	0.268735	0.3558	0.349947	0.326205	0.360043	0.451884	0.443479	0.445762	0.472483	0.463541	0.474392	0.444794	0.423668	
0.411436	0.403186	0.400325	0.366608	0.315419	0.352569	0.343457	0.328212	0.256377	0.264683	0.275549	0.26978	0.354477	0.352601	0.324715	0.361025	0.449024	0.446074	0.445731	0.472044	0.460283	0.478324	0.445193	0.42291	
0.412853	0.397264	0.401344	0.365853	0.315889	0.35597	0.34077	0.329047	0.256105	0.265994	0.275254	0.271136	0.352821	0.355225	0.323548	0.362067	0.445625	0.448907	0.446051	0.471227	0.457337	0.481735	0.4457	0.422279	
0.414206	0.391581	0.402289	0.365261	0.316525	0.358883	0.33821	0.329678	0.256261	0.267057	0.274859	0.272759	0.350924	0.35772	0.322787	0.363101	0.44179	0.451894	0.446734	0.470021	0.454785	0.484536	0.446332	0.421805	
0.415418	0.386267	0.403071	0.364884	0.317327	0.361217	0.335869	0.330081	0.256848	0.267858	0.274381	0.274591	0.348887	0.359983	0.322513	0.364053	0.437628	0.454954	0.447776	0.468434	0.452693	0.486654	0.447097	0.421514	
0.41642	0.381438	0.403604	0.364762	0.318292	0.362901	0.333836	0.330252	0.257858	0.268385	0.273837	0.276571	0.346809	0.36191	0.322797	0.364848	0.43326	0.458006	0.449157	0.466488	0.451104	0.488035	0.447998	0.421431	
0.41715	0.377196	0.403816	0.364927	0.319404	0.363893	0.332177	0.330197	0.259277	0.268629	0.273238	0.278644	0.344785	0.363414	0.323685	0.365419	0.428811	0.460969	0.450846	0.464227	0.450044	0.488648	0.449028	0.421577	
0.417562	0.373628	0.403646	0.365395	0.320637	0.364192	0.330937	0.329934	0.261097	0.268574	0.272592	0.280764	0.3429	0.364424	0.325194	0.36571	0.424405	0.463763	0.452803	0.461708	0.449516	0.488481	0.450173	0.421967	
0.417615	0.370801	0.403057	0.366168	0.321947	0.363828	0.330135	0.329487	0.263311	0.268205	0.271909	0.282895	0.341228	0.364894	0.327307	0.365683	0.420162	0.466308	0.454985	0.459002	0.4495	0.487546	0.451412	0.422615	
0.417286	0.368762	0.402031	0.367241	0.323284	0.362858	0.329769	0.32888	0.265912	0.267506	0.2712	0.285005	0.339833	0.364805	0.329974	0.365318	0.416188	0.468528	0.457351	0.456191	0.449958	0.485878	0.452719	0.423523	
0.416569	0.36753	0.400573	0.368603	0.324593	0.361344	0.329821	0.328138	0.268882	0.266474	0.270483	0.287064	0.33876	0.364168	0.33312	0.364617	0.412571	0.470356	0.459859	0.453363	0.450834	0.483529	0.454062	0.424687	
0.415478	0.367099	0.398707	0.370239	0.325831	0.359344	0.330261	0.327287	0.272185	0.265123	0.26978	0.289042	0.338043	0.363022	0.336651	0.363592	0.409381	0.471736	0.462469	0.450607	0.452057	0.480571	0.455403	0.426093	
0.414048	0.367434	0.396474	0.372127	0.326973	0.3569	0.331051	0.32636	0.275761	0.263491	0.269117	0.290908	0.337698	0.361429	0.340461	0.362271	0.40667	0.472632	0.465134	0.448013	0.453543	0.47709	0.456704	0.427712	
0.412337	0.368479	0.393928	0.374237	0.328017	0.354044	0.332143	0.325399	0.279522	0.261636	0.268514	0.292634	0.337728	0.35947	0.344442	0.360687	0.404471	0.473027	0.467803	0.445668	0.455199	0.473186	0.457922	0.429508	
0.410421	0.370156	0.391131	0.376527	0.328978	0.350806	0.333479	0.32446	0.283359	0.259636	0.267981	0.294201	0.338122	0.357231	0.348489	0.35888	0.402805	0.472926	0.470412	0.443654	0.456931	0.468968	0.459011	0.431436	
0.408388	0.372379	0.388154	0.378942	0.329877	0.347232	0.334987	0.323614	0.287149	0.25758	0.267513	0.295603	0.338861	0.354797	0.352502	0.356897	0.401679	0.472352	0.472884	0.442047	0.45864	0.464551	0.459927	0.433446	
0.40633	0.375054	0.385072	0.381418	0.330729	0.343389	0.336587	0.32294	0.290764	0.255554	0.267091	0.296842	0.33992	0.352243	0.356391	0.354795	0.401087	0.471344	0.475136	0.440917	0.460234	0.46005	0.460625	0.435487	
0.404344	0.378085	0.381966	0.38388	0.331531	0.33938	0.338196	0.322519	0.29409	0.25364	0.266686	0.297934	0.341268	0.349633	0.360074	0.352638	0.401006	0.469953	0.477081	0.440325	0.461625	0.455579	0.461062	0.437507	
0.40252	0.381371	0.378927	0.386254	0.332256	0.335327	0.339732	0.322428	0.297028	0.251901	0.266264	0.298895	0.34287	0.347024	0.363471	0.3505	0.401396	0.468235	0.478642	0.440319	0.462735	0.451247	0.461202	0.439456	
0.400946	0.384809	0.37605	0.38847	0.332856	0.331368	0.341127	0.322726	0.299507	0.250382	0.265802	0.299741	0.344682	0.344469	0.366509	0.34846	0.402202	0.466254	0.479754	0.440933	0.463499	0.447153	0.461016	0.441285	
0.399709	0.388293	0.373434	0.390463	0.333278	0.327629	0.34233	0.323453	0.301482	0.24911	0.265288	0.300483	0.346653	0.342031	0.36911	0.346595	0.403352	0.464073	0.480378	0.442178	0.463866	0.443382	0.460487	0.442945	
0.398886	0.391709	0.371176	0.392181	0.333474	0.324214	0.343306	0.324623	0.302931	0.248092	0.26473	0.301126	0.348719	0.339789	0.371192	0.344973	0.404767	0.461759	0.480498	0.444046	0.463804	0.440008	0.459607	0.444389	
0.398554	0.394948	0.369361	0.393585	0.33342	0.32119	0.344036	0.326231	0.303851	0.247324	0.264151	0.301677	0.350813	0.337835	0.372672	0.343651	0.406367	0.459374	0.480124	0.446501	0.463297	0.437086	0.458382	0.445569	
0.398775	0.397908	0.368056	0.394643	0.333119	0.318592	0.34451	0.328252	0.304256	0.246792	0.26358	0.302142	0.35286	0.33627	0.373472	0.342672	0.408077	0.456979	0.479286	0.449486	0.462349	0.434654	0.456827	0.446444	
0.399598	0.400507	0.3673	0.395329	0.332607	0.316425	0.344721	0.330648	0.304164	0.246477	0.263043	0.30254	0.354791	0.33519	0.37353	0.342062	0.409833	0.454629	0.478029	0.452917	0.460984	0.432735	0.454962	0.446976	
0.401046	0.402692	0.367107	0.395625	0.331944	0.314683	0.344661	0.333372	0.303603	0.246363	0.262559	0.302897	0.356545	0.334671	0.372813	0.341836	0.41158	0.452372	0.476403	0.456694	0.459243	0.431333	0.452816	0.447144	
0.403117	0.404441	0.367463	0.395513	0.331197	0.313356	0.344322	0.336367	0.302604	0.246433	0.262125	0.303247	0.358078	0.334754	0.371327	0.341997	0.413274	0.450244	0.474464	0.460699	0.457185	0.430438	0.450419	0.446936	
0.405782	0.405768	0.368335	0.394979	0.330431	0.312444	0.343703	0.339574	0.301203	0.246671	0.261726	0.303626	0.35936	0.335436	0.369127	0.342542	0.414872	0.448274	0.472266	0.464808	0.454883	0.430027	0.447803	0.44636	
0.408983	0.406709	0.369679	0.394015	0.329694	0.311948	0.342815	0.342926	0.299447	0.247064	0.261336	0.304065	0.360378	0.336673	0.366314	0.343461	0.416329	0.446486	0.469866	0.468889	0.452422	0.430059	0.445005	0.445438	
0.412646	0.40732	0.371446	0.392625	0.329016	0.311875	0.341685	0.346349	0.297391	0.247591	0.260926	0.304586	0.361131	0.338385	0.363026	0.344729	0.417593	0.4449	0.467325	0.472811	0.449894	0.430484	0.442065	0.444202	
0.416684	0.40766	0.373582	0.390823	0.328409	0.31222	0.34036	0.349765	0.295111	0.248223	0.260479	0.305194	0.361622	0.340478	0.359422	0.346308	0.418608	0.443538	0.464705	0.476448	0.447395	0.43124	0.43903	0.442695	
0.421007	0.407792	0.37603	0.388644	0.327874	0.312965	0.338905	0.353087	0.292692	0.248917	0.259995	0.305885	0.361859	0.342849	0.355663	0.348141	0.419319	0.442428	0.462078	0.479679	0.445023	0.432256	0.43595	0.440963	
0.425527	0.407774	0.37872	0.386135	0.327412	0.314073	0.337391	0.356227	0.29024	0.249612	0.259493	0.306642	0.361846	0.345409	0.351895	0.350149	0.419685	0.441598	0.459515	0.482396	0.442867	0.433454	0.432884	0.439057	
0.430154	0.407665	0.381571	0.383358	0.327034	0.315492	0.335892	0.359093	0.287866	0.250236	0.259014	0.307446	0.361592	0.348078	0.348238	0.352235	0.419687	0.441076	0.457092	0.484501	0.44101	0.434756	0.429892	0.437024	
0.434803	0.407529	0.384487	0.380381	0.326762	0.317161	0.33447	0.361596	0.285683	0.250709	0.258609	0.308276	0.36111	0.350792	0.344787	0.354291	0.419337	0.44088	0.454875	0.485913	0.43952	0.436082	0.427033	0.434915	
0.43938	0.407437	0.387357	0.377274	0.326627	0.319021	0.333174	0.36365	0.283799	0.250956	0.258334	0.309117	0.360422	0.353489	0.341616	0.356208	0.418682	0.441006	0.452925	0.486571	0.438451	0.437359	0.424363	0.432781	
0.443788	0.407472	0.390069	0.374101	0.326667	0.321025	0.332039	0.365176	0.282301	0.250918	0.258232	0.309952	0.359564	0.356107	0.33879	0.357887	0.417796	0.441426	0.451286	0.486433	0.43784	0.438524	0.42193	0.430676	
0.447922	0.40772	0.392515	0.370923	0.326911	0.323139	0.331084	0.366106	0.281255	0.250565	0.258325	0.31077	0.358584	0.358574	0.336378	0.359249	0.416765	0.442086	0.449991	0.48548	0.437706	0.439522	0.419774	0.428657	
0.451674	0.408264	0.3946	0.367795	0.327376	0.325339	0.330325	0.36639	0.280697	0.249901	0.258609	0.311558	0.35754	0.36081	0.334455	0.360236	0.415675	0.442908	0.449058	0.483719	0.43805	0.440313	0.417925	0.426784	
0.454938	0.409178	0.396249	0.364777	0.328058	0.32761	0.329774	0.365994	0.280637	0.248962	0.259051	0.312308	0.356493	0.36273	0.333109	0.360818	0.41459	0.443807	0.448492	0.48118	0.438856	0.440869	0.416404	0.425116	
0.457624	0.410515	0.397406	0.361932	0.328937	0.329935	0.329444	0.364907	0.281064	0.24781	0.259589	0.313015	0.355504	0.364252	0.332426	0.360984	0.413543	0.444702	0.448288	0.477918	0.440091	0.441176	0.415226	0.423711	
0.45966	0.412303	0.398033	0.359326	0.329977	0.332287	0.32935	0.363145	0.281952	0.246518	0.260146	0.313686	0.354622	0.365309	0.332482	0.360734	0.412538	0.445535	0.448431	0.474011	0.441704	0.441231	0.4144	0.422619	
0.461005	0.414541	0.398107	0.357027	0.331145	0.334633	0.329501	0.360747	0.283271	0.245157	0.260639	0.314335	0.35388	0.365849	0.333323	0.360079	0.411551	0.446275	0.448898	0.469554	0.443629	0.441042	0.413932	0.421884	
0.461648	0.417201	0.397619	0.355095	0.33241	0.336929	0.329895	0.357775	0.284988	0.243778	0.260995	0.314986	0.353297	0.365847	0.334956	0.359032	0.410549	0.446922	0.449652	0.464659	0.445784	0.440625	0.413821	0.421538	
0.461611	0.420232	0.396577	0.353569	0.333758	0.339137	0.330514	0.354311	0.287069	0.242414	0.261162	0.315668	0.352876	0.3653	0.337341	0.357611	0.409504	0.447502	0.450646	0.459452	0.448079	0.440009	0.414063	0.421597	
0.460946	0.423558	0.39501	0.352464	0.335189	0.341227	0.33132	0.350453	0.289479	0.241076	0.261119	0.316405	0.352608	0.364226	0.340394	0.355844	0.408404	0.448049	0.451819	0.454064	0.450408	0.439227	0.414648	0.422063	
0.459725	0.427086	0.392973	0.351764	0.336715	0.343186	0.332257	0.346304	0.292173	0.239764	0.260873	0.317205	0.352483	0.362661	0.343997	0.353778	0.407261	0.448594	0.453098	0.448634	0.452666	0.438322	0.415559	0.422923	
0.458035	0.430704	0.390545	0.35143	0.338347	0.345025	0.333255	0.341973	0.295093	0.238484	0.260458	0.31806	0.352486	0.360659	0.34801	0.351478	0.406102	0.449148	0.4544	0.4433	0.454743	0.437341	0.416778	0.424147	
0.455971	0.434287	0.387828	0.351412	0.340094	0.346772	0.334241	0.337566	0.29816	0.237258	0.259915	0.318939	0.352606	0.358286	0.352285	0.349029	0.404965	0.449698	0.455639	0.438201	0.456536	0.436336	0.418278	0.425696	
0.453632	0.437704	0.384938	0.351658	0.341947	0.348467	0.335144	0.333183	0.301278	0.236137	0.25928	0.319802	0.352836	0.355622	0.356685	0.346535	0.40388	0.450209	0.45673	0.433469	0.457949	0.43536	0.420036	0.42752	
0.451111	0.440823	0.381985	0.35213	0.34388	0.350152	0.335906	0.32892	0.304335	0.235195	0.258568	0.320606	0.353168	0.35276	0.361084	0.344099	0.402865	0.450629	0.457598	0.429229	0.458899	0.434465	0.422025	0.429569	
0.448501	0.443523	0.379069	0.35281	0.345854	0.351861	0.336485	0.324861	0.307219	0.234523	0.257763	0.321324	0.353593	0.349799	0.365372	0.341822	0.401917	0.450903	0.458181	0.425592	0.45932	0.433698	0.424221	0.431792	
0.445886	0.445699	0.376267	0.353694	0.347818	0.353616	0.336854	0.321086	0.309822	0.234213	0.256823	0.321953	0.354095	0.346842	0.369453	0.339785	0.401016	0.450982	0.458439	0.42265	0.459165	0.433102	0.426597	0.434144	
0.443348	0.44727	0.373636	0.354791	0.349723	0.355419	0.337	0.317667	0.312057	0.234339	0.25569	0.322518	0.354648	0.343986	0.37324	0.338047	0.400134	0.450836	0.458352	0.42047	0.458403	0.432709	0.42913	0.436589	
0.440966	0.448176	0.371215	0.356103	0.351528	0.357256	0.336922	0.314665	0.313861	0.23494	0.254307	0.323065	0.355216	0.34132	0.376644	0.336651	0.399244	0.450455	0.457921	0.419093	0.457028	0.432543	0.43179	0.439091	
0.438814	0.448378	0.369041	0.357621	0.353208	0.359102	0.336622	0.312134	0.315201	0.236014	0.252643	0.323649	0.355755	0.338915	0.379577	0.33563	0.398327	0.449844	0.457161	0.418524	0.455051	0.432619	0.434548	0.441623	
0.436962	0.44785	0.367157	0.359312	0.354754	0.360925	0.33611	0.310116	0.316067	0.237518	0.250704	0.324312	0.356217	0.336824	0.381953	0.335014	0.397377	0.449021	0.456099	0.418737	0.452507	0.432942	0.43737	0.444152	
0.435474	0.446574	0.365615	0.361122	0.356179	0.362691	0.335399	0.308641	0.316472	0.239382	0.248546	0.325069	0.356555	0.335085	0.383689	0.33484	0.396396	0.448006	0.454765	0.419677	0.44945	0.433507	0.440221	0.446645	
