# mu=0
# lamb=0
# N=24
# m=18
# dim=2024
# T=40
# dt=0.1

#<S_z>
0.5	0.5	0.5	0.5	0.5	0.5	0.5	0.5	-0.5	-0.5	0.5	0.5	0.5	0.5	-0.5	0.5	0.5	0.5	0.5	0.5	0.5	0.5	0.5	0.5	
0.5	0.5	0.5	0.5	0.5	0.5	0.499998	0.497505	-0.497503	-0.497503	0.497505	0.499998	0.499998	0.497506	-0.495009	0.497506	0.499998	0.5	0.5	0.5	0.5	0.5	0.5	0.5	
0.5	0.5	0.5	0.5	0.5	0.5	0.499975	0.490075	-0.49005	-0.49005	0.490075	0.499975	0.499975	0.4901	-0.480149	0.4901	0.499975	0.5	0.5	0.5	0.5	0.5	0.5	0.5	
0.5	0.5	0.5	0.5	0.5	0.5	0.499875	0.477877	-0.477752	-0.477752	0.477877	0.499875	0.499875	0.478002	-0.455753	0.478002	0.499875	0.5	0.5	0.5	0.5	0.5	0.5	0.5	
0.5	0.5	0.5	0.5	0.5	0.499998	0.499609	0.461184	-0.460791	-0.460791	0.461184	0.499607	0.499609	0.461574	-0.422365	0.461574	0.499611	0.499998	0.5	0.5	0.5	0.5	0.5	0.5	
0.5	0.5	0.5	0.5	0.5	0.499993	0.499057	0.440369	-0.43942	-0.43942	0.440369	0.49905	0.499057	0.441306	-0.380726	0.441306	0.499063	0.499993	0.5	0.5	0.5	0.5	0.5	0.5	
0.5	0.5	0.5	0.5	0.5	0.499981	0.498074	0.415896	-0.41395	-0.41395	0.415896	0.498055	0.498074	0.417802	-0.331753	0.417803	0.498093	0.499981	0.5	0.5	0.5	0.5	0.5	0.5	
0.5	0.5	0.5	0.5	0.5	0.499952	0.496496	0.388306	-0.384753	-0.384753	0.388306	0.496448	0.496496	0.391761	-0.276515	0.391762	0.496544	0.499952	0.5	0.5	0.5	0.5	0.5	0.5	
0.5	0.5	0.5	0.5	0.499999	0.499894	0.494147	0.358207	-0.352247	-0.352247	0.358206	0.494042	0.494146	0.363954	-0.216202	0.363956	0.494252	0.499895	0.499999	0.5	0.5	0.5	0.5	0.5	
0.5	0.5	0.5	0.5	0.499997	0.499789	0.490845	0.326258	-0.31689	-0.31689	0.326256	0.490637	0.490842	0.335202	-0.152095	0.335205	0.491053	0.499792	0.499997	0.5	0.5	0.5	0.5	0.5	
0.5	0.5	0.5	0.5	0.499994	0.499611	0.486414	0.293153	-0.279172	-0.279172	0.293147	0.486032	0.486408	0.306349	-0.0855276	0.306355	0.486797	0.499617	0.499994	0.5	0.5	0.5	0.5	0.5	
0.5	0.5	0.5	0.5	0.499987	0.499327	0.48069	0.259601	-0.239605	-0.239605	0.259588	0.48003	0.480677	0.278238	-0.017856	0.278251	0.48135	0.49934	0.499987	0.5	0.5	0.5	0.5	0.5	
0.5	0.5	0.5	0.5	0.499974	0.498894	0.473527	0.226316	-0.198711	-0.198712	0.226291	0.472446	0.473502	0.251682	0.0495805	0.251708	0.474608	0.498919	0.499975	0.5	0.5	0.5	0.5	0.5	
0.5	0.5	0.5	0.499999	0.499953	0.498261	0.464809	0.193993	-0.157015	-0.157016	0.193946	0.463117	0.464762	0.227444	0.115493	0.227492	0.466501	0.498308	0.499953	0.499999	0.5	0.5	0.5	0.5	
0.5	0.5	0.5	0.499998	0.499916	0.497368	0.454454	0.163296	-0.115032	-0.115034	0.163214	0.451903	0.454371	0.206209	0.178674	0.206293	0.457004	0.49745	0.499918	0.499998	0.5	0.5	0.5	0.5	
0.5	0.5	0.5	0.499997	0.499858	0.496145	0.442419	0.134842	-0.0732608	-0.073264	0.134704	0.438702	0.44228	0.188565	0.238029	0.188707	0.446135	0.496283	0.499862	0.499997	0.5	0.5	0.5	0.5	
0.5	0.5	0.5	0.499994	0.499769	0.494515	0.428708	0.109186	-0.0321726	-0.0321785	0.108961	0.423448	0.428483	0.174988	0.292603	0.175219	0.433968	0.49474	0.499775	0.499994	0.5	0.5	0.5	0.5	
0.5	0.5	0.5	0.499989	0.499636	0.492396	0.413373	0.0868105	0.00779517	0.00778467	0.0864574	0.406122	0.41302	0.165824	0.341597	0.166187	0.420623	0.492749	0.499647	0.499989	0.5	0.5	0.5	0.5	
0.5	0.5	0.5	0.499981	0.499443	0.4897	0.396514	0.0681142	0.0462468	0.0462288	0.0675761	0.386752	0.395976	0.161282	0.38439	0.161838	0.406276	0.490238	0.499462	0.499982	0.5	0.5	0.5	0.5	
0.5	0.5	0.499999	0.499969	0.499171	0.486337	0.378284	0.0534055	0.082834	0.0828041	0.0526072	0.365419	0.377486	0.161428	0.420547	0.162256	0.391149	0.487135	0.499202	0.499969	0.499999	0.5	0.5	0.5	
0.5	0.5	0.499999	0.499949	0.498795	0.482218	0.358882	0.0428966	0.11726	0.117212	0.0417409	0.342255	0.357726	0.166183	0.449822	0.167387	0.375508	0.483374	0.498844	0.49995	0.499999	0.5	0.5	0.5	
0.5	0.5	0.499997	0.49992	0.498286	0.477258	0.338552	0.0367011	0.149284	0.149208	0.0350648	0.317447	0.336915	0.17533	0.472162	0.177041	0.359657	0.478895	0.498364	0.499922	0.499997	0.5	0.5	0.5	
0.5	0.5	0.499996	0.499876	0.49761	0.47138	0.317579	0.0348336	0.178721	0.178606	0.0325635	0.29123	0.315309	0.188515	0.487696	0.190901	0.343929	0.47365	0.49773	0.49988	0.499996	0.5	0.5	0.5	
0.5	0.5	0.499993	0.499813	0.49673	0.464517	0.296282	0.0372122	0.205446	0.205273	0.0341215	0.26389	0.293191	0.205267	0.496729	0.20853	0.328675	0.467608	0.496909	0.499821	0.499993	0.5	0.5	0.5	
0.5	0.5	0.499988	0.499725	0.495601	0.456615	0.275007	0.0436631	0.22939	0.229137	0.0395281	0.235757	0.270871	0.225008	0.499719	0.229396	0.314256	0.460751	0.495865	0.499736	0.499989	0.5	0.5	0.5	
0.5	0.499999	0.499982	0.499602	0.494176	0.447641	0.254116	0.0539282	0.250539	0.250176	0.048485	0.2072	0.248672	0.247073	0.497261	0.252879	0.301031	0.453084	0.494556	0.49962	0.499982	0.499999	0.5	0.5	
0.5	0.499999	0.499971	0.499434	0.492403	0.437579	0.233981	0.0676731	0.268931	0.26842	0.0606159	0.178618	0.226923	0.270733	0.490063	0.278302	0.289343	0.444637	0.492942	0.499461	0.499972	0.499999	0.5	0.5	
0.5	0.499998	0.499957	0.499208	0.490228	0.426439	0.214973	0.0844986	0.284655	0.283946	0.0754783	0.150434	0.205951	0.295216	0.478916	0.304945	0.27951	0.435461	0.490978	0.49925	0.499958	0.499998	0.5	0.5	
0.5	0.499997	0.499936	0.49891	0.487593	0.414257	0.197452	0.103952	0.297838	0.296872	0.0925767	0.123088	0.186074	0.319732	0.464671	0.332074	0.271814	0.425635	0.488622	0.498972	0.499938	0.499997	0.5	0.5	
0.5	0.499996	0.499905	0.49852	0.484442	0.401096	0.181757	0.125542	0.308648	0.307349	0.111377	0.0970218	0.167588	0.343496	0.448205	0.35896	0.266487	0.415265	0.485831	0.498611	0.49991	0.499996	0.5	0.5	
0.5	0.499993	0.499864	0.498019	0.480716	0.387047	0.168195	0.148748	0.317282	0.315561	0.131321	0.0726758	0.150762	0.365755	0.430392	0.384903	0.263709	0.40448	0.482567	0.498149	0.49987	0.499994	0.5	0.5	
0.5	0.49999	0.499806	0.497381	0.476361	0.372231	0.157037	0.173039	0.323961	0.32171	0.151845	0.050473	0.135833	0.385807	0.41208	0.409253	0.263592	0.393435	0.478795	0.497565	0.499816	0.49999	0.5	0.5	
0.499999	0.499985	0.499729	0.496581	0.471326	0.356794	0.148506	0.197886	0.328923	0.326017	0.17239	0.0308119	0.122995	0.403026	0.39406	0.431428	0.266186	0.382305	0.474489	0.496837	0.499743	0.499985	0.499999	0.5	
0.499999	0.499977	0.499625	0.495586	0.465568	0.340913	0.14277	0.222772	0.332414	0.328708	0.192421	0.0140555	0.112399	0.416876	0.377047	0.450932	0.271463	0.371284	0.469628	0.49594	0.499646	0.499978	0.499999	0.5	
0.499998	0.499967	0.499487	0.494366	0.459051	0.324784	0.13994	0.247207	0.334686	0.330014	0.211443	0.000522116	0.104145	0.426929	0.361654	0.467365	0.279327	0.360579	0.464204	0.494847	0.499519	0.499968	0.499998	0.5	
0.499998	0.499952	0.499308	0.492882	0.451748	0.308627	0.140066	0.270741	0.335984	0.330159	0.229005	-0.00952297	0.0982866	0.432875	0.348385	0.480435	0.289611	0.350406	0.458218	0.493529	0.499353	0.499955	0.499998	0.5	
0.499996	0.499932	0.499076	0.491098	0.443646	0.292677	0.143133	0.29297	0.336544	0.329361	0.244723	-0.0158752	0.0948249	0.434532	0.337615	0.489963	0.30208	0.340985	0.451688	0.491958	0.499141	0.499936	0.499996	0.5	
0.499994	0.499905	0.498781	0.488974	0.434747	0.277179	0.149063	0.313546	0.336588	0.32782	0.25828	-0.0183967	0.0937125	0.431849	0.329589	0.495883	0.316438	0.332529	0.444644	0.490103	0.498871	0.49991	0.499995	0.5	
0.499992	0.499868	0.498407	0.486467	0.425067	0.262386	0.157717	0.332181	0.336316	0.325719	0.269437	-0.0170209	0.0948559	0.424902	0.324415	0.498243	0.332338	0.325246	0.437131	0.487935	0.498532	0.499875	0.499992	0.499999	
0.499988	0.499818	0.49794	0.483537	0.41464	0.24855	0.168895	0.348656	0.335904	0.323221	0.278039	-0.0117556	0.0981193	0.413898	0.322073	0.497198	0.349387	0.319326	0.429212	0.485427	0.49811	0.49983	0.499989	0.499999	
0.499983	0.499753	0.49736	0.480144	0.40352	0.235918	0.182347	0.362819	0.335501	0.320463	0.284015	-0.0026843	0.10333	0.399158	0.322416	0.492998	0.367164	0.314935	0.420966	0.482553	0.49759	0.49977	0.499984	0.499998	
0.499976	0.499669	0.496648	0.476247	0.391777	0.224724	0.197774	0.374584	0.335227	0.317561	0.287379	0.0100349	0.110283	0.381112	0.325183	0.485983	0.385227	0.312214	0.412485	0.47929	0.496956	0.499692	0.499977	0.499997	
0.499966	0.499559	0.495781	0.471812	0.379504	0.215182	0.214838	0.383936	0.335172	0.314603	0.288228	0.0261714	0.118752	0.360281	0.330016	0.476558	0.403127	0.311267	0.40388	0.475621	0.49619	0.499591	0.499968	0.499996	
0.499952	0.499418	0.494735	0.466805	0.366809	0.207483	0.233171	0.39092	0.335394	0.311656	0.286733	0.0454265	0.128492	0.337261	0.336476	0.465187	0.420424	0.312163	0.395273	0.471533	0.495272	0.499463	0.499955	0.499994	
0.499934	0.49924	0.493483	0.461203	0.353822	0.201788	0.252387	0.39564	0.335924	0.308764	0.28314	0.0674393	0.139249	0.312705	0.344063	0.452365	0.436697	0.314926	0.386797	0.467021	0.494181	0.499301	0.499939	0.499992	
0.499911	0.499015	0.491996	0.454984	0.340687	0.198222	0.272085	0.398252	0.336761	0.30595	0.277754	0.0917949	0.15077	0.287299	0.352236	0.438607	0.451557	0.319537	0.378595	0.462086	0.492897	0.499099	0.499916	0.499988	
0.499879	0.498735	0.490245	0.448138	0.327564	0.19687	0.291867	0.398953	0.337881	0.303223	0.270931	0.118033	0.162804	0.261745	0.36044	0.424426	0.46466	0.325933	0.370816	0.456739	0.491398	0.498847	0.499887	0.499983	
0.499838	0.498388	0.4882	0.440664	0.314624	0.197777	0.311343	0.397979	0.339237	0.300577	0.263065	0.145658	0.175116	0.236739	0.368125	0.410314	0.475716	0.334004	0.363611	0.451001	0.489662	0.498537	0.499849	0.499976	
0.499785	0.497961	0.485827	0.432572	0.302049	0.20094	0.330144	0.39559	0.340761	0.297998	0.254576	0.174153	0.187489	0.212948	0.374767	0.396725	0.484494	0.343596	0.357129	0.444903	0.487668	0.498159	0.499801	0.499967	
0.499716	0.497441	0.483097	0.423883	0.290025	0.206314	0.347929	0.39206	0.342372	0.295465	0.245898	0.202986	0.199728	0.190994	0.379893	0.384064	0.490833	0.354515	0.351515	0.438486	0.485395	0.497701	0.499738	0.499954	
0.499629	0.496812	0.479977	0.414632	0.278741	0.213805	0.364391	0.387675	0.343978	0.292957	0.237461	0.231628	0.211667	0.171435	0.383091	0.372669	0.494644	0.366529	0.346905	0.431803	0.482826	0.497151	0.499659	0.499937	
0.499518	0.496056	0.476439	0.404867	0.268382	0.223278	0.379271	0.382712	0.345478	0.290455	0.229682	0.259564	0.223172	0.154751	0.384034	0.362805	0.495909	0.379377	0.343419	0.424919	0.479945	0.496494	0.499559	0.499914	
0.499379	0.495155	0.472456	0.39465	0.25913	0.234555	0.392354	0.377443	0.346773	0.287945	0.222949	0.286302	0.234138	0.141332	0.382486	0.354654	0.494684	0.39277	0.341163	0.417907	0.476739	0.495716	0.499434	0.499885	
0.499206	0.494088	0.468002	0.384057	0.251152	0.247419	0.403482	0.372116	0.347765	0.285423	0.217613	0.31139	0.244496	0.131469	0.378312	0.348314	0.491091	0.406406	0.34022	0.410852	0.473199	0.494802	0.499279	0.499847	
0.498992	0.492833	0.46306	0.373179	0.244601	0.261624	0.412549	0.366957	0.348362	0.282895	0.213974	0.33442	0.254205	0.125346	0.371482	0.343797	0.485317	0.419968	0.340647	0.403848	0.469323	0.493735	0.499089	0.499797	
0.498728	0.491367	0.457612	0.362119	0.239612	0.276892	0.419508	0.362157	0.348485	0.28038	0.212273	0.355044	0.263257	0.123043	0.362073	0.341032	0.477605	0.433143	0.342477	0.396995	0.465111	0.492499	0.498855	0.499733	
0.498406	0.489665	0.451652	0.350991	0.236294	0.292926	0.424364	0.357874	0.348068	0.277912	0.212687	0.372978	0.271667	0.124531	0.350265	0.339874	0.46824	0.445623	0.345709	0.390402	0.460573	0.491077	0.498572	0.499652	
0.498015	0.487704	0.445177	0.339922	0.234731	0.309417	0.427176	0.354225	0.347061	0.275538	0.215323	0.388006	0.279476	0.12968	0.336333	0.340105	0.457549	0.457117	0.350315	0.384178	0.455722	0.489452	0.498229	0.499548	
0.497544	0.485457	0.438193	0.329048	0.234975	0.326047	0.428053	0.351289	0.345436	0.273319	0.220216	0.399992	0.286741	0.138264	0.32064	0.341455	0.445876	0.467359	0.356232	0.378436	0.450581	0.487608	0.497819	0.499419	
0.49698	0.4829	0.430716	0.318509	0.237048	0.342501	0.427147	0.349103	0.343183	0.271326	0.227328	0.408874	0.293534	0.149976	0.30362	0.343608	0.433582	0.476114	0.363367	0.373288	0.445181	0.485529	0.49733	0.499257	
0.496307	0.480008	0.42277	0.308454	0.240937	0.358473	0.424645	0.347666	0.340316	0.269645	0.236551	0.414669	0.299933	0.164431	0.285763	0.346218	0.421024	0.483185	0.371596	0.36884	0.439559	0.483202	0.496751	0.499056	
0.495512	0.476758	0.414391	0.299028	0.246593	0.373673	0.420767	0.34694	0.336871	0.268365	0.247711	0.417471	0.306021	0.18119	0.267601	0.348926	0.408547	0.488419	0.380765	0.365194	0.433763	0.480616	0.496071	0.498808	
0.494575	0.473128	0.405623	0.290381	0.253935	0.387834	0.415755	0.346856	0.332903	0.26758	0.260573	0.417443	0.311876	0.199768	0.249686	0.351375	0.396472	0.491712	0.390697	0.362442	0.427846	0.477761	0.495275	0.498504	
0.49348	0.4691	0.396522	0.282653	0.262846	0.400719	0.409864	0.347316	0.328492	0.267386	0.274851	0.414819	0.317573	0.219654	0.23257	0.353226	0.385084	0.49301	0.401189	0.360661	0.421872	0.47463	0.49435	0.498134	
0.492206	0.464658	0.387157	0.27598	0.273178	0.412128	0.403355	0.348202	0.323732	0.267876	0.290214	0.409887	0.323172	0.240326	0.216792	0.354169	0.374627	0.492311	0.412023	0.359916	0.415908	0.471221	0.493281	0.497686	
0.490732	0.45979	0.377603	0.270485	0.284754	0.421897	0.396486	0.349376	0.318736	0.269133	0.306303	0.402988	0.328721	0.261265	0.202852	0.353942	0.365292	0.489662	0.422967	0.360254	0.41003	0.467535	0.492054	0.497146	
0.489037	0.454488	0.367947	0.266278	0.297369	0.429907	0.389505	0.350696	0.313629	0.27123	0.322735	0.394501	0.334251	0.281977	0.191199	0.352336	0.357217	0.485161	0.433783	0.361702	0.404319	0.463578	0.490653	0.496501	
0.487099	0.448751	0.358288	0.263451	0.3108	0.436085	0.382644	0.352013	0.308546	0.274227	0.33912	0.384834	0.339776	0.301997	0.182216	0.349209	0.350479	0.478953	0.444231	0.364265	0.39886	0.459363	0.489062	0.495733	
0.484894	0.442582	0.348728	0.262076	0.324802	0.440401	0.376109	0.353184	0.303631	0.278163	0.355073	0.374411	0.34529	0.320911	0.176205	0.34449	0.3451	0.47122	0.454075	0.367924	0.393739	0.454904	0.487266	0.494824	
0.482399	0.435994	0.339379	0.262202	0.339124	0.442872	0.370077	0.354074	0.299026	0.283055	0.370222	0.363659	0.350769	0.338359	0.173382	0.338182	0.34104	0.46218	0.46309	0.37264	0.389043	0.450225	0.48525	0.493756	
0.479591	0.429003	0.330357	0.263856	0.353504	0.443559	0.364693	0.354566	0.294876	0.288899	0.384225	0.352998	0.356173	0.354046	0.173866	0.330363	0.338208	0.45208	0.47107	0.378347	0.38486	0.445354	0.483	0.492505	
0.476448	0.421637	0.321781	0.267036	0.367683	0.442563	0.360065	0.35456	0.291317	0.295663	0.396777	0.342828	0.361446	0.367749	0.177677	0.321186	0.336465	0.441183	0.477829	0.384957	0.381271	0.440327	0.480502	0.491049	
0.47295	0.413928	0.313771	0.271714	0.381407	0.440023	0.356262	0.353983	0.288478	0.303292	0.407617	0.333519	0.366522	0.379315	0.18474	0.310869	0.335632	0.429763	0.483209	0.392358	0.378355	0.435182	0.477745	0.489365	
0.469075	0.405921	0.306446	0.277835	0.394434	0.436107	0.353318	0.352789	0.286475	0.311702	0.41654	0.325398	0.371327	0.388669	0.194882	0.299692	0.335496	0.418098	0.487084	0.400419	0.376182	0.429967	0.47472	0.487425	
0.464806	0.397665	0.29992	0.285315	0.406538	0.431012	0.351226	0.350961	0.285407	0.320786	0.4234	0.318745	0.375783	0.395804	0.207844	0.287987	0.335825	0.406456	0.489362	0.40899	0.374812	0.424734	0.471417	0.485204	
0.460129	0.38922	0.294304	0.294046	0.417517	0.424953	0.34995	0.348512	0.285354	0.330414	0.428114	0.313783	0.379811	0.400783	0.223289	0.276121	0.336375	0.395091	0.48999	0.417904	0.374294	0.41954	0.467832	0.482674	
0.455031	0.380654	0.289696	0.303892	0.427197	0.418158	0.349417	0.345485	0.286375	0.340435	0.430666	0.310673	0.383339	0.403729	0.240812	0.264488	0.336902	0.384236	0.488953	0.426983	0.374664	0.414445	0.463963	0.479806	
0.449503	0.372041	0.286186	0.314699	0.435433	0.410863	0.349532	0.341952	0.288505	0.350684	0.4311	0.309513	0.386303	0.40482	0.259956	0.253492	0.337173	0.374092	0.486274	0.43604	0.375941	0.409513	0.459811	0.476573	
0.443543	0.363464	0.283847	0.326288	0.442117	0.4033	0.350176	0.338012	0.291754	0.360981	0.429528	0.310333	0.38865	0.404277	0.280224	0.243533	0.336977	0.364826	0.482017	0.444884	0.378131	0.404812	0.45538	0.472948	
0.437151	0.355009	0.28274	0.338466	0.447174	0.395695	0.351216	0.333786	0.296106	0.371139	0.426114	0.313099	0.390346	0.402355	0.301101	0.234993	0.336134	0.356564	0.476281	0.453324	0.381218	0.400407	0.450678	0.468904	
0.430332	0.34677	0.282904	0.351029	0.45057	0.388259	0.352508	0.329414	0.301521	0.38097	0.421079	0.317717	0.391375	0.399334	0.322064	0.22822	0.334501	0.349392	0.469199	0.461172	0.385171	0.396366	0.445717	0.464416	
0.4231	0.338842	0.28436	0.363762	0.452308	0.381184	0.353907	0.325051	0.307934	0.390288	0.414683	0.324032	0.391739	0.395504	0.342602	0.223517	0.331982	0.343352	0.460932	0.468252	0.389937	0.392754	0.440515	0.459462	
0.415472	0.331324	0.287108	0.376448	0.452427	0.374638	0.355269	0.32086	0.315254	0.398917	0.407225	0.331839	0.391466	0.391157	0.362234	0.221129	0.328531	0.338442	0.451668	0.474401	0.395447	0.389633	0.435092	0.454021	
0.407472	0.324313	0.291125	0.388869	0.451003	0.36876	0.356463	0.317008	0.32337	0.406693	0.399028	0.34089	0.390601	0.386578	0.380515	0.221235	0.324154	0.334621	0.441611	0.479471	0.401614	0.387057	0.429472	0.448079	
0.399132	0.317907	0.296364	0.400814	0.448143	0.363656	0.357367	0.313659	0.332152	0.413474	0.390428	0.350901	0.389215	0.382032	0.397059	0.223941	0.318912	0.331808	0.43098	0.48334	0.40833	0.385077	0.423686	0.441623	
0.390489	0.312198	0.302756	0.412084	0.443985	0.359402	0.357885	0.31097	0.341453	0.419139	0.381767	0.361567	0.387395	0.377759	0.411542	0.229275	0.312916	0.329892	0.419999	0.485908	0.415476	0.383733	0.417765	0.434647	
0.38159	0.307275	0.310211	0.422493	0.43869	0.356037	0.357939	0.309082	0.351112	0.423596	0.373376	0.372564	0.385244	0.373964	0.423713	0.237186	0.306326	0.328732	0.408895	0.487103	0.422917	0.383056	0.411746	0.427152	
0.372484	0.303217	0.318613	0.431876	0.432441	0.35357	0.357482	0.308122	0.360962	0.426785	0.365572	0.383569	0.382882	0.370816	0.4334	0.247543	0.299344	0.32817	0.397884	0.486885	0.430508	0.383065	0.405669	0.419143	
0.36323	0.300097	0.327831	0.440088	0.425433	0.351975	0.356491	0.30819	0.370827	0.428677	0.358642	0.394262	0.380434	0.368444	0.440513	0.260141	0.29221	0.328033	0.387172	0.485241	0.438092	0.383766	0.399576	0.410636	
0.353891	0.297974	0.33771	0.447016	0.41787	0.3512	0.354977	0.309362	0.380531	0.429279	0.352838	0.404345	0.378032	0.366931	0.44504	0.274707	0.285187	0.328145	0.376946	0.482194	0.44551	0.385153	0.39351	0.401651	
0.344536	0.296896	0.348084	0.452572	0.409961	0.351166	0.352975	0.311684	0.389905	0.428632	0.348368	0.413544	0.375808	0.366318	0.447052	0.290907	0.278556	0.328334	0.367369	0.477794	0.4526	0.387201	0.387518	0.39222	
0.335239	0.296895	0.35877	0.4567	0.401909	0.351772	0.350553	0.315172	0.398781	0.426812	0.345389	0.421621	0.373889	0.366606	0.446691	0.308359	0.272605	0.328437	0.358575	0.472123	0.459201	0.389873	0.381646	0.382383	
0.326077	0.297987	0.369577	0.459379	0.39391	0.352903	0.3478	0.319808	0.407008	0.423925	0.344006	0.42838	0.372392	0.367758	0.444166	0.326643	0.267614	0.328311	0.35067	0.465291	0.465155	0.393115	0.375939	0.372188	
0.31713	0.300173	0.380306	0.460617	0.386146	0.354431	0.344828	0.325543	0.414447	0.420109	0.344267	0.433674	0.371421	0.3697	0.439743	0.345314	0.263851	0.327838	0.343723	0.457429	0.470313	0.396857	0.370442	0.361695	
0.308479	0.303435	0.390758	0.460457	0.378778	0.356224	0.341767	0.332298	0.42098	0.415525	0.346165	0.437408	0.371061	0.372333	0.433733	0.363921	0.261554	0.32693	0.337773	0.448695	0.47454	0.401016	0.365197	0.350972	
0.300207	0.307737	0.400731	0.458973	0.371948	0.358149	0.33876	0.339964	0.426507	0.410355	0.349636	0.439539	0.371376	0.375534	0.426483	0.382015	0.260926	0.325533	0.332823	0.439259	0.477714	0.405491	0.360245	0.340096	
0.292394	0.313025	0.410031	0.456268	0.365768	0.36008	0.335956	0.348405	0.430957	0.404796	0.354565	0.440079	0.372405	0.379167	0.41836	0.399167	0.262122	0.323632	0.328842	0.429306	0.479729	0.410171	0.355621	0.329154	
0.285119	0.319227	0.418472	0.45247	0.360325	0.361902	0.333508	0.357464	0.43428	0.399056	0.360789	0.439094	0.374161	0.383083	0.409739	0.414982	0.26525	0.321249	0.325772	0.419029	0.480501	0.414932	0.351356	0.318239	
0.278458	0.326256	0.42588	0.447731	0.355674	0.363513	0.331564	0.366965	0.436456	0.393344	0.368107	0.436699	0.376632	0.387136	0.400991	0.429106	0.270355	0.318445	0.323526	0.408622	0.47997	0.41964	0.347477	0.307454	
0.272479	0.334007	0.432098	0.442222	0.35184	0.364833	0.330262	0.376719	0.437492	0.387867	0.376282	0.433051	0.379779	0.391181	0.392471	0.441243	0.277427	0.315316	0.321996	0.398276	0.478097	0.424154	0.344005	0.296906	
0.267246	0.342362	0.436987	0.436127	0.348819	0.365803	0.329726	0.386528	0.437421	0.382821	0.385053	0.428347	0.383535	0.395085	0.384506	0.451161	0.286389	0.311994	0.321056	0.388176	0.474869	0.428329	0.340952	0.286707	
0.262816	0.351192	0.440433	0.429642	0.346579	0.366389	0.33006	0.396194	0.436304	0.378388	0.394145	0.422817	0.387813	0.39873	0.377384	0.458696	0.297106	0.308636	0.320569	0.378494	0.470298	0.432017	0.338326	0.276974	
0.259233	0.360356	0.442342	0.422964	0.34506	0.366581	0.331346	0.405519	0.434224	0.374729	0.403276	0.416708	0.392505	0.40202	0.371349	0.463759	0.309386	0.305422	0.320392	0.369384	0.464422	0.435072	0.336127	0.267823	
0.256535	0.369709	0.442649	0.416293	0.344181	0.366397	0.333637	0.414315	0.431291	0.371977	0.412168	0.410286	0.397486	0.404878	0.366593	0.466338	0.322984	0.302549	0.320383	0.360981	0.457301	0.43735	0.334348	0.25937	
0.254746	0.379099	0.441317	0.40982	0.343843	0.365879	0.336959	0.422406	0.42763	0.370238	0.420557	0.403817	0.402619	0.407254	0.363252	0.466495	0.33761	0.300219	0.320406	0.353394	0.449019	0.438717	0.332975	0.251728	
0.25388	0.388376	0.438334	0.403726	0.343929	0.365091	0.341304	0.429636	0.423386	0.369582	0.428202	0.397564	0.407761	0.409124	0.361405	0.464362	0.352936	0.298634	0.320337	0.346708	0.439679	0.439048	0.331989	0.245008	
0.253936	0.397389	0.433719	0.398179	0.344315	0.364119	0.346635	0.435872	0.418713	0.370046	0.434888	0.391775	0.412767	0.410487	0.361071	0.460137	0.368611	0.297987	0.320067	0.340982	0.429402	0.438231	0.331363	0.239308	
0.254903	0.405996	0.427515	0.393326	0.344871	0.363063	0.352885	0.441003	0.413776	0.37163	0.440441	0.386677	0.417495	0.411368	0.362217	0.454077	0.384266	0.298453	0.319512	0.336243	0.418324	0.436172	0.331065	0.234721	
0.256754	0.414063	0.419794	0.389291	0.34547	0.362038	0.359956	0.444952	0.408744	0.374296	0.444726	0.382466	0.421813	0.41181	0.364754	0.446484	0.39953	0.300181	0.31861	0.332493	0.406591	0.432795	0.331061	0.231326	
0.25945	0.421466	0.41065	0.386175	0.345986	0.361166	0.367726	0.44767	0.403783	0.377976	0.447655	0.379302	0.425602	0.411878	0.368551	0.4377	0.41404	0.30329	0.317327	0.329708	0.394357	0.428044	0.331311	0.229188	
0.262942	0.428097	0.400198	0.38405	0.346305	0.360571	0.376047	0.449138	0.399057	0.382566	0.449187	0.377305	0.428761	0.411647	0.373436	0.42809	0.427454	0.307858	0.315655	0.327838	0.381778	0.421889	0.331775	0.228355	
0.267166	0.433868	0.388573	0.382958	0.34633	0.360374	0.384757	0.449373	0.39472	0.387935	0.44933	0.376552	0.431211	0.411205	0.379206	0.418033	0.439459	0.313921	0.313619	0.326812	0.369011	0.414322	0.332411	0.228855	
0.272047	0.438707	0.375924	0.382916	0.345978	0.360688	0.393678	0.448421	0.390911	0.393927	0.44814	0.37707	0.432898	0.410642	0.385638	0.407906	0.449786	0.321468	0.311267	0.326541	0.356207	0.405361	0.333178	0.230699	
0.277503	0.442567	0.362415	0.383909	0.345189	0.361615	0.402623	0.446356	0.387753	0.40037	0.445717	0.378845	0.433795	0.410051	0.392494	0.398073	0.458212	0.330443	0.308675	0.326923	0.343509	0.395052	0.334038	0.233874	
0.283441	0.445421	0.348214	0.385896	0.343927	0.363235	0.411405	0.443283	0.38535	0.407075	0.442201	0.381814	0.433903	0.409521	0.399534	0.388877	0.464577	0.340737	0.305939	0.327844	0.331048	0.383463	0.334953	0.238343	
0.289761	0.447267	0.333496	0.38881	0.34218	0.365611	0.419839	0.439327	0.383781	0.413849	0.437766	0.385875	0.433252	0.409131	0.406523	0.380624	0.468776	0.352198	0.303174	0.329186	0.318941	0.37069	0.335893	0.244047	
0.296361	0.448129	0.318438	0.392563	0.339962	0.368776	0.42775	0.434635	0.383101	0.420498	0.432615	0.390888	0.431896	0.408951	0.413241	0.373573	0.470776	0.36463	0.300507	0.330831	0.307288	0.356852	0.336833	0.250904	
0.303132	0.448052	0.303212	0.397044	0.337311	0.37274	0.434975	0.42937	0.383339	0.426832	0.426973	0.396682	0.429916	0.409034	0.419488	0.367938	0.470607	0.377799	0.298073	0.332665	0.29617	0.342089	0.337754	0.258807	
0.309967	0.447103	0.287984	0.402129	0.334289	0.377479	0.441375	0.423705	0.384496	0.432677	0.421074	0.403058	0.427415	0.40942	0.425093	0.36387	0.468363	0.391439	0.296007	0.334583	0.285646	0.32656	0.338643	0.267624	
0.316757	0.445374	0.272914	0.407681	0.330981	0.382942	0.44683	0.417822	0.386545	0.437872	0.415158	0.409804	0.424513	0.410128	0.429917	0.361465	0.464203	0.405259	0.29444	0.33649	0.275759	0.310442	0.339499	0.277206	
0.323398	0.44297	0.258146	0.413553	0.32749	0.389046	0.451252	0.4119	0.389437	0.442284	0.409462	0.416695	0.421345	0.411161	0.433858	0.360752	0.458341	0.418952	0.293491	0.338308	0.266526	0.293924	0.340327	0.28738	
0.329789	0.440018	0.243815	0.419598	0.323934	0.395681	0.454579	0.406119	0.393094	0.445804	0.404206	0.423506	0.418054	0.412503	0.436853	0.361706	0.451039	0.432206	0.293264	0.339979	0.257948	0.277207	0.341141	0.297958	
0.335837	0.436653	0.230037	0.425666	0.320443	0.402712	0.456783	0.400646	0.397419	0.448355	0.399594	0.430018	0.414786	0.414123	0.438877	0.364238	0.442603	0.444709	0.29384	0.341463	0.250007	0.260495	0.341962	0.308735	
0.341456	0.433022	0.216915	0.431615	0.317153	0.409978	0.45787	0.395637	0.402294	0.449892	0.395801	0.436027	0.411686	0.415974	0.439944	0.368212	0.433365	0.456162	0.295272	0.342742	0.242668	0.243997	0.342821	0.319497	
0.346572	0.429276	0.204534	0.437308	0.314204	0.417303	0.457876	0.391232	0.407587	0.450406	0.392969	0.441349	0.408891	0.417998	0.440101	0.373442	0.423682	0.466288	0.297586	0.343819	0.235886	0.227918	0.343754	0.33002	
0.351119	0.425567	0.192962	0.442623	0.311731	0.424495	0.456871	0.38755	0.413152	0.449921	0.391204	0.445829	0.406526	0.420129	0.43943	0.379706	0.413914	0.47484	0.300775	0.344717	0.229601	0.212459	0.344804	0.340076	
0.355047	0.422046	0.182252	0.44745	0.309864	0.431354	0.454951	0.384686	0.418839	0.448495	0.39057	0.449344	0.404699	0.422294	0.438036	0.386753	0.404421	0.481606	0.304795	0.345479	0.223752	0.19781	0.346016	0.349441	
0.358316	0.418854	0.172444	0.451696	0.308721	0.437679	0.452239	0.38271	0.42449	0.446217	0.391092	0.451807	0.403497	0.424422	0.436049	0.394312	0.395547	0.486422	0.309573	0.346163	0.218269	0.184149	0.347441	0.35789	
0.3609	0.416122	0.163563	0.455289	0.308403	0.443271	0.448882	0.381665	0.429954	0.443202	0.392751	0.453172	0.402984	0.426439	0.433613	0.402105	0.387609	0.489169	0.315002	0.346842	0.213088	0.171637	0.349126	0.365214	
0.362787	0.413966	0.155624	0.458172	0.308993	0.44794	0.44504	0.38157	0.435081	0.439591	0.395488	0.45343	0.403197	0.428281	0.430878	0.409853	0.38089	0.489783	0.320943	0.347597	0.208146	0.160417	0.35112	0.371213	
0.363978	0.412482	0.148633	0.460311	0.310553	0.451513	0.440889	0.382413	0.439735	0.435541	0.399206	0.452613	0.404146	0.429891	0.427999	0.417291	0.375628	0.488256	0.327235	0.348515	0.203389	0.150609	0.353466	0.37571	
0.364489	0.411745	0.142591	0.461689	0.313117	0.453835	0.436608	0.384158	0.443791	0.431225	0.403775	0.450793	0.405813	0.431222	0.425126	0.424171	0.37201	0.48463	0.333693	0.349684	0.198774	0.142312	0.356201	0.378547	
0.364344	0.411805	0.137493	0.46231	0.316698	0.454779	0.432378	0.386747	0.447144	0.42682	0.409037	0.448074	0.408153	0.432243	0.422397	0.430278	0.370167	0.479005	0.340118	0.351188	0.194272	0.1356	0.359355	0.379597	
0.36358	0.412686	0.133334	0.462192	0.321278	0.454247	0.428375	0.390099	0.449709	0.422506	0.41481	0.444591	0.411096	0.432937	0.419936	0.43543	0.370169	0.471526	0.346302	0.353102	0.189869	0.13052	0.362946	0.37876	
0.362245	0.414385	0.13011	0.461368	0.326817	0.452175	0.424762	0.394113	0.451424	0.418455	0.420898	0.440503	0.414552	0.433303	0.417846	0.439487	0.372025	0.462385	0.352035	0.355491	0.185569	0.127096	0.366981	0.375973	
0.360393	0.41687	0.127818	0.459884	0.333247	0.448535	0.421688	0.398676	0.452252	0.414831	0.427098	0.435991	0.41841	0.433355	0.416207	0.442353	0.375685	0.451813	0.357114	0.3584	0.181394	0.125327	0.371453	0.371207	
0.358084	0.420082	0.126462	0.457795	0.340478	0.443334	0.41928	0.403663	0.45218	0.411779	0.433205	0.431244	0.422544	0.433124	0.415072	0.443982	0.381037	0.440069	0.361348	0.361857	0.177383	0.125187	0.376339	0.364472	
0.355383	0.423935	0.126047	0.455165	0.3484	0.43662	0.417637	0.408941	0.451223	0.409422	0.439022	0.426458	0.426822	0.432653	0.414467	0.444373	0.38792	0.427436	0.364568	0.365866	0.173594	0.126631	0.3816	0.355817	
0.352359	0.428319	0.126589	0.452057	0.356886	0.428478	0.416833	0.414377	0.44942	0.407857	0.444365	0.421826	0.431103	0.431997	0.414393	0.443573	0.396122	0.414208	0.366628	0.370409	0.1701	0.12959	0.38718	0.34533	
0.349078	0.4331	0.128106	0.44854	0.365793	0.419028	0.416909	0.419837	0.446834	0.407151	0.449071	0.417532	0.435251	0.431221	0.414822	0.44167	0.405393	0.400686	0.36742	0.375441	0.166989	0.133981	0.393008	0.333138	
0.345608	0.438127	0.130625	0.444679	0.374971	0.408424	0.41787	0.425194	0.443551	0.407342	0.453004	0.413743	0.439133	0.430395	0.415704	0.438793	0.41545	0.387161	0.366871	0.380893	0.164357	0.139703	0.398995	0.319406	
0.342012	0.443234	0.134174	0.440536	0.384263	0.396849	0.419692	0.43033	0.439674	0.408433	0.456058	0.410604	0.442628	0.429593	0.416967	0.435105	0.425988	0.373912	0.364949	0.386672	0.162311	0.146644	0.405037	0.304333	
0.338349	0.448242	0.138787	0.436166	0.393513	0.384512	0.422315	0.43514	0.435323	0.410395	0.45816	0.408236	0.445633	0.428885	0.418522	0.430794	0.436692	0.361194	0.361667	0.392666	0.160959	0.154683	0.411019	0.28815	
0.334669	0.452967	0.144498	0.431617	0.402567	0.371644	0.425647	0.439535	0.43063	0.413166	0.459274	0.406725	0.44806	0.428342	0.420268	0.426067	0.447242	0.34923	0.357083	0.398741	0.160411	0.163691	0.41681	0.271116	
0.331019	0.457224	0.151339	0.426931	0.41128	0.358488	0.429567	0.443443	0.425735	0.416657	0.459402	0.406128	0.449848	0.428023	0.422094	0.421142	0.457328	0.338208	0.3513	0.40475	0.160768	0.173536	0.422275	0.253514	
0.327434	0.460833	0.159337	0.422138	0.419517	0.345299	0.43393	0.446814	0.420781	0.420751	0.458581	0.406464	0.450957	0.427979	0.42389	0.416242	0.466655	0.328272	0.344461	0.410538	0.162125	0.184087	0.42727	0.235646	
0.323942	0.463619	0.168513	0.41726	0.42716	0.332332	0.438566	0.449615	0.415913	0.42531	0.456884	0.407718	0.451377	0.428247	0.425544	0.411581	0.474955	0.319521	0.336753	0.415941	0.164562	0.195211	0.431651	0.217824	
0.32056	0.465426	0.178877	0.412313	0.434108	0.319841	0.443289	0.451838	0.41127	0.430178	0.454412	0.409842	0.451121	0.428848	0.426953	0.407366	0.481994	0.312009	0.328392	0.420799	0.168142	0.20678	0.435272	0.200371	
0.317298	0.466111	0.190423	0.407304	0.440279	0.308069	0.447904	0.453492	0.406981	0.435186	0.451297	0.412756	0.450232	0.429787	0.428024	0.403778	0.487575	0.305741	0.319626	0.424957	0.172905	0.218673	0.437997	0.183605	
0.314155	0.465558	0.20313	0.402234	0.445614	0.297245	0.452206	0.454608	0.403165	0.440161	0.447689	0.416352	0.448773	0.431054	0.428681	0.400977	0.491545	0.300678	0.310722	0.428274	0.178871	0.230773	0.439695	0.167841	
0.311123	0.463673	0.216956	0.397101	0.450077	0.287578	0.455992	0.455233	0.399924	0.444928	0.443758	0.420499	0.446831	0.432619	0.428864	0.39909	0.4938	0.296739	0.301962	0.430623	0.186027	0.242972	0.44025	0.153381	
0.308187	0.460394	0.231837	0.391903	0.453651	0.279249	0.459067	0.45543	0.397343	0.449319	0.439679	0.425049	0.444512	0.434435	0.428534	0.39821	0.494281	0.293804	0.293632	0.431903	0.194339	0.25517	0.439564	0.140508	
0.305327	0.455688	0.247685	0.386636	0.456345	0.272412	0.461246	0.455273	0.395486	0.453175	0.435632	0.429841	0.441934	0.436441	0.427676	0.398393	0.49298	0.291724	0.286015	0.43204	0.203739	0.267273	0.437557	0.129479	
0.302517	0.449557	0.264385	0.381303	0.458186	0.267189	0.462363	0.454847	0.394395	0.456357	0.431793	0.434709	0.439225	0.438564	0.426293	0.399657	0.489933	0.290327	0.27938	0.430989	0.214133	0.279199	0.434177	0.120523	
0.299731	0.442032	0.281798	0.375908	0.45922	0.263667	0.462273	0.454241	0.394091	0.458745	0.428324	0.439488	0.436518	0.440719	0.424415	0.401981	0.485219	0.289423	0.273975	0.428739	0.2254	0.29087	0.429394	0.113831	
0.296939	0.43318	0.299757	0.370466	0.459508	0.261895	0.460863	0.453544	0.394571	0.460244	0.425374	0.444022	0.433944	0.442813	0.422089	0.40531	0.478956	0.288814	0.27002	0.425317	0.237395	0.302214	0.423211	0.109556	
0.294115	0.423097	0.318071	0.365	0.459125	0.261887	0.458049	0.452846	0.395811	0.460789	0.423066	0.448164	0.431631	0.44475	0.419382	0.409553	0.471295	0.288304	0.267698	0.420782	0.249948	0.313166	0.415661	0.107809	
0.291236	0.411908	0.336529	0.359544	0.458156	0.263621	0.45378	0.452229	0.397769	0.460342	0.421499	0.451792	0.429693	0.446433	0.416377	0.414589	0.462412	0.287708	0.267149	0.415231	0.262875	0.323665	0.406805	0.108656	
0.288283	0.399767	0.354895	0.354145	0.45669	0.267039	0.448047	0.451765	0.400381	0.458901	0.42074	0.454801	0.428231	0.44777	0.413171	0.420275	0.452502	0.286854	0.268468	0.408794	0.275974	0.33365	0.396741	0.112115	
0.285245	0.386846	0.372922	0.34886	0.454821	0.272051	0.440874	0.451514	0.40357	0.456491	0.420822	0.457119	0.427325	0.448673	0.409868	0.426445	0.441773	0.2856	0.271696	0.401631	0.289039	0.343065	0.385592	0.118159	
0.282117	0.373338	0.390347	0.34376	0.452642	0.278538	0.432326	0.45152	0.407247	0.453169	0.421745	0.458699	0.427034	0.449065	0.406577	0.432919	0.430436	0.28383	0.276825	0.393928	0.301858	0.35185	0.373514	0.126714	
0.278905	0.359447	0.406905	0.338927	0.450241	0.286354	0.422504	0.451809	0.411313	0.44902	0.423474	0.459529	0.427392	0.448885	0.40341	0.439512	0.418702	0.281466	0.283793	0.385894	0.314222	0.359947	0.360689	0.137662	
0.275626	0.345387	0.422325	0.334451	0.447701	0.295329	0.411546	0.452388	0.415662	0.444155	0.425944	0.459626	0.428405	0.448083	0.400473	0.446034	0.406769	0.27847	0.292486	0.377751	0.325931	0.367297	0.347321	0.150841	
0.272308	0.331373	0.436347	0.330431	0.445093	0.305278	0.399621	0.453243	0.420187	0.438704	0.429057	0.459038	0.430055	0.44663	0.397866	0.4523	0.394824	0.274843	0.302742	0.369732	0.336799	0.373838	0.333634	0.166055	
0.268988	0.317618	0.448717	0.326972	0.44248	0.316002	0.386927	0.45434	0.424784	0.432815	0.432688	0.457843	0.432297	0.444515	0.39568	0.458136	0.383033	0.270632	0.314358	0.362072	0.346657	0.379507	0.319869	0.18307	
0.265717	0.304325	0.459204	0.324179	0.43991	0.327293	0.373687	0.455624	0.429351	0.426649	0.436694	0.456141	0.43506	0.441747	0.393991	0.463379	0.371536	0.26592	0.32709	0.355001	0.355364	0.384238	0.306273	0.201625	
0.262556	0.291685	0.467599	0.322156	0.437419	0.338941	0.360143	0.457023	0.433796	0.420373	0.440911	0.454056	0.438252	0.438354	0.392858	0.467889	0.360451	0.260832	0.340665	0.348736	0.362803	0.387967	0.293101	0.221436	
0.259573	0.279871	0.473723	0.321001	0.435026	0.350736	0.34655	0.458448	0.438035	0.414153	0.445167	0.451726	0.441762	0.434382	0.392324	0.471544	0.349866	0.255523	0.354786	0.343475	0.368891	0.390631	0.280604	0.242203	
0.256849	0.269031	0.477435	0.320803	0.432742	0.362474	0.33317	0.459794	0.442	0.408154	0.449286	0.449299	0.445464	0.429895	0.392413	0.474248	0.339843	0.25018	0.369143	0.339391	0.373576	0.392168	0.269027	0.263615	
0.254468	0.259289	0.478632	0.321639	0.43056	0.373962	0.320267	0.460949	0.445633	0.402531	0.453093	0.446927	0.44922	0.424974	0.393128	0.475931	0.330415	0.245009	0.383421	0.336628	0.376844	0.392523	0.258599	0.285357	
0.25252	0.250739	0.477259	0.323565	0.428467	0.385018	0.308099	0.461791	0.448895	0.397425	0.456422	0.444762	0.452888	0.41971	0.394456	0.476549	0.321595	0.24023	0.397309	0.335291	0.378714	0.391645	0.249534	0.307118	
0.251097	0.243446	0.473306	0.326621	0.426437	0.39548	0.296913	0.462197	0.451759	0.392957	0.459122	0.442943	0.456325	0.414206	0.396362	0.476083	0.31337	0.236068	0.410508	0.335448	0.379241	0.389496	0.242017	0.328597	
0.250291	0.23744	0.466815	0.330819	0.424442	0.4052	0.286938	0.462047	0.454215	0.389231	0.461061	0.441601	0.45939	0.40857	0.398798	0.47454	0.305714	0.232749	0.422742	0.337123	0.378511	0.386048	0.236207	0.349508	
0.250192	0.232722	0.457876	0.336147	0.422445	0.414056	0.27838	0.461226	0.456266	0.386323	0.462134	0.440841	0.461954	0.402914	0.4017	0.471949	0.298586	0.230482	0.433766	0.3403	0.37664	0.381289	0.232227	0.369587	
0.250883	0.229259	0.446631	0.342563	0.420411	0.421944	0.271416	0.459629	0.457929	0.384286	0.462263	0.440747	0.463901	0.397348	0.404992	0.468358	0.291937	0.229459	0.443368	0.344919	0.373772	0.375225	0.230163	0.388596	
0.252441	0.226992	0.433269	0.349997	0.418306	0.428786	0.266192	0.45717	0.45923	0.383145	0.461402	0.441375	0.465131	0.391982	0.40859	0.463835	0.285716	0.229846	0.451381	0.350876	0.370071	0.367879	0.230063	0.406329	
0.25493	0.225831	0.418022	0.358348	0.416101	0.434524	0.262815	0.453778	0.460204	0.382899	0.459538	0.442749	0.465567	0.386914	0.412401	0.458458	0.279873	0.231772	0.457682	0.358033	0.365715	0.3593	0.231931	0.422613	
0.258402	0.225666	0.401166	0.367488	0.413772	0.439125	0.261358	0.449409	0.46089	0.383523	0.456695	0.44486	0.465155	0.382237	0.416332	0.452318	0.274367	0.235328	0.4622	0.366215	0.360894	0.349555	0.235731	0.437313	
0.262894	0.226367	0.383008	0.377261	0.411306	0.442577	0.261848	0.444041	0.461332	0.384968	0.452924	0.447666	0.463866	0.37803	0.420287	0.445512	0.269164	0.240559	0.464912	0.375218	0.355802	0.33874	0.241386	0.450331	
0.268425	0.227789	0.363886	0.387485	0.4087	0.444886	0.264274	0.437684	0.461573	0.387162	0.448314	0.451093	0.461696	0.374358	0.424175	0.438139	0.264247	0.247464	0.465846	0.384815	0.350631	0.326973	0.248777	0.461609	
0.274995	0.229777	0.344158	0.397959	0.405962	0.446078	0.268583	0.430374	0.461651	0.390019	0.442978	0.455034	0.458668	0.37127	0.427906	0.430299	0.259614	0.255993	0.46508	0.394764	0.345564	0.314397	0.257748	0.471129	
0.282585	0.232171	0.324195	0.408464	0.403115	0.446197	0.274681	0.422181	0.461601	0.393437	0.437056	0.459358	0.454831	0.368801	0.431402	0.42209	0.255279	0.266046	0.462735	0.404813	0.340768	0.301177	0.268111	0.478907	
0.291155	0.234815	0.304371	0.418769	0.400192	0.445298	0.282436	0.4132	0.461449	0.397305	0.430706	0.463906	0.450255	0.366968	0.434589	0.413606	0.251279	0.277479	0.458973	0.414709	0.336394	0.287501	0.279648	0.484997	
0.300644	0.237557	0.285057	0.428639	0.397242	0.44345	0.291682	0.403558	0.46121	0.401506	0.424104	0.468502	0.44503	0.365775	0.437406	0.404933	0.247664	0.290103	0.453991	0.424206	0.332566	0.273575	0.292116	0.489483	
0.310972	0.240256	0.26661	0.437835	0.394323	0.440732	0.30222	0.393408	0.460889	0.405924	0.417431	0.472957	0.439263	0.365209	0.439801	0.396151	0.244504	0.30369	0.448015	0.433072	0.329382	0.25962	0.305255	0.49248	
0.322039	0.242789	0.249367	0.446127	0.391504	0.43723	0.313825	0.382925	0.46048	0.410443	0.410874	0.477072	0.433075	0.365245	0.441734	0.387333	0.241879	0.317981	0.441289	0.441095	0.326907	0.245869	0.318794	0.494125	
0.333728	0.245051	0.233631	0.453298	0.38886	0.433036	0.32625	0.372302	0.459964	0.414957	0.404615	0.480649	0.426593	0.365848	0.443177	0.378541	0.239881	0.332693	0.434071	0.44809	0.325174	0.232562	0.332455	0.494573	
0.345904	0.246962	0.219673	0.459148	0.386474	0.428244	0.33923	0.361749	0.45931	0.419367	0.398828	0.483494	0.41995	0.366971	0.44411	0.369835	0.238608	0.347524	0.426624	0.453907	0.324185	0.219942	0.345965	0.493996	
0.358422	0.248468	0.207717	0.463502	0.384427	0.42295	0.352491	0.351483	0.458478	0.423591	0.393669	0.485424	0.413276	0.368564	0.444525	0.361266	0.238157	0.362166	0.419206	0.458431	0.323906	0.208245	0.359058	0.492574	
0.371123	0.249542	0.197939	0.466218	0.382803	0.417253	0.365754	0.341726	0.45742	0.427559	0.389279	0.486274	0.406698	0.370572	0.444422	0.35288	0.238625	0.37631	0.412066	0.461587	0.324275	0.197702	0.371484	0.490489	
0.383842	0.250185	0.190462	0.467187	0.381679	0.411248	0.378741	0.332696	0.45608	0.431221	0.385771	0.485902	0.40033	0.372937	0.443807	0.344721	0.240094	0.389659	0.405432	0.463343	0.3252	0.188527	0.383014	0.487923	
0.396411	0.250426	0.185354	0.466337	0.381126	0.405029	0.39118	0.324602	0.454401	0.434542	0.383231	0.484191	0.394276	0.375603	0.442695	0.336833	0.242637	0.401933	0.399507	0.463707	0.326564	0.180913	0.393447	0.485052	
0.40866	0.250323	0.182627	0.463642	0.381202	0.398688	0.402815	0.317638	0.452325	0.437507	0.381716	0.481056	0.388622	0.378517	0.441104	0.329257	0.246302	0.412881	0.394467	0.46273	0.328233	0.17503	0.402615	0.482041	
0.420423	0.249957	0.182236	0.459118	0.381953	0.392312	0.413405	0.311977	0.449798	0.440117	0.38125	0.476448	0.383434	0.381629	0.439057	0.322037	0.251118	0.422283	0.390452	0.460502	0.330057	0.171014	0.410384	0.479039	
0.431539	0.24943	0.18408	0.452824	0.383408	0.385985	0.422736	0.307764	0.446773	0.442388	0.381825	0.470351	0.378759	0.384897	0.436578	0.315222	0.257083	0.429962	0.387562	0.457146	0.331878	0.168969	0.41666	0.476179	
0.44186	0.248864	0.188009	0.444866	0.385578	0.379789	0.430618	0.305115	0.443214	0.44435	0.383402	0.462786	0.374621	0.388285	0.433693	0.308861	0.264167	0.435786	0.385863	0.452817	0.333535	0.16896	0.42139	0.473572	
0.451251	0.248392	0.193827	0.43539	0.388453	0.373799	0.436896	0.304106	0.439098	0.446045	0.38591	0.453809	0.371023	0.391762	0.430431	0.303011	0.272305	0.439672	0.385377	0.447695	0.334873	0.171008	0.424561	0.471309	
0.459592	0.248156	0.201295	0.424581	0.392003	0.368089	0.441445	0.304776	0.434418	0.44752	0.389252	0.443511	0.367945	0.395307	0.42682	0.297729	0.281402	0.441588	0.386092	0.441978	0.335746	0.175096	0.426202	0.469456	
0.466785	0.248303	0.210144	0.41266	0.396178	0.362726	0.44418	0.307121	0.42919	0.44883	0.393307	0.432016	0.365351	0.398904	0.42289	0.293078	0.291329	0.441555	0.387956	0.435875	0.336027	0.181161	0.426383	0.468055	
0.472753	0.248973	0.220076	0.399877	0.400905	0.357776	0.445051	0.311095	0.423447	0.45003	0.397931	0.419473	0.363184	0.402542	0.418671	0.289122	0.301927	0.439643	0.390886	0.4296	0.335607	0.189096	0.425208	0.467127	
0.477444	0.250302	0.23078	0.386505	0.406095	0.3533	0.444048	0.316608	0.417246	0.451174	0.402967	0.406057	0.361376	0.406215	0.414195	0.285927	0.313008	0.435972	0.394771	0.423364	0.334408	0.198754	0.422814	0.466669	
0.480829	0.252409	0.241932	0.372833	0.41164	0.349353	0.441199	0.323527	0.410667	0.45231	0.408247	0.391963	0.359845	0.409919	0.409498	0.283556	0.324361	0.430707	0.399476	0.417367	0.332379	0.209951	0.41937	0.466662	
0.482908	0.255397	0.253215	0.359163	0.417419	0.34599	0.436566	0.331679	0.40381	0.453478	0.413594	0.377399	0.358504	0.413652	0.404615	0.282069	0.335756	0.424051	0.404847	0.411792	0.329503	0.222466	0.415064	0.467064	
0.483704	0.259344	0.264316	0.345793	0.423298	0.343257	0.430247	0.340855	0.396798	0.454709	0.418834	0.362582	0.357262	0.417408	0.39959	0.281518	0.346949	0.416242	0.410719	0.406802	0.325799	0.236048	0.410104	0.467822	
0.483267	0.2643	0.274946	0.333017	0.429138	0.341197	0.422374	0.350814	0.389769	0.456022	0.423795	0.347731	0.356028	0.42118	0.394468	0.281947	0.357691	0.407543	0.416922	0.402529	0.321318	0.250423	0.404708	0.468873	
0.481673	0.270287	0.284838	0.321116	0.434794	0.339848	0.413105	0.361288	0.382879	0.457423	0.428316	0.333063	0.354717	0.424957	0.389301	0.283385	0.367731	0.398236	0.423285	0.399075	0.316148	0.265297	0.399097	0.470142	
0.479017	0.277292	0.293762	0.310346	0.440123	0.33924	0.402624	0.371988	0.376293	0.458903	0.432249	0.318787	0.35325	0.428718	0.384146	0.285848	0.376827	0.388614	0.429643	0.396508	0.310407	0.280368	0.393493	0.471552	
0.475419	0.285273	0.301524	0.300937	0.444989	0.339396	0.391136	0.382613	0.370181	0.460441	0.43546	0.305101	0.351561	0.432439	0.379069	0.289333	0.384749	0.37897	0.435845	0.394859	0.304241	0.295328	0.388108	0.473026	
0.471014	0.294149	0.307978	0.293083	0.449264	0.340333	0.378861	0.392856	0.364717	0.462001	0.437839	0.292184	0.349599	0.436085	0.374139	0.293817	0.391292	0.369595	0.441752	0.394123	0.297821	0.309873	0.383137	0.474489	
0.465953	0.303811	0.313022	0.286937	0.452833	0.342056	0.366032	0.402411	0.360066	0.463536	0.439297	0.280196	0.347326	0.439612	0.369433	0.299256	0.396276	0.360762	0.447248	0.394261	0.291336	0.323712	0.378759	0.47587	
0.460399	0.314119	0.316605	0.282609	0.455601	0.344563	0.352888	0.410983	0.356386	0.46499	0.439767	0.269275	0.344725	0.44297	0.36503	0.305581	0.399554	0.352725	0.452236	0.3952	0.284988	0.336572	0.375126	0.477108	
0.454519	0.324906	0.318725	0.280162	0.457492	0.347841	0.339668	0.418296	0.353816	0.466299	0.43921	0.259531	0.341796	0.446099	0.361016	0.312702	0.40102	0.345713	0.456648	0.396837	0.278985	0.348205	0.372361	0.478152	
0.44849	0.335981	0.31943	0.27961	0.458455	0.351866	0.32661	0.424098	0.352475	0.467394	0.437608	0.251051	0.338557	0.448935	0.357477	0.320506	0.400607	0.339919	0.460437	0.399048	0.273532	0.358396	0.370555	0.478965	
0.442483	0.347137	0.31881	0.280919	0.458464	0.356603	0.313942	0.428172	0.352452	0.468205	0.434968	0.243894	0.335044	0.451407	0.354495	0.328858	0.398295	0.335501	0.463584	0.401685	0.268828	0.366966	0.369766	0.479522	
0.436667	0.358155	0.317001	0.284007	0.457522	0.362004	0.301882	0.430336	0.353806	0.468661	0.431322	0.238094	0.331308	0.453445	0.352153	0.337604	0.39411	0.332577	0.466094	0.404591	0.265056	0.373778	0.370017	0.479813	
0.431204	0.368809	0.314171	0.288747	0.455656	0.368011	0.290629	0.430457	0.356556	0.468697	0.42672	0.233659	0.327417	0.454977	0.350525	0.346573	0.388124	0.331222	0.467992	0.407598	0.262376	0.378741	0.371296	0.479842	
0.426242	0.378877	0.310522	0.294973	0.452922	0.374555	0.280365	0.428447	0.360686	0.468256	0.421229	0.230576	0.323447	0.455934	0.349676	0.355583	0.380454	0.331472	0.469325	0.410541	0.260922	0.381809	0.373558	0.479628	
0.421916	0.388141	0.306275	0.302481	0.449404	0.381556	0.271248	0.424273	0.366135	0.467288	0.414935	0.228811	0.319485	0.456255	0.349657	0.364441	0.37126	0.333318	0.470153	0.41326	0.260794	0.382988	0.376726	0.479199	
0.418341	0.396399	0.301669	0.311038	0.445205	0.388924	0.263412	0.417952	0.372802	0.465757	0.407934	0.228311	0.315623	0.455888	0.350503	0.372952	0.360742	0.336713	0.470552	0.415608	0.262054	0.382326	0.380697	0.478599	
0.415613	0.403469	0.296946	0.320387	0.440452	0.396562	0.256963	0.409559	0.380542	0.463638	0.400333	0.229011	0.311952	0.454792	0.352228	0.380922	0.349131	0.341573	0.470602	0.417456	0.264725	0.379921	0.385342	0.477878	
0.413805	0.409198	0.292349	0.330257	0.435288	0.404366	0.251981	0.399219	0.389171	0.460923	0.392245	0.230831	0.308567	0.452942	0.354827	0.388164	0.33669	0.34778	0.470391	0.418699	0.268787	0.375913	0.390514	0.477093	
0.412965	0.413462	0.288111	0.340369	0.429869	0.412226	0.248515	0.387108	0.398468	0.457616	0.383788	0.233687	0.305552	0.45033	0.358265	0.394501	0.3237	0.35519	0.470002	0.419259	0.27418	0.37048	0.396053	0.476304	
0.413118	0.416175	0.284444	0.350442	0.424359	0.420032	0.246588	0.373452	0.408177	0.453738	0.37508	0.237487	0.302987	0.446967	0.362485	0.399777	0.310461	0.363633	0.469517	0.419087	0.2808	0.363833	0.401787	0.475575	
0.414261	0.41729	0.28154	0.360206	0.418925	0.42767	0.246195	0.358515	0.418016	0.44932	0.366239	0.242137	0.300942	0.442885	0.367398	0.403857	0.297276	0.372923	0.469008	0.418168	0.288506	0.356211	0.407547	0.474965	
0.41637	0.416801	0.279556	0.369405	0.413733	0.435031	0.247303	0.3426	0.427683	0.444406	0.35738	0.247544	0.299471	0.438136	0.37289	0.406633	0.28445	0.382863	0.468538	0.416518	0.297121	0.347874	0.413161	0.474533	
0.419395	0.414748	0.278615	0.377806	0.408941	0.44201	0.249856	0.326039	0.436858	0.43905	0.348614	0.253618	0.298615	0.432794	0.378815	0.408028	0.272278	0.39325	0.468155	0.414188	0.306437	0.339096	0.41847	0.474326	
0.423262	0.411211	0.2788	0.385205	0.404694	0.448507	0.253774	0.309183	0.445219	0.433312	0.340046	0.260273	0.298402	0.426953	0.385003	0.407998	0.261041	0.403879	0.467891	0.411254	0.316223	0.330155	0.423328	0.474386	
0.427882	0.406314	0.28015	0.391433	0.401122	0.454435	0.258958	0.292398	0.452443	0.427254	0.331775	0.267426	0.298842	0.420725	0.39126	0.406537	0.250997	0.414552	0.467765	0.407824	0.326229	0.321328	0.427605	0.474744	
0.433143	0.400218	0.282664	0.396358	0.398331	0.459716	0.265293	0.276054	0.458222	0.42094	0.323895	0.275005	0.299928	0.414236	0.39737	0.403677	0.242376	0.425081	0.467778	0.404023	0.336196	0.312883	0.431197	0.475415	
0.438921	0.39312	0.286294	0.399889	0.396406	0.464287	0.272648	0.260515	0.462263	0.41443	0.316491	0.282941	0.301642	0.407627	0.403098	0.399485	0.235373	0.435293	0.467915	0.399999	0.345863	0.30507	0.434022	0.476406	
0.445081	0.385246	0.290955	0.40198	0.395402	0.4681	0.280882	0.246131	0.464305	0.407775	0.309643	0.291172	0.303949	0.401048	0.408201	0.394067	0.230148	0.445033	0.468148	0.395908	0.354973	0.298118	0.436028	0.477707	
0.451479	0.376847	0.296523	0.402627	0.395344	0.471124	0.289847	0.233232	0.464122	0.401019	0.303425	0.299642	0.306804	0.394652	0.412426	0.387561	0.226816	0.454167	0.468437	0.391912	0.363284	0.292225	0.437191	0.479294	
0.457968	0.368191	0.30284	0.401869	0.396227	0.473347	0.29939	0.222115	0.461528	0.394192	0.297905	0.308303	0.310155	0.388592	0.415523	0.380138	0.225451	0.462583	0.468733	0.388173	0.370576	0.287556	0.437515	0.481132	
0.464399	0.359555	0.309721	0.399783	0.398015	0.474775	0.309359	0.213041	0.456391	0.387308	0.293147	0.317108	0.313939	0.383019	0.417244	0.371996	0.226084	0.470195	0.468979	0.384843	0.376655	0.284237	0.437034	0.483172	
0.470628	0.351219	0.316963	0.396485	0.400642	0.475431	0.319603	0.206226	0.44863	0.380366	0.289206	0.326015	0.318093	0.37807	0.41736	0.363354	0.228701	0.476942	0.469117	0.382063	0.381365	0.282354	0.435808	0.485358	
0.476517	0.343459	0.324348	0.392123	0.404012	0.475358	0.329978	0.201839	0.438221	0.373345	0.286138	0.334984	0.322549	0.373871	0.415657	0.354449	0.233245	0.482787	0.469088	0.379952	0.384586	0.281952	0.433922	0.487623	
0.481938	0.336533	0.331651	0.386868	0.408006	0.474616	0.340345	0.199993	0.425203	0.366208	0.283988	0.343976	0.327245	0.370526	0.411952	0.345526	0.23962	0.487716	0.468838	0.378603	0.386244	0.283031	0.431481	0.489893	
0.486779	0.330681	0.338653	0.380915	0.412478	0.47328	0.350579	0.200746	0.409671	0.3589	0.282801	0.352951	0.33212	0.36812	0.406092	0.336836	0.247693	0.491739	0.46832	0.378081	0.386311	0.285551	0.428607	0.492095	
0.490941	0.326114	0.345143	0.37447	0.417268	0.471439	0.360565	0.204101	0.391782	0.351351	0.282613	0.361872	0.33712	0.366706	0.397965	0.328624	0.257301	0.494885	0.467496	0.378418	0.384805	0.289433	0.425435	0.494152	
0.494346	0.32301	0.350929	0.367746	0.422201	0.469194	0.370203	0.210001	0.371749	0.34348	0.283454	0.370696	0.342197	0.366312	0.387503	0.321128	0.268251	0.4972	0.46634	0.379612	0.381794	0.294561	0.422108	0.495989	
0.496933	0.321504	0.355843	0.360957	0.427091	0.466654	0.379406	0.218334	0.349837	0.335192	0.285346	0.379382	0.347317	0.366932	0.374685	0.314565	0.280328	0.498744	0.464843	0.381623	0.377388	0.300787	0.41877	0.497538	
0.498666	0.321688	0.359751	0.354306	0.431753	0.463935	0.388107	0.228937	0.326359	0.326392	0.288302	0.387887	0.35245	0.368531	0.359541	0.309133	0.293305	0.499592	0.463009	0.384378	0.371741	0.307938	0.415564	0.498736	
0.499529	0.32361	0.362551	0.347984	0.436002	0.461155	0.396251	0.241597	0.301665	0.316979	0.292322	0.396167	0.357581	0.371038	0.342154	0.305	0.30694	0.499825	0.460859	0.387772	0.365045	0.315818	0.412625	0.499533	
0.499529	0.327264	0.364183	0.342162	0.439662	0.458431	0.403801	0.256059	0.27614	0.30686	0.297395	0.404178	0.362702	0.374356	0.322661	0.302301	0.320989	0.49953	0.45843	0.391666	0.357523	0.324217	0.410075	0.499888	
0.498694	0.3326	0.36463	0.336984	0.442571	0.455879	0.410736	0.272029	0.25019	0.295948	0.303494	0.411876	0.367815	0.378356	0.301248	0.301133	0.335209	0.498799	0.455774	0.395899	0.349423	0.332917	0.408021	0.499774	
0.497075	0.339517	0.363917	0.332565	0.444586	0.453604	0.417048	0.289185	0.224237	0.284173	0.310579	0.419218	0.372929	0.382884	0.278153	0.301555	0.349366	0.497723	0.452956	0.400288	0.341011	0.341699	0.406552	0.49918	
0.494739	0.347871	0.362112	0.328988	0.445587	0.451704	0.422745	0.307183	0.198703	0.271485	0.318587	0.426166	0.378058	0.387767	0.253658	0.303583	0.363234	0.496391	0.450052	0.404635	0.332563	0.35035	0.405731	0.498109	
0.491773	0.357475	0.359324	0.326301	0.44548	0.450263	0.427845	0.325665	0.174008	0.257855	0.327441	0.432683	0.38322	0.392815	0.228086	0.307192	0.376607	0.494888	0.447148	0.408735	0.324355	0.358665	0.405599	0.496578	
0.488277	0.368107	0.355699	0.324516	0.444201	0.449351	0.432377	0.344267	0.150551	0.243286	0.337041	0.43874	0.388434	0.397825	0.201795	0.312315	0.389297	0.493293	0.444334	0.412383	0.316656	0.36646	0.40617	0.494623	
0.484362	0.379515	0.351416	0.323609	0.44172	0.449019	0.436378	0.362629	0.12871	0.227813	0.347271	0.444312	0.393717	0.402592	0.175169	0.318847	0.401141	0.49168	0.441702	0.415381	0.309719	0.373572	0.407434	0.49229	
0.480151	0.391426	0.34668	0.323524	0.438039	0.449302	0.439892	0.380403	0.108826	0.211504	0.357992	0.449381	0.399081	0.406912	0.148612	0.326645	0.412001	0.490112	0.43934	0.417543	0.303774	0.379863	0.409356	0.48964	
0.47577	0.403551	0.341716	0.324175	0.433194	0.450211	0.442965	0.397259	0.0911991	0.194463	0.369051	0.453938	0.404531	0.410589	0.122537	0.335534	0.421766	0.488645	0.437336	0.418706	0.29902	0.385227	0.411874	0.486743	
0.471346	0.415594	0.336761	0.325448	0.427253	0.451741	0.445647	0.412896	0.0760797	0.176834	0.380274	0.45798	0.410063	0.413442	0.0973599	0.34531	0.430353	0.487325	0.435763	0.418733	0.295619	0.389588	0.414909	0.483679	
0.467008	0.427263	0.332056	0.327206	0.420317	0.453865	0.447988	0.427044	0.0636651	0.158794	0.391478	0.461511	0.415664	0.415311	0.0734861	0.355749	0.437708	0.486189	0.434685	0.41752	0.293691	0.392906	0.418363	0.480533	
0.462878	0.438276	0.327835	0.329297	0.412516	0.456536	0.450033	0.439474	0.0540948	0.140553	0.402467	0.464542	0.421307	0.41606	0.0513052	0.366609	0.443804	0.485262	0.434152	0.415	0.293313	0.395172	0.42212	0.477394	
0.45907	0.448371	0.324323	0.331557	0.404002	0.45969	0.451824	0.449997	0.0474479	0.122353	0.413039	0.46709	0.42695	0.415586	0.0311801	0.377638	0.448642	0.484564	0.434196	0.411147	0.29451	0.396412	0.426059	0.474351	
0.455687	0.457311	0.321721	0.333819	0.394953	0.463245	0.453398	0.458475	0.0437429	0.104463	0.422993	0.469175	0.432541	0.413821	0.0134387	0.388582	0.452244	0.484102	0.43483	0.405976	0.297262	0.39668	0.43005	0.471489	
0.45282	0.464895	0.320203	0.335916	0.385561	0.467106	0.454782	0.464815	0.0429383	0.087169	0.432128	0.470821	0.438011	0.410734	-0.00163274	0.399191	0.45466	0.483877	0.436049	0.399545	0.301499	0.396062	0.433961	0.468891	
0.450542	0.47096	0.319906	0.337689	0.37603	0.471164	0.455998	0.468977	0.0449352	0.0707729	0.440253	0.472049	0.443283	0.406335	-0.013797	0.409222	0.455956	0.483878	0.437828	0.391954	0.307105	0.394664	0.437665	0.466629	
0.448911	0.475388	0.320928	0.338994	0.36657	0.475304	0.457053	0.470969	0.0495809	0.0555822	0.447191	0.47288	0.448267	0.400674	-0.0228705	0.418451	0.456218	0.484091	0.440125	0.383343	0.313923	0.392616	0.441044	0.464765	
0.447964	0.478109	0.323323	0.339706	0.357392	0.479404	0.457949	0.470849	0.0566746	0.0419033	0.452786	0.473331	0.452863	0.39384	-0.028728	0.426675	0.455545	0.48449	0.442878	0.373889	0.321757	0.390061	0.443988	0.463351	
0.44772	0.479102	0.327097	0.339721	0.348703	0.483337	0.458675	0.468718	0.065973	0.0300324	0.456906	0.473408	0.456969	0.385963	-0.0313043	0.433715	0.454048	0.485043	0.446014	0.363798	0.33038	0.387153	0.446406	0.462423	
0.448176	0.478398	0.332205	0.338967	0.340698	0.48698	0.459209	0.464721	0.0771984	0.0202482	0.45945	0.473112	0.460478	0.377205	-0.0305963	0.439427	0.451847	0.485711	0.449445	0.353305	0.33954	0.384051	0.448225	0.462002	
0.449311	0.476075	0.338557	0.337398	0.33356	0.490212	0.459521	0.459041	0.0900461	0.0128031	0.460351	0.47243	0.463285	0.367763	-0.0266618	0.443695	0.449066	0.486448	0.453075	0.34266	0.348967	0.380911	0.449393	0.462093	
0.451086	0.472261	0.346015	0.335003	0.327448	0.49292	0.459571	0.451891	0.104193	0.00791594	0.459581	0.471335	0.465289	0.357857	-0.0196176	0.446444	0.445834	0.487203	0.456803	0.332127	0.358384	0.377888	0.449881	0.462687	
0.453444	0.467123	0.354398	0.331801	0.322501	0.495	0.459313	0.443512	0.119308	0.00576491	0.457153	0.46979	0.466396	0.347731	-0.00963668	0.447633	0.442279	0.487917	0.460527	0.321973	0.36751	0.375121	0.449684	0.463759	
0.456312	0.460869	0.363488	0.327845	0.318831	0.49636	0.458693	0.434165	0.135056	0.00648167	0.453121	0.467738	0.466527	0.33764	0.00305701	0.447258	0.438526	0.488526	0.464146	0.312461	0.376074	0.372738	0.448821	0.465267	
0.459604	0.453736	0.373035	0.323218	0.31652	0.496923	0.457653	0.424124	0.151113	0.0101464	0.447585	0.46511	0.465615	0.327847	0.0181943	0.445353	0.434697	0.488962	0.467566	0.303843	0.383818	0.370845	0.447334	0.467158	
0.463225	0.445986	0.382766	0.318029	0.315619	0.496628	0.456134	0.413669	0.167168	0.0167844	0.440683	0.461824	0.463612	0.318616	0.0354677	0.441985	0.430907	0.489151	0.470702	0.296348	0.39051	0.369528	0.445287	0.469369	
0.46707	0.437897	0.392392	0.312412	0.316148	0.49543	0.454076	0.403078	0.182935	0.0263639	0.432596	0.457785	0.46049	0.310202	0.0545393	0.437255	0.427263	0.489017	0.473484	0.290183	0.395945	0.36885	0.442763	0.471826	
0.471032	0.429752	0.401617	0.306521	0.318097	0.493304	0.451422	0.392626	0.198155	0.0387953	0.42354	0.45289	0.456244	0.302844	0.0750487	0.431289	0.423862	0.488483	0.475853	0.28552	0.399954	0.368844	0.439862	0.474447	
0.475	0.421837	0.410147	0.300522	0.321422	0.490242	0.448118	0.382571	0.212604	0.0539327	0.413762	0.447027	0.450891	0.296762	0.0966225	0.424242	0.420791	0.487469	0.477773	0.282493	0.402409	0.369521	0.436695	0.477149	
0.478866	0.414422	0.417701	0.294594	0.326053	0.486252	0.444119	0.373153	0.226098	0.0715761	0.403536	0.440085	0.444474	0.292145	0.118883	0.416285	0.418126	0.485896	0.479221	0.281196	0.403226	0.370865	0.433384	0.479845	
0.482526	0.407761	0.424019	0.288915	0.331894	0.481361	0.439387	0.364589	0.238493	0.091476	0.393151	0.431955	0.437058	0.289152	0.141455	0.407607	0.415929	0.483691	0.480197	0.281678	0.402365	0.372835	0.430055	0.482452	
0.485886	0.402084	0.428872	0.283661	0.338822	0.475611	0.433899	0.357068	0.249687	0.113338	0.38291	0.422534	0.428728	0.287899	0.163978	0.398406	0.414251	0.480782	0.480716	0.283944	0.399835	0.375366	0.426836	0.484888	
0.48886	0.397581	0.432065	0.279	0.346696	0.469057	0.427641	0.350746	0.259623	0.136832	0.373115	0.411735	0.419593	0.288464	0.186112	0.388886	0.41313	0.477105	0.480812	0.287953	0.39569	0.378376	0.423848	0.487081	
0.491376	0.394409	0.43345	0.275086	0.35536	0.461765	0.420618	0.345745	0.268285	0.161596	0.364062	0.399487	0.409776	0.290878	0.207544	0.37925	0.412589	0.472608	0.480534	0.29362	0.390027	0.381764	0.421206	0.488964	
0.493376	0.392675	0.432928	0.272053	0.364644	0.453813	0.412849	0.342151	0.275697	0.18725	0.356031	0.385746	0.399416	0.295129	0.227995	0.369697	0.41264	0.467246	0.479943	0.300822	0.382986	0.385416	0.419013	0.490483	
0.494817	0.392441	0.430452	0.270013	0.374369	0.445284	0.404373	0.340013	0.28192	0.2134	0.349276	0.370494	0.388663	0.301158	0.247226	0.360415	0.41328	0.460994	0.479108	0.309398	0.374743	0.389211	0.417357	0.491597	
0.495676	0.393719	0.426031	0.269051	0.384353	0.436266	0.395244	0.339344	0.287045	0.239652	0.344017	0.353749	0.377672	0.30886	0.265041	0.35158	0.414493	0.453838	0.478105	0.319154	0.365505	0.39302	0.416308	0.492275	
0.495946	0.39647	0.419731	0.269221	0.394415	0.426849	0.385536	0.340121	0.291195	0.26562	0.340435	0.335568	0.366599	0.318091	0.281291	0.343352	0.416254	0.445786	0.477009	0.329875	0.355505	0.396717	0.415913	0.492503	
0.495637	0.400607	0.411672	0.270549	0.404378	0.417122	0.375342	0.342286	0.294512	0.290935	0.338659	0.316047	0.355599	0.328665	0.295872	0.335868	0.418521	0.436864	0.475894	0.341325	0.344993	0.400176	0.4162	0.492278	
0.494775	0.405996	0.402026	0.273029	0.414069	0.407171	0.36477	0.34575	0.297153	0.315254	0.338769	0.295326	0.344819	0.340365	0.30873	0.329245	0.421245	0.427122	0.474825	0.353257	0.334232	0.403282	0.417175	0.491614	
0.493405	0.412461	0.391011	0.276625	0.42333	0.39708	0.353945	0.350398	0.299288	0.338269	0.340783	0.273591	0.334395	0.352944	0.319859	0.323577	0.424364	0.41663	0.473855	0.365422	0.323488	0.405929	0.418817	0.490534	
0.491582	0.41979	0.37889	0.281271	0.432014	0.386923	0.343007	0.356088	0.301088	0.359711	0.344664	0.251069	0.324447	0.366131	0.329293	0.318932	0.427809	0.405482	0.473023	0.377572	0.313024	0.408027	0.421087	0.489075	
0.489375	0.427741	0.365956	0.286876	0.439987	0.376768	0.332105	0.36266	0.302725	0.379361	0.350312	0.228029	0.315078	0.379641	0.337113	0.315353	0.431501	0.393795	0.472349	0.389471	0.303092	0.409503	0.423925	0.487283	
0.486863	0.43605	0.35253	0.293327	0.447136	0.366676	0.321399	0.369936	0.30436	0.397048	0.357569	0.204779	0.306369	0.393179	0.343431	0.312859	0.435356	0.381706	0.471832	0.400901	0.293929	0.410302	0.42725	0.48521	
0.48413	0.444438	0.33895	0.300492	0.453361	0.356694	0.311056	0.37773	0.306145	0.412657	0.366222	0.18166	0.298377	0.406449	0.348395	0.311445	0.439282	0.369373	0.471451	0.411667	0.285747	0.410391	0.430969	0.482917	
0.481265	0.452623	0.325558	0.308224	0.458584	0.346865	0.301245	0.385849	0.308212	0.426126	0.376008	0.159038	0.291139	0.419159	0.352176	0.311086	0.443187	0.356971	0.471159	0.4216	0.278732	0.409756	0.434974	0.480466	
0.478358	0.460324	0.312695	0.316369	0.462741	0.33722	0.292133	0.394099	0.310675	0.437448	0.386618	0.1373	0.284663	0.431028	0.354965	0.311736	0.446976	0.34469	0.470888	0.430564	0.273037	0.408406	0.43915	0.477919	
0.475496	0.467275	0.300688	0.324767	0.465789	0.327781	0.283884	0.402289	0.313623	0.446667	0.397712	0.116845	0.278936	0.441797	0.356969	0.31333	0.450552	0.332729	0.470549	0.438458	0.26878	0.406371	0.443375	0.475339	
0.472761	0.473231	0.289842	0.333263	0.467698	0.318566	0.276653	0.410237	0.317123	0.453877	0.408921	0.0980717	0.273925	0.451228	0.358395	0.315791	0.453823	0.321295	0.470033	0.445215	0.266043	0.403697	0.447528	0.472783	
0.470227	0.477974	0.280431	0.341706	0.468456	0.309585	0.270585	0.417775	0.321215	0.459213	0.419863	0.0813694	0.269573	0.459115	0.359456	0.319028	0.4567	0.310596	0.469216	0.450805	0.264868	0.400451	0.45149	0.470301	
0.467957	0.481325	0.272689	0.349957	0.468065	0.300842	0.265806	0.424747	0.325913	0.462848	0.430152	0.0671093	0.265811	0.465285	0.360352	0.322944	0.459103	0.300837	0.467962	0.455233	0.265262	0.396713	0.455149	0.467939	
0.466002	0.483143	0.266803	0.357893	0.466536	0.29234	0.262426	0.43102	0.331206	0.464985	0.439411	0.0556324	0.262554	0.469604	0.361275	0.327434	0.460957	0.292212	0.46613	0.458535	0.267193	0.392576	0.458402	0.465728	
0.464396	0.483337	0.262912	0.365409	0.463895	0.284083	0.260531	0.436481	0.337063	0.465847	0.447283	0.0472395	0.25971	0.471977	0.362397	0.33239	0.462199	0.284904	0.463575	0.460778	0.270597	0.388142	0.461161	0.463693	
0.46316	0.481863	0.261099	0.372422	0.460174	0.276072	0.260182	0.441041	0.343428	0.465672	0.453443	0.0421816	0.25718	0.472351	0.363865	0.337705	0.462779	0.279074	0.460158	0.462052	0.275379	0.383519	0.463353	0.461844	
0.462297	0.478728	0.261391	0.378873	0.455414	0.268312	0.261415	0.444638	0.350232	0.4647	0.457609	0.0406511	0.254869	0.470715	0.365803	0.343276	0.462661	0.274858	0.455751	0.462468	0.281417	0.37882	0.464921	0.460181	
0.461792	0.473991	0.263757	0.384724	0.449662	0.260813	0.264234	0.447232	0.357389	0.46317	0.459551	0.0427744	0.252682	0.467103	0.368302	0.349003	0.461823	0.272364	0.45024	0.462151	0.288565	0.374154	0.465829	0.458692	
0.461614	0.467758	0.268114	0.389964	0.442969	0.253589	0.268615	0.448814	0.364803	0.461307	0.459101	0.0486056	0.250537	0.461585	0.371423	0.354795	0.460261	0.271667	0.443536	0.461233	0.296664	0.369631	0.46606	0.457354	
0.461717	0.460184	0.274325	0.394603	0.435393	0.246661	0.274504	0.449399	0.372371	0.459318	0.456157	0.0581222	0.248363	0.454273	0.375192	0.360568	0.457986	0.272803	0.435575	0.459848	0.305538	0.365352	0.465615	0.456132	
0.462039	0.451462	0.282207	0.398671	0.426993	0.240057	0.281816	0.449024	0.379988	0.457382	0.45069	0.0712228	0.246103	0.445312	0.379606	0.366251	0.455029	0.27577	0.426326	0.458129	0.315009	0.361412	0.464516	0.454984	
0.462507	0.441822	0.291537	0.402216	0.417832	0.233812	0.290436	0.447753	0.387549	0.455651	0.442748	0.0877268	0.243722	0.434878	0.384626	0.371782	0.451436	0.280527	0.415792	0.456195	0.324895	0.357894	0.462802	0.453861	
0.463036	0.431523	0.30206	0.405302	0.407976	0.227968	0.300224	0.445669	0.394955	0.454236	0.43245	0.107376	0.241203	0.423176	0.390185	0.377113	0.44727	0.286989	0.404016	0.454154	0.335019	0.354869	0.460525	0.452706	
0.463537	0.420843	0.313493	0.408001	0.397495	0.222574	0.311013	0.442873	0.402111	0.453216	0.419994	0.129838	0.238554	0.41043	0.396188	0.382205	0.442609	0.295033	0.391078	0.452093	0.345212	0.352396	0.457752	0.451462	
0.463912	0.410072	0.325541	0.410391	0.38646	0.217684	0.322615	0.439483	0.408937	0.452627	0.405642	0.154714	0.235803	0.396884	0.402517	0.387035	0.437544	0.304497	0.3771	0.450077	0.355318	0.350517	0.454559	0.45007	
0.464066	0.399504	0.337902	0.412552	0.37495	0.213357	0.334824	0.435626	0.415361	0.452468	0.389722	0.181546	0.232998	0.382792	0.409032	0.391589	0.43218	0.315184	0.36224	0.448147	0.365195	0.349263	0.451031	0.448473	
0.463904	0.389424	0.350276	0.414561	0.363044	0.209655	0.347418	0.431441	0.421328	0.4527	0.372617	0.209823	0.230209	0.368412	0.415578	0.395864	0.426629	0.326865	0.346695	0.446315	0.374723	0.348648	0.447253	0.446618	
0.463337	0.380104	0.362377	0.416487	0.350828	0.20664	0.360168	0.42707	0.426797	0.453252	0.354751	0.238999	0.227523	0.354005	0.421993	0.399868	0.42101	0.339286	0.330692	0.444569	0.3838	0.348673	0.443313	0.444458	
0.462284	0.371791	0.37394	0.418387	0.338392	0.204374	0.372838	0.422657	0.431741	0.454022	0.336585	0.268503	0.22504	0.339825	0.428106	0.403616	0.415446	0.352172	0.314487	0.44287	0.392347	0.349326	0.439295	0.441954	
0.460677	0.364703	0.384729	0.420303	0.325833	0.202914	0.385193	0.418344	0.436151	0.454886	0.318597	0.29775	0.222871	0.326119	0.433747	0.407131	0.41006	0.365236	0.298355	0.441156	0.400305	0.350585	0.435276	0.439078	
0.45846	0.359017	0.394545	0.422259	0.313253	0.202312	0.397004	0.414267	0.44003	0.4557	0.301271	0.326159	0.221132	0.313115	0.438754	0.410441	0.404973	0.378184	0.282589	0.439343	0.407638	0.352415	0.431325	0.435814	
0.455596	0.354869	0.403227	0.424261	0.300757	0.202611	0.408053	0.410554	0.443394	0.456313	0.285084	0.353165	0.219941	0.301026	0.442973	0.413577	0.400299	0.390722	0.267485	0.437331	0.414331	0.354774	0.427497	0.432158	
0.452064	0.352346	0.410662	0.426292	0.288458	0.203844	0.418136	0.407319	0.446274	0.456568	0.270492	0.378234	0.219413	0.290041	0.446268	0.416574	0.396142	0.402568	0.253341	0.435009	0.420386	0.357612	0.423837	0.428119	
0.447864	0.351485	0.416785	0.428316	0.276471	0.206033	0.427072	0.404663	0.448707	0.456315	0.257912	0.40088	0.219651	0.280322	0.448522	0.419465	0.392595	0.413454	0.240443	0.432258	0.42582	0.360874	0.420373	0.42372	
0.443015	0.352272	0.421577	0.430275	0.264915	0.209182	0.434703	0.40267	0.450738	0.455415	0.247717	0.42067	0.220748	0.272005	0.449642	0.422282	0.389734	0.423137	0.22906	0.428958	0.430666	0.364502	0.417118	0.419	
0.437556	0.354641	0.425068	0.432095	0.253909	0.213283	0.440899	0.401404	0.452419	0.453746	0.240215	0.437243	0.222778	0.265194	0.449561	0.425055	0.387622	0.431404	0.219436	0.424995	0.434965	0.368435	0.41407	0.414008	
0.431546	0.358478	0.427331	0.433687	0.243572	0.218311	0.445561	0.40091	0.453802	0.451213	0.23565	0.450316	0.225793	0.259962	0.448246	0.42781	0.386298	0.438079	0.211778	0.420265	0.438764	0.372611	0.411209	0.408808	
0.425062	0.363625	0.428481	0.434948	0.234022	0.224221	0.448627	0.401211	0.454941	0.447751	0.234185	0.459691	0.229822	0.256351	0.44569	0.430566	0.385783	0.443027	0.206256	0.414681	0.442114	0.376968	0.408504	0.403472	
0.418196	0.369883	0.428667	0.435769	0.225371	0.230955	0.450067	0.402309	0.455887	0.443328	0.235901	0.465261	0.234864	0.254369	0.441922	0.433336	0.386078	0.446157	0.202994	0.408177	0.445066	0.381446	0.405911	0.398085	
0.411056	0.377019	0.428067	0.43604	0.217722	0.238434	0.449888	0.404186	0.456689	0.437949	0.240793	0.467014	0.240894	0.253993	0.437004	0.436125	0.38716	0.447428	0.202062	0.400714	0.447667	0.385986	0.403374	0.392737	
0.403761	0.384773	0.426878	0.43565	0.21117	0.246567	0.448133	0.406801	0.457388	0.431659	0.248769	0.46503	0.247854	0.255171	0.431026	0.438931	0.388989	0.446846	0.203482	0.392282	0.449958	0.390532	0.400832	0.387522	
0.396435	0.392869	0.42531	0.434498	0.205798	0.255246	0.44488	0.410096	0.458018	0.424538	0.259652	0.459482	0.25566	0.25782	0.42411	0.441744	0.391501	0.444466	0.207216	0.382903	0.451972	0.395029	0.398217	0.38254	
0.389211	0.401019	0.423577	0.432496	0.201672	0.264353	0.440239	0.413994	0.458607	0.416706	0.273185	0.450631	0.264202	0.261833	0.416406	0.444544	0.394619	0.44039	0.213174	0.372635	0.45373	0.399427	0.39546	0.377888	
0.382221	0.408935	0.421888	0.429574	0.198841	0.273757	0.434352	0.418405	0.459173	0.408317	0.289035	0.438818	0.273343	0.267078	0.408088	0.447305	0.398248	0.434766	0.221212	0.361567	0.455243	0.403676	0.392495	0.373663	
0.375592	0.416339	0.420437	0.425684	0.197336	0.283323	0.427386	0.423224	0.459726	0.399551	0.306807	0.424453	0.282929	0.273402	0.399347	0.449993	0.402279	0.42778	0.231135	0.349824	0.456508	0.407728	0.389259	0.369956	
0.369449	0.422968	0.419398	0.420805	0.197166	0.292909	0.419531	0.428336	0.460267	0.390618	0.32605	0.408007	0.292787	0.280634	0.390393	0.452569	0.406597	0.419653	0.242705	0.337562	0.457509	0.411536	0.385698	0.366852	
0.363904	0.428585	0.418915	0.414944	0.198318	0.302373	0.410995	0.433621	0.46079	0.38174	0.346274	0.389997	0.302733	0.288591	0.381445	0.454987	0.411078	0.410636	0.255642	0.324967	0.458217	0.415055	0.38177	0.364425	
0.359058	0.432984	0.419097	0.408141	0.200755	0.311576	0.401999	0.438954	0.46128	0.373154	0.366958	0.370973	0.312576	0.297079	0.372725	0.457199	0.415597	0.400999	0.269635	0.312246	0.458593	0.418238	0.377444	0.36274	
0.354994	0.436	0.420015	0.400467	0.204418	0.320382	0.392769	0.444211	0.461718	0.365099	0.387572	0.351503	0.322125	0.305897	0.364458	0.459155	0.42003	0.391026	0.28435	0.299628	0.458587	0.421041	0.372707	0.361846	
0.351778	0.437511	0.421694	0.392027	0.209226	0.328666	0.383536	0.44927	0.462082	0.357807	0.407587	0.332158	0.331195	0.314845	0.356859	0.460803	0.424256	0.381007	0.299438	0.287354	0.45814	0.423416	0.367563	0.361782	
0.349458	0.437442	0.424118	0.382954	0.215075	0.336312	0.374524	0.454017	0.462343	0.351499	0.42649	0.313496	0.33961	0.323723	0.350132	0.462095	0.428165	0.371226	0.314544	0.275673	0.457188	0.425316	0.362032	0.362568	
0.348058	0.435766	0.427223	0.373413	0.221845	0.343221	0.365948	0.458348	0.462475	0.346373	0.443801	0.296046	0.347209	0.332337	0.344463	0.462986	0.431658	0.361959	0.32932	0.264831	0.455662	0.426692	0.356155	0.36421	
0.347582	0.432509	0.430903	0.363591	0.229396	0.349308	0.358008	0.462169	0.462451	0.342602	0.459087	0.280297	0.353856	0.340505	0.340012	0.463437	0.434649	0.353461	0.343429	0.255071	0.453496	0.427495	0.34999	0.366697	
0.348012	0.427746	0.435011	0.353695	0.237574	0.354508	0.350887	0.465404	0.462246	0.340321	0.47197	0.266685	0.359435	0.348057	0.336916	0.463415	0.43707	0.34596	0.35656	0.246617	0.450621	0.427675	0.343614	0.370001	
0.349308	0.421596	0.439365	0.343946	0.246218	0.358776	0.344739	0.467993	0.461837	0.339628	0.482144	0.25558	0.363864	0.354841	0.335274	0.462899	0.438872	0.339651	0.368433	0.239677	0.446976	0.427183	0.337119	0.37408	
0.351412	0.414223	0.443754	0.334576	0.255156	0.362088	0.339696	0.469895	0.461208	0.340573	0.489378	0.247277	0.36709	0.360725	0.335153	0.461878	0.440025	0.334693	0.378806	0.234426	0.442508	0.425969	0.330612	0.378877	
0.354248	0.40583	0.447943	0.325814	0.264216	0.364439	0.335854	0.471091	0.460348	0.343162	0.493524	0.241992	0.369092	0.365601	0.33658	0.460353	0.440521	0.331201	0.387487	0.231012	0.437172	0.423989	0.32421	0.384321	
0.357725	0.396648	0.451682	0.317886	0.273229	0.365849	0.333281	0.47158	0.459251	0.347351	0.494523	0.239855	0.369887	0.369384	0.339542	0.458341	0.44037	0.329244	0.39433	0.229541	0.430937	0.421199	0.31804	0.390327	
0.361738	0.386934	0.454718	0.311003	0.28203	0.366356	0.33201	0.471383	0.457919	0.353049	0.492401	0.240908	0.369521	0.372018	0.343986	0.455869	0.439604	0.328845	0.399249	0.230078	0.423785	0.417561	0.312233	0.396802	
0.366175	0.376963	0.456797	0.305357	0.290465	0.366017	0.33204	0.470541	0.456361	0.360116	0.487276	0.245107	0.368075	0.373473	0.349818	0.452983	0.438274	0.329982	0.40221	0.232647	0.415713	0.413044	0.306922	0.403644	
0.370917	0.367015	0.457681	0.301111	0.298395	0.364907	0.333338	0.469116	0.454592	0.368371	0.479346	0.252323	0.36566	0.37375	0.356904	0.449742	0.436445	0.332586	0.403238	0.237222	0.406737	0.407625	0.302239	0.410742	
0.375842	0.357371	0.45715	0.298397	0.305699	0.363116	0.33584	0.467184	0.452634	0.377591	0.468886	0.26235	0.362411	0.372877	0.365075	0.446218	0.4342	0.336545	0.402413	0.243735	0.396888	0.401288	0.298309	0.417982	
0.380832	0.348303	0.455016	0.297308	0.312276	0.360747	0.339452	0.464839	0.450513	0.387524	0.456241	0.274909	0.358488	0.370908	0.374129	0.442496	0.43163	0.341711	0.399868	0.252071	0.386212	0.394032	0.295246	0.425249	
0.385772	0.340065	0.451125	0.297896	0.31805	0.357913	0.344056	0.462186	0.448261	0.397889	0.441812	0.289659	0.354067	0.367926	0.383835	0.438672	0.428837	0.347902	0.395783	0.262074	0.374775	0.385865	0.293152	0.432426	
0.390553	0.332887	0.445367	0.300167	0.32297	0.354734	0.349511	0.459339	0.445914	0.408388	0.426049	0.30621	0.349336	0.364037	0.393938	0.434854	0.425928	0.354908	0.390379	0.27355	0.362656	0.376812	0.292115	0.439398	
0.395081	0.326971	0.43768	0.304082	0.32701	0.351334	0.355659	0.456419	0.443506	0.418713	0.40943	0.32413	0.344491	0.35937	0.404166	0.431152	0.42301	0.362502	0.383913	0.286269	0.34995	0.366908	0.2922	0.446054	
0.399272	0.322477	0.428053	0.309554	0.330172	0.347836	0.362332	0.453549	0.441077	0.428556	0.392456	0.342963	0.339727	0.354069	0.41424	0.427683	0.420189	0.370441	0.376668	0.299974	0.336761	0.356207	0.293451	0.452291	
0.403059	0.319529	0.416527	0.316453	0.332483	0.344364	0.369352	0.45085	0.438663	0.437619	0.375629	0.362241	0.335236	0.348297	0.423873	0.424563	0.417568	0.37848	0.368943	0.314384	0.323208	0.344776	0.295892	0.458011	
0.406389	0.318205	0.4032	0.324607	0.333993	0.341035	0.37654	0.448439	0.436299	0.445617	0.35944	0.381497	0.331197	0.342225	0.432787	0.421906	0.415239	0.386378	0.361045	0.329205	0.309413	0.332699	0.299517	0.463129	
0.409228	0.318539	0.388217	0.333806	0.334775	0.337957	0.383722	0.446422	0.434016	0.452296	0.344357	0.400276	0.327776	0.336032	0.440713	0.419818	0.413287	0.393904	0.353282	0.344131	0.295508	0.320073	0.304299	0.467567	
0.411561	0.320517	0.371776	0.343807	0.334921	0.335232	0.39073	0.444894	0.431843	0.457431	0.330808	0.418154	0.325116	0.329898	0.447403	0.418397	0.411779	0.400846	0.345947	0.358858	0.281626	0.307011	0.310182	0.471262	
0.413386	0.324083	0.354116	0.354345	0.334538	0.332947	0.39741	0.443936	0.429801	0.46084	0.319171	0.434743	0.32334	0.323999	0.452635	0.417725	0.410773	0.407017	0.339316	0.373088	0.267901	0.293638	0.31709	0.474163	
0.414721	0.329138	0.335517	0.365134	0.333742	0.331176	0.403625	0.443608	0.427906	0.462386	0.309764	0.449703	0.322541	0.318505	0.456221	0.417869	0.410306	0.412261	0.333637	0.386535	0.254467	0.280088	0.324918	0.476233	
0.415595	0.335545	0.316288	0.37588	0.332657	0.32998	0.40926	0.44395	0.42617	0.461981	0.302837	0.462755	0.322783	0.313573	0.458012	0.418876	0.410401	0.416457	0.329118	0.398934	0.241451	0.266507	0.333542	0.477448	
0.416052	0.343134	0.296761	0.38629	0.331409	0.329403	0.414221	0.444982	0.424595	0.459592	0.298562	0.473678	0.3241	0.309344	0.457902	0.420767	0.411063	0.419524	0.325931	0.410046	0.228977	0.253047	0.34282	0.4778	
0.416143	0.351708	0.277281	0.396077	0.330118	0.329476	0.418443	0.446699	0.423179	0.455238	0.297034	0.482323	0.326496	0.305936	0.455834	0.423543	0.412281	0.421423	0.324196	0.419663	0.21716	0.239865	0.35259	0.477294	
0.415927	0.361048	0.258199	0.404972	0.328898	0.330214	0.421886	0.449073	0.421913	0.448993	0.298266	0.488609	0.329945	0.303447	0.451803	0.427174	0.414028	0.422155	0.323986	0.427613	0.206106	0.227117	0.362678	0.47595	
0.415469	0.370921	0.239859	0.41273	0.32785	0.331616	0.424539	0.452052	0.420784	0.440982	0.302191	0.492527	0.334391	0.301945	0.445854	0.431608	0.416263	0.421764	0.325321	0.433762	0.195911	0.214962	0.372902	0.473799	
0.414831	0.381088	0.222594	0.41914	0.327057	0.33367	0.426417	0.455563	0.419771	0.431378	0.308666	0.494136	0.339754	0.301472	0.438086	0.436761	0.418931	0.420333	0.328168	0.438017	0.186657	0.203551	0.383071	0.470887	
0.414075	0.39131	0.206709	0.424031	0.326584	0.336351	0.427563	0.459511	0.418853	0.420398	0.317475	0.493558	0.34593	0.302037	0.428647	0.442528	0.42197	0.417983	0.332443	0.440329	0.178419	0.193032	0.392994	0.467269	
0.413259	0.401355	0.192483	0.427276	0.326472	0.339623	0.428041	0.463785	0.418004	0.408297	0.328339	0.490976	0.352797	0.303622	0.417734	0.448774	0.425308	0.414867	0.338015	0.440688	0.171255	0.183541	0.40248	0.46301	
0.41243	0.411005	0.180154	0.428798	0.326736	0.343441	0.427939	0.468258	0.417197	0.395359	0.340924	0.486622	0.360216	0.306177	0.405588	0.455348	0.428866	0.411164	0.344708	0.439127	0.165212	0.175202	0.411345	0.458185	
0.411628	0.420063	0.169915	0.428571	0.327367	0.347753	0.427361	0.47279	0.416405	0.38189	0.354852	0.480774	0.368041	0.309624	0.392486	0.462077	0.432566	0.407074	0.352308	0.435718	0.160328	0.168125	0.419412	0.452874	
0.410879	0.428355	0.161914	0.426621	0.328331	0.352503	0.426425	0.477235	0.415601	0.368211	0.369712	0.473738	0.376116	0.31386	0.378737	0.468773	0.436327	0.402812	0.36057	0.430566	0.156625	0.162405	0.426521	0.447162	
0.410196	0.435739	0.156245	0.423028	0.329568	0.357627	0.425261	0.481444	0.414761	0.354647	0.385074	0.465848	0.384289	0.318757	0.364675	0.475241	0.440071	0.398599	0.369224	0.423811	0.154118	0.158115	0.432525	0.441138	
0.409578	0.442102	0.15295	0.417922	0.330994	0.363064	0.424	0.485267	0.413864	0.341517	0.400502	0.457445	0.392407	0.324169	0.350646	0.48128	0.443726	0.394657	0.377985	0.415619	0.15281	0.155312	0.437296	0.434891	
0.40901	0.447366	0.15202	0.411478	0.332509	0.368747	0.422776	0.48856	0.41289	0.329129	0.415565	0.448872	0.400326	0.329935	0.337003	0.486691	0.447225	0.391197	0.38656	0.406177	0.152695	0.15403	0.44073	0.428509	
0.408462	0.451489	0.153395	0.403914	0.333992	0.374614	0.421719	0.491188	0.411828	0.317767	0.429853	0.440462	0.407916	0.335885	0.324096	0.491281	0.450508	0.388418	0.394658	0.395692	0.15376	0.154283	0.442745	0.422076	
0.407891	0.454463	0.156965	0.395479	0.335313	0.380601	0.420951	0.493032	0.410669	0.307689	0.442985	0.43253	0.415057	0.341843	0.312259	0.49487	0.453526	0.386494	0.401998	0.38438	0.155984	0.156063	0.443285	0.415672	
0.407245	0.456313	0.16258	0.386453	0.336336	0.386647	0.420579	0.493989	0.40941	0.299114	0.454621	0.425358	0.421651	0.347635	0.301803	0.497299	0.45624	0.385574	0.408317	0.372464	0.15934	0.159342	0.442322	0.409368	
0.406458	0.457092	0.170053	0.377132	0.336921	0.392694	0.420696	0.493977	0.408053	0.29222	0.464474	0.419194	0.427616	0.353096	0.29301	0.498431	0.45862	0.385774	0.413377	0.360166	0.163796	0.164071	0.439852	0.403228	
0.405459	0.456885	0.179165	0.367822	0.336934	0.398686	0.421376	0.492937	0.406605	0.287138	0.472314	0.414242	0.43289	0.35807	0.286119	0.498159	0.460647	0.387171	0.416974	0.347706	0.169314	0.170181	0.435902	0.397303	
0.404175	0.455796	0.189676	0.358829	0.336251	0.404569	0.42267	0.490839	0.405079	0.283953	0.477974	0.410657	0.437435	0.362419	0.281322	0.496411	0.462313	0.389804	0.41894	0.335292	0.175852	0.177587	0.430523	0.391632	
0.402527	0.453947	0.201329	0.350451	0.334763	0.410293	0.424607	0.487678	0.403492	0.282696	0.481354	0.408545	0.44123	0.366031	0.278757	0.493151	0.463616	0.393671	0.41915	0.323122	0.183365	0.186188	0.423795	0.386241	
0.400442	0.451477	0.213861	0.342965	0.332381	0.415808	0.427194	0.483478	0.401864	0.283349	0.482425	0.407956	0.444275	0.368815	0.278505	0.488382	0.464566	0.398727	0.417524	0.311375	0.191803	0.195869	0.415821	0.381139	
0.39785	0.448529	0.227009	0.336624	0.329042	0.421065	0.43041	0.478289	0.400217	0.285844	0.481224	0.408889	0.44659	0.370713	0.280587	0.48215	0.465176	0.404886	0.41403	0.300211	0.201114	0.206502	0.406728	0.376321	
0.394689	0.445251	0.240517	0.331647	0.324713	0.426018	0.434215	0.472191	0.398577	0.290066	0.477856	0.41129	0.448207	0.371697	0.284959	0.474542	0.465466	0.412025	0.408682	0.28977	0.21124	0.217951	0.396664	0.371765	
0.390909	0.441787	0.254146	0.328211	0.319392	0.430617	0.438543	0.465286	0.396968	0.295859	0.472484	0.415061	0.449177	0.371774	0.291518	0.465685	0.465461	0.419983	0.401542	0.28017	0.222123	0.230074	0.385795	0.367435	
0.386472	0.438275	0.267676	0.326449	0.313111	0.434814	0.443314	0.457702	0.395416	0.303027	0.465329	0.420058	0.449557	0.370982	0.3001	0.455745	0.465185	0.428571	0.392715	0.271504	0.233697	0.242723	0.374304	0.363276	
0.381355	0.434841	0.280914	0.326442	0.305938	0.43856	0.448425	0.449583	0.393945	0.311345	0.456656	0.426101	0.449415	0.369394	0.310487	0.444921	0.464665	0.43757	0.382345	0.263845	0.245894	0.255751	0.362386	0.359221	
0.375555	0.431597	0.293694	0.328225	0.297976	0.441802	0.453766	0.441089	0.392577	0.320564	0.44677	0.432982	0.448824	0.367112	0.322411	0.433443	0.463927	0.446744	0.370613	0.257243	0.258641	0.26901	0.350247	0.355187	
0.369084	0.428638	0.305885	0.331776	0.289362	0.444489	0.459213	0.432393	0.391329	0.330417	0.436003	0.440468	0.447859	0.364265	0.335562	0.421567	0.462995	0.455843	0.35773	0.251728	0.271861	0.282354	0.338097	0.351082	
0.361973	0.426038	0.317388	0.337025	0.280263	0.446565	0.464639	0.423673	0.390217	0.340628	0.424704	0.448315	0.446596	0.361006	0.349596	0.409564	0.46189	0.464608	0.34393	0.247314	0.28547	0.295645	0.326152	0.346802	
0.354272	0.423851	0.328138	0.343855	0.270873	0.447976	0.469914	0.415107	0.389252	0.350921	0.413227	0.456271	0.445106	0.357506	0.364146	0.397717	0.460629	0.472784	0.329464	0.243997	0.299381	0.30875	0.314624	0.342235	
0.346048	0.422113	0.3381	0.352106	0.261411	0.448667	0.474912	0.406872	0.388439	0.361027	0.401925	0.464089	0.443458	0.353952	0.378832	0.38631	0.459228	0.480121	0.314593	0.24176	0.313502	0.321546	0.303723	0.337267	
0.337382	0.420836	0.347271	0.361577	0.252111	0.448582	0.479514	0.399133	0.387779	0.370691	0.391131	0.471531	0.441712	0.350532	0.393269	0.375623	0.457697	0.486385	0.29958	0.240577	0.327735	0.33392	0.293651	0.331778	
0.328372	0.420016	0.355673	0.372041	0.243219	0.447671	0.483611	0.392046	0.387268	0.379678	0.381157	0.478379	0.439923	0.347441	0.407084	0.36592	0.456044	0.49136	0.284684	0.240414	0.341979	0.345771	0.284596	0.325655	
0.319125	0.419632	0.363348	0.383243	0.234985	0.445884	0.487109	0.385745	0.386898	0.387784	0.372279	0.484438	0.438135	0.344862	0.41992	0.357442	0.454272	0.494859	0.270151	0.24123	0.356128	0.35701	0.276735	0.318785	
0.309756	0.419649	0.370359	0.394917	0.227655	0.44318	0.489931	0.380344	0.386655	0.394832	0.364733	0.489542	0.436386	0.34297	0.431452	0.350403	0.452386	0.496725	0.256212	0.242982	0.370074	0.367563	0.270226	0.311069	
0.300387	0.420023	0.376775	0.406786	0.221467	0.439523	0.492018	0.375932	0.386521	0.400687	0.358706	0.493563	0.434705	0.341918	0.441395	0.344978	0.450386	0.496837	0.243074	0.245626	0.383709	0.377367	0.265205	0.302415	
0.291139	0.420698	0.382677	0.418578	0.21664	0.434889	0.493334	0.372571	0.386474	0.405248	0.354335	0.496408	0.433112	0.341835	0.449512	0.341297	0.448275	0.495112	0.230917	0.249119	0.396921	0.386374	0.261786	0.29275	
0.282134	0.421619	0.388142	0.430032	0.213369	0.429264	0.493865	0.370292	0.386492	0.408459	0.3517	0.498024	0.431621	0.342821	0.455619	0.339446	0.446055	0.491508	0.21989	0.25342	0.409601	0.394552	0.260056	0.282019	
0.273487	0.422728	0.393244	0.440902	0.21182	0.422648	0.493618	0.369097	0.386547	0.410304	0.350826	0.498399	0.430242	0.344942	0.459594	0.339456	0.443732	0.486025	0.21011	0.258489	0.421643	0.401881	0.260076	0.27019	
0.265305	0.423968	0.398049	0.450969	0.212122	0.415058	0.492623	0.368958	0.386612	0.410807	0.351685	0.49756	0.428977	0.348229	0.46138	0.341307	0.441314	0.478704	0.201659	0.264289	0.432943	0.408353	0.261878	0.257254	
0.257683	0.425288	0.402607	0.460044	0.214365	0.406526	0.490929	0.369818	0.386658	0.410031	0.354192	0.49557	0.427829	0.352671	0.460982	0.344923	0.438814	0.469626	0.194583	0.270788	0.443405	0.413976	0.26546	0.243229	
0.250704	0.426646	0.406955	0.467977	0.218595	0.397104	0.488606	0.371591	0.386657	0.408076	0.358217	0.492527	0.426798	0.358221	0.458474	0.350176	0.43625	0.458911	0.188897	0.277953	0.452939	0.418766	0.270794	0.228164	
0.244433	0.428007	0.41111	0.474653	0.224813	0.386863	0.485737	0.374167	0.386581	0.40507	0.363585	0.488561	0.425886	0.364794	0.453991	0.356886	0.433644	0.446714	0.184582	0.285752	0.461466	0.422753	0.277818	0.212135	
0.238917	0.429346	0.415069	0.48	0.232974	0.375894	0.482421	0.377416	0.386402	0.401172	0.370082	0.483825	0.425094	0.372266	0.447724	0.36483	0.431023	0.433221	0.18159	0.294155	0.468916	0.425977	0.28644	0.195248	
0.234186	0.430649	0.41881	0.483989	0.242985	0.364307	0.478765	0.381187	0.386097	0.396557	0.377468	0.478491	0.424427	0.380484	0.43992	0.373743	0.42842	0.418644	0.179849	0.303127	0.475233	0.428484	0.296536	0.17764	
0.230251	0.431914	0.422296	0.48663	0.254712	0.352231	0.474883	0.385321	0.385642	0.391418	0.385481	0.472747	0.423896	0.389264	0.430865	0.383328	0.425872	0.403218	0.179264	0.312631	0.480374	0.430331	0.307958	0.159476	
