# mu=0.3
# lamb=0
# N=4
# m=0
# dim=6
# T=5
# dt=0.001

# t 	 <S_z,1>
0	-0.5
0.001	-0.5
0.002	-0.499998
0.003	-0.499996
0.004	-0.499992
0.005	-0.499988
0.006	-0.499982
0.007	-0.499976
0.008	-0.499968
0.009	-0.49996
0.01	-0.49995
0.011	-0.49994
0.012	-0.499928
0.013	-0.499916
0.014	-0.499902
0.015	-0.499888
0.016	-0.499872
0.017	-0.499856
0.018	-0.499838
0.019	-0.49982
0.02	-0.4998
0.021	-0.49978
0.022	-0.499758
0.023	-0.499736
0.024	-0.499712
0.025	-0.499688
0.026	-0.499662
0.027	-0.499636
0.028	-0.499608
0.029	-0.49958
0.03	-0.49955
0.031	-0.49952
0.032	-0.499488
0.033	-0.499456
0.034	-0.499422
0.035	-0.499388
0.036	-0.499352
0.037	-0.499316
0.038	-0.499278
0.039	-0.49924
0.04	-0.4992
0.041	-0.49916
0.042	-0.499118
0.043	-0.499076
0.044	-0.499032
0.045	-0.498988
0.046	-0.498942
0.047	-0.498896
0.048	-0.498848
0.049	-0.4988
0.05	-0.498751
0.051	-0.4987
0.052	-0.498649
0.053	-0.498596
0.054	-0.498543
0.055	-0.498488
0.056	-0.498433
0.057	-0.498376
0.058	-0.498319
0.059	-0.498261
0.06	-0.498201
0.061	-0.498141
0.062	-0.498079
0.063	-0.498017
0.064	-0.497953
0.065	-0.497889
0.066	-0.497824
0.067	-0.497757
0.068	-0.49769
0.069	-0.497621
0.07	-0.497552
0.071	-0.497482
0.072	-0.49741
0.073	-0.497338
0.074	-0.497265
0.075	-0.49719
0.076	-0.497115
0.077	-0.497039
0.078	-0.496961
0.079	-0.496883
0.08	-0.496804
0.081	-0.496723
0.082	-0.496642
0.083	-0.49656
0.084	-0.496476
0.085	-0.496392
0.086	-0.496307
0.087	-0.49622
0.088	-0.496133
0.089	-0.496045
0.09	-0.495956
0.091	-0.495865
0.092	-0.495774
0.093	-0.495682
0.094	-0.495589
0.095	-0.495495
0.096	-0.495399
0.097	-0.495303
0.098	-0.495206
0.099	-0.495108
0.1	-0.495009
0.101	-0.494909
0.102	-0.494807
0.103	-0.494705
0.104	-0.494602
0.105	-0.494498
0.106	-0.494393
0.107	-0.494287
0.108	-0.49418
0.109	-0.494072
0.11	-0.493963
0.111	-0.493853
0.112	-0.493742
0.113	-0.49363
0.114	-0.493517
0.115	-0.493403
0.116	-0.493288
0.117	-0.493172
0.118	-0.493055
0.119	-0.492937
0.12	-0.492818
0.121	-0.492698
0.122	-0.492577
0.123	-0.492455
0.124	-0.492333
0.125	-0.492209
0.126	-0.492084
0.127	-0.491958
0.128	-0.491831
0.129	-0.491704
0.13	-0.491575
0.131	-0.491445
0.132	-0.491314
0.133	-0.491183
0.134	-0.49105
0.135	-0.490916
0.136	-0.490782
0.137	-0.490646
0.138	-0.49051
0.139	-0.490372
0.14	-0.490233
0.141	-0.490094
0.142	-0.489953
0.143	-0.489812
0.144	-0.489669
0.145	-0.489526
0.146	-0.489382
0.147	-0.489236
0.148	-0.48909
0.149	-0.488942
0.15	-0.488794
0.151	-0.488645
0.152	-0.488494
0.153	-0.488343
0.154	-0.488191
0.155	-0.488038
0.156	-0.487883
0.157	-0.487728
0.158	-0.487572
0.159	-0.487415
0.16	-0.487257
0.161	-0.487098
0.162	-0.486938
0.163	-0.486777
0.164	-0.486615
0.165	-0.486452
0.166	-0.486288
0.167	-0.486123
0.168	-0.485957
0.169	-0.48579
0.17	-0.485623
0.171	-0.485454
0.172	-0.485284
0.173	-0.485113
0.174	-0.484942
0.175	-0.484769
0.176	-0.484595
0.177	-0.484421
0.178	-0.484245
0.179	-0.484069
0.18	-0.483891
0.181	-0.483713
0.182	-0.483533
0.183	-0.483353
0.184	-0.483172
0.185	-0.482989
0.186	-0.482806
0.187	-0.482622
0.188	-0.482437
0.189	-0.48225
0.19	-0.482063
0.191	-0.481875
0.192	-0.481686
0.193	-0.481496
0.194	-0.481305
0.195	-0.481113
0.196	-0.48092
0.197	-0.480726
0.198	-0.480531
0.199	-0.480336
0.2	-0.480139
0.201	-0.479941
0.202	-0.479743
0.203	-0.479543
0.204	-0.479342
0.205	-0.479141
0.206	-0.478938
0.207	-0.478735
0.208	-0.47853
0.209	-0.478325
0.21	-0.478119
0.211	-0.477912
0.212	-0.477703
0.213	-0.477494
0.214	-0.477284
0.215	-0.477073
0.216	-0.476861
0.217	-0.476648
0.218	-0.476434
0.219	-0.476219
0.22	-0.476003
0.221	-0.475786
0.222	-0.475569
0.223	-0.47535
0.224	-0.47513
0.225	-0.47491
0.226	-0.474688
0.227	-0.474466
0.228	-0.474242
0.229	-0.474018
0.23	-0.473793
0.231	-0.473567
0.232	-0.473339
0.233	-0.473111
0.234	-0.472882
0.235	-0.472652
0.236	-0.472421
0.237	-0.472189
0.238	-0.471956
0.239	-0.471722
0.24	-0.471488
0.241	-0.471252
0.242	-0.471015
0.243	-0.470778
0.244	-0.470539
0.245	-0.4703
0.246	-0.47006
0.247	-0.469818
0.248	-0.469576
0.249	-0.469333
0.25	-0.469089
0.251	-0.468844
0.252	-0.468598
0.253	-0.468351
0.254	-0.468103
0.255	-0.467854
0.256	-0.467604
0.257	-0.467354
0.258	-0.467102
0.259	-0.466849
0.26	-0.466596
0.261	-0.466342
0.262	-0.466086
0.263	-0.46583
0.264	-0.465573
0.265	-0.465315
0.266	-0.465056
0.267	-0.464796
0.268	-0.464535
0.269	-0.464273
0.27	-0.46401
0.271	-0.463747
0.272	-0.463482
0.273	-0.463217
0.274	-0.46295
0.275	-0.462683
0.276	-0.462415
0.277	-0.462145
0.278	-0.461875
0.279	-0.461604
0.28	-0.461332
0.281	-0.461059
0.282	-0.460786
0.283	-0.460511
0.284	-0.460235
0.285	-0.459959
0.286	-0.459681
0.287	-0.459403
0.288	-0.459124
0.289	-0.458843
0.29	-0.458562
0.291	-0.45828
0.292	-0.457997
0.293	-0.457713
0.294	-0.457429
0.295	-0.457143
0.296	-0.456856
0.297	-0.456569
0.298	-0.45628
0.299	-0.455991
0.3	-0.455701
0.301	-0.45541
0.302	-0.455118
0.303	-0.454825
0.304	-0.454531
0.305	-0.454236
0.306	-0.45394
0.307	-0.453644
0.308	-0.453346
0.309	-0.453048
0.31	-0.452749
0.311	-0.452448
0.312	-0.452147
0.313	-0.451845
0.314	-0.451543
0.315	-0.451239
0.316	-0.450934
0.317	-0.450628
0.318	-0.450322
0.319	-0.450015
0.32	-0.449706
0.321	-0.449397
0.322	-0.449087
0.323	-0.448776
0.324	-0.448464
0.325	-0.448152
0.326	-0.447838
0.327	-0.447524
0.328	-0.447208
0.329	-0.446892
0.33	-0.446575
0.331	-0.446257
0.332	-0.445938
0.333	-0.445618
0.334	-0.445297
0.335	-0.444975
0.336	-0.444653
0.337	-0.444329
0.338	-0.444005
0.339	-0.44368
0.34	-0.443354
0.341	-0.443027
0.342	-0.442699
0.343	-0.442371
0.344	-0.442041
0.345	-0.441711
0.346	-0.441379
0.347	-0.441047
0.348	-0.440714
0.349	-0.44038
0.35	-0.440045
0.351	-0.43971
0.352	-0.439373
0.353	-0.439036
0.354	-0.438697
0.355	-0.438358
0.356	-0.438018
0.357	-0.437677
0.358	-0.437335
0.359	-0.436993
0.36	-0.436649
0.361	-0.436305
0.362	-0.435959
0.363	-0.435613
0.364	-0.435266
0.365	-0.434918
0.366	-0.43457
0.367	-0.43422
0.368	-0.433869
0.369	-0.433518
0.37	-0.433166
0.371	-0.432813
0.372	-0.432459
0.373	-0.432104
0.374	-0.431749
0.375	-0.431392
0.376	-0.431035
0.377	-0.430677
0.378	-0.430318
0.379	-0.429958
0.38	-0.429597
0.381	-0.429235
0.382	-0.428873
0.383	-0.42851
0.384	-0.428145
0.385	-0.42778
0.386	-0.427414
0.387	-0.427048
0.388	-0.42668
0.389	-0.426312
0.39	-0.425943
0.391	-0.425572
0.392	-0.425201
0.393	-0.42483
0.394	-0.424457
0.395	-0.424084
0.396	-0.423709
0.397	-0.423334
0.398	-0.422958
0.399	-0.422581
0.4	-0.422204
0.401	-0.421825
0.402	-0.421446
0.403	-0.421066
0.404	-0.420685
0.405	-0.420303
0.406	-0.41992
0.407	-0.419537
0.408	-0.419152
0.409	-0.418767
0.41	-0.418381
0.411	-0.417994
0.412	-0.417606
0.413	-0.417218
0.414	-0.416829
0.415	-0.416438
0.416	-0.416047
0.417	-0.415656
0.418	-0.415263
0.419	-0.41487
0.42	-0.414475
0.421	-0.41408
0.422	-0.413684
0.423	-0.413288
0.424	-0.41289
0.425	-0.412492
0.426	-0.412092
0.427	-0.411692
0.428	-0.411292
0.429	-0.41089
0.43	-0.410488
0.431	-0.410084
0.432	-0.40968
0.433	-0.409275
0.434	-0.40887
0.435	-0.408463
0.436	-0.408056
0.437	-0.407648
0.438	-0.407239
0.439	-0.406829
0.44	-0.406418
0.441	-0.406007
0.442	-0.405595
0.443	-0.405182
0.444	-0.404768
0.445	-0.404354
0.446	-0.403938
0.447	-0.403522
0.448	-0.403105
0.449	-0.402687
0.45	-0.402269
0.451	-0.40185
0.452	-0.401429
0.453	-0.401009
0.454	-0.400587
0.455	-0.400164
0.456	-0.399741
0.457	-0.399317
0.458	-0.398892
0.459	-0.398466
0.46	-0.39804
0.461	-0.397613
0.462	-0.397184
0.463	-0.396756
0.464	-0.396326
0.465	-0.395896
0.466	-0.395464
0.467	-0.395032
0.468	-0.3946
0.469	-0.394166
0.47	-0.393732
0.471	-0.393297
0.472	-0.392861
0.473	-0.392424
0.474	-0.391987
0.475	-0.391549
0.476	-0.39111
0.477	-0.39067
0.478	-0.39023
0.479	-0.389788
0.48	-0.389346
0.481	-0.388903
0.482	-0.38846
0.483	-0.388015
0.484	-0.38757
0.485	-0.387124
0.486	-0.386678
0.487	-0.38623
0.488	-0.385782
0.489	-0.385333
0.49	-0.384884
0.491	-0.384433
0.492	-0.383982
0.493	-0.38353
0.494	-0.383077
0.495	-0.382624
0.496	-0.382169
0.497	-0.381714
0.498	-0.381259
0.499	-0.380802
0.5	-0.380345
0.501	-0.379887
0.502	-0.379428
0.503	-0.378969
0.504	-0.378508
0.505	-0.378047
0.506	-0.377586
0.507	-0.377123
0.508	-0.37666
0.509	-0.376196
0.51	-0.375731
0.511	-0.375266
0.512	-0.3748
0.513	-0.374333
0.514	-0.373865
0.515	-0.373397
0.516	-0.372928
0.517	-0.372458
0.518	-0.371987
0.519	-0.371516
0.52	-0.371044
0.521	-0.370571
0.522	-0.370097
0.523	-0.369623
0.524	-0.369148
0.525	-0.368672
0.526	-0.368196
0.527	-0.367719
0.528	-0.367241
0.529	-0.366762
0.53	-0.366283
0.531	-0.365803
0.532	-0.365322
0.533	-0.364841
0.534	-0.364358
0.535	-0.363875
0.536	-0.363392
0.537	-0.362907
0.538	-0.362422
0.539	-0.361936
0.54	-0.36145
0.541	-0.360963
0.542	-0.360475
0.543	-0.359986
0.544	-0.359497
0.545	-0.359007
0.546	-0.358516
0.547	-0.358025
0.548	-0.357532
0.549	-0.357039
0.55	-0.356546
0.551	-0.356052
0.552	-0.355557
0.553	-0.355061
0.554	-0.354565
0.555	-0.354068
0.556	-0.35357
0.557	-0.353071
0.558	-0.352572
0.559	-0.352072
0.56	-0.351572
0.561	-0.351071
0.562	-0.350569
0.563	-0.350066
0.564	-0.349563
0.565	-0.349059
0.566	-0.348554
0.567	-0.348049
0.568	-0.347543
0.569	-0.347036
0.57	-0.346529
0.571	-0.346021
0.572	-0.345512
0.573	-0.345002
0.574	-0.344492
0.575	-0.343982
0.576	-0.34347
0.577	-0.342958
0.578	-0.342445
0.579	-0.341932
0.58	-0.341418
0.581	-0.340903
0.582	-0.340387
0.583	-0.339871
0.584	-0.339354
0.585	-0.338837
0.586	-0.338319
0.587	-0.3378
0.588	-0.33728
0.589	-0.33676
0.59	-0.336239
0.591	-0.335718
0.592	-0.335196
0.593	-0.334673
0.594	-0.33415
0.595	-0.333626
0.596	-0.333101
0.597	-0.332576
0.598	-0.33205
0.599	-0.331523
0.6	-0.330996
0.601	-0.330468
0.602	-0.329939
0.603	-0.32941
0.604	-0.32888
0.605	-0.328349
0.606	-0.327818
0.607	-0.327286
0.608	-0.326754
0.609	-0.326221
0.61	-0.325687
0.611	-0.325152
0.612	-0.324617
0.613	-0.324082
0.614	-0.323545
0.615	-0.323008
0.616	-0.322471
0.617	-0.321933
0.618	-0.321394
0.619	-0.320854
0.62	-0.320314
0.621	-0.319774
0.622	-0.319232
0.623	-0.31869
0.624	-0.318148
0.625	-0.317605
0.626	-0.317061
0.627	-0.316516
0.628	-0.315971
0.629	-0.315426
0.63	-0.314879
0.631	-0.314333
0.632	-0.313785
0.633	-0.313237
0.634	-0.312688
0.635	-0.312139
0.636	-0.311589
0.637	-0.311038
0.638	-0.310487
0.639	-0.309936
0.64	-0.309383
0.641	-0.30883
0.642	-0.308277
0.643	-0.307722
0.644	-0.307168
0.645	-0.306612
0.646	-0.306056
0.647	-0.3055
0.648	-0.304943
0.649	-0.304385
0.65	-0.303827
0.651	-0.303268
0.652	-0.302708
0.653	-0.302148
0.654	-0.301587
0.655	-0.301026
0.656	-0.300464
0.657	-0.299902
0.658	-0.299339
0.659	-0.298775
0.66	-0.298211
0.661	-0.297646
0.662	-0.297081
0.663	-0.296515
0.664	-0.295948
0.665	-0.295381
0.666	-0.294813
0.667	-0.294245
0.668	-0.293676
0.669	-0.293107
0.67	-0.292537
0.671	-0.291967
0.672	-0.291395
0.673	-0.290824
0.674	-0.290252
0.675	-0.289679
0.676	-0.289105
0.677	-0.288532
0.678	-0.287957
0.679	-0.287382
0.68	-0.286807
0.681	-0.28623
0.682	-0.285654
0.683	-0.285077
0.684	-0.284499
0.685	-0.28392
0.686	-0.283342
0.687	-0.282762
0.688	-0.282182
0.689	-0.281602
0.69	-0.28102
0.691	-0.280439
0.692	-0.279857
0.693	-0.279274
0.694	-0.278691
0.695	-0.278107
0.696	-0.277523
0.697	-0.276938
0.698	-0.276352
0.699	-0.275766
0.7	-0.27518
0.701	-0.274593
0.702	-0.274005
0.703	-0.273417
0.704	-0.272829
0.705	-0.27224
0.706	-0.27165
0.707	-0.27106
0.708	-0.270469
0.709	-0.269878
0.71	-0.269286
0.711	-0.268694
0.712	-0.268101
0.713	-0.267508
0.714	-0.266914
0.715	-0.26632
0.716	-0.265725
0.717	-0.26513
0.718	-0.264534
0.719	-0.263938
0.72	-0.263341
0.721	-0.262743
0.722	-0.262145
0.723	-0.261547
0.724	-0.260948
0.725	-0.260349
0.726	-0.259749
0.727	-0.259149
0.728	-0.258548
0.729	-0.257946
0.73	-0.257344
0.731	-0.256742
0.732	-0.256139
0.733	-0.255536
0.734	-0.254932
0.735	-0.254328
0.736	-0.253723
0.737	-0.253117
0.738	-0.252512
0.739	-0.251905
0.74	-0.251299
0.741	-0.250691
0.742	-0.250084
0.743	-0.249475
0.744	-0.248867
0.745	-0.248257
0.746	-0.247648
0.747	-0.247038
0.748	-0.246427
0.749	-0.245816
0.75	-0.245205
0.751	-0.244593
0.752	-0.24398
0.753	-0.243367
0.754	-0.242754
0.755	-0.24214
0.756	-0.241525
0.757	-0.240911
0.758	-0.240295
0.759	-0.23968
0.76	-0.239064
0.761	-0.238447
0.762	-0.23783
0.763	-0.237212
0.764	-0.236594
0.765	-0.235976
0.766	-0.235357
0.767	-0.234738
0.768	-0.234118
0.769	-0.233497
0.77	-0.232877
0.771	-0.232256
0.772	-0.231634
0.773	-0.231012
0.774	-0.23039
0.775	-0.229767
0.776	-0.229143
0.777	-0.22852
0.778	-0.227895
0.779	-0.227271
0.78	-0.226646
0.781	-0.22602
0.782	-0.225394
0.783	-0.224768
0.784	-0.224141
0.785	-0.223514
0.786	-0.222886
0.787	-0.222258
0.788	-0.22163
0.789	-0.221001
0.79	-0.220371
0.791	-0.219742
0.792	-0.219112
0.793	-0.218481
0.794	-0.21785
0.795	-0.217219
0.796	-0.216587
0.797	-0.215954
0.798	-0.215322
0.799	-0.214689
0.8	-0.214055
0.801	-0.213421
0.802	-0.212787
0.803	-0.212153
0.804	-0.211517
0.805	-0.210882
0.806	-0.210246
0.807	-0.20961
0.808	-0.208973
0.809	-0.208336
0.81	-0.207699
0.811	-0.207061
0.812	-0.206423
0.813	-0.205784
0.814	-0.205145
0.815	-0.204506
0.816	-0.203866
0.817	-0.203226
0.818	-0.202585
0.819	-0.201944
0.82	-0.201303
0.821	-0.200661
0.822	-0.200019
0.823	-0.199377
0.824	-0.198734
0.825	-0.198091
0.826	-0.197447
0.827	-0.196803
0.828	-0.196159
0.829	-0.195514
0.83	-0.194869
0.831	-0.194224
0.832	-0.193578
0.833	-0.192932
0.834	-0.192285
0.835	-0.191639
0.836	-0.190991
0.837	-0.190344
0.838	-0.189696
0.839	-0.189048
0.84	-0.188399
0.841	-0.18775
0.842	-0.187101
0.843	-0.186451
0.844	-0.185801
0.845	-0.185151
0.846	-0.1845
0.847	-0.183849
0.848	-0.183197
0.849	-0.182546
0.85	-0.181894
0.851	-0.181241
0.852	-0.180588
0.853	-0.179935
0.854	-0.179282
0.855	-0.178628
0.856	-0.177974
0.857	-0.17732
0.858	-0.176665
0.859	-0.17601
0.86	-0.175354
0.861	-0.174699
0.862	-0.174042
0.863	-0.173386
0.864	-0.172729
0.865	-0.172072
0.866	-0.171415
0.867	-0.170757
0.868	-0.170099
0.869	-0.169441
0.87	-0.168782
0.871	-0.168124
0.872	-0.167464
0.873	-0.166805
0.874	-0.166145
0.875	-0.165485
0.876	-0.164824
0.877	-0.164164
0.878	-0.163503
0.879	-0.162841
0.88	-0.162179
0.881	-0.161518
0.882	-0.160855
0.883	-0.160193
0.884	-0.15953
0.885	-0.158867
0.886	-0.158203
0.887	-0.15754
0.888	-0.156876
0.889	-0.156211
0.89	-0.155547
0.891	-0.154882
0.892	-0.154217
0.893	-0.153551
0.894	-0.152886
0.895	-0.15222
0.896	-0.151553
0.897	-0.150887
0.898	-0.15022
0.899	-0.149553
0.9	-0.148885
0.901	-0.148218
0.902	-0.14755
0.903	-0.146882
0.904	-0.146213
0.905	-0.145545
0.906	-0.144876
0.907	-0.144206
0.908	-0.143537
0.909	-0.142867
0.91	-0.142197
0.911	-0.141527
0.912	-0.140856
0.913	-0.140186
0.914	-0.139515
0.915	-0.138843
0.916	-0.138172
0.917	-0.1375
0.918	-0.136828
0.919	-0.136156
0.92	-0.135483
0.921	-0.13481
0.922	-0.134137
0.923	-0.133464
0.924	-0.132791
0.925	-0.132117
0.926	-0.131443
0.927	-0.130769
0.928	-0.130095
0.929	-0.12942
0.93	-0.128745
0.931	-0.12807
0.932	-0.127395
0.933	-0.126719
0.934	-0.126043
0.935	-0.125367
0.936	-0.124691
0.937	-0.124014
0.938	-0.123338
0.939	-0.122661
0.94	-0.121984
0.941	-0.121307
0.942	-0.120629
0.943	-0.119951
0.944	-0.119273
0.945	-0.118595
0.946	-0.117917
0.947	-0.117238
0.948	-0.116559
0.949	-0.11588
0.95	-0.115201
0.951	-0.114522
0.952	-0.113842
0.953	-0.113162
0.954	-0.112482
0.955	-0.111802
0.956	-0.111122
0.957	-0.110441
0.958	-0.10976
0.959	-0.10908
0.96	-0.108398
0.961	-0.107717
0.962	-0.107036
0.963	-0.106354
0.964	-0.105672
0.965	-0.10499
0.966	-0.104308
0.967	-0.103625
0.968	-0.102943
0.969	-0.10226
0.97	-0.101577
0.971	-0.100894
0.972	-0.10021
0.973	-0.099527
0.974	-0.0988433
0.975	-0.0981595
0.976	-0.0974756
0.977	-0.0967914
0.978	-0.0961071
0.979	-0.0954227
0.98	-0.0947381
0.981	-0.0940533
0.982	-0.0933683
0.983	-0.0926832
0.984	-0.091998
0.985	-0.0913126
0.986	-0.090627
0.987	-0.0899413
0.988	-0.0892555
0.989	-0.0885695
0.99	-0.0878833
0.991	-0.087197
0.992	-0.0865106
0.993	-0.085824
0.994	-0.0851373
0.995	-0.0844505
0.996	-0.0837635
0.997	-0.0830763
0.998	-0.0823891
0.999	-0.0817017
1	-0.0810141
1.001	-0.0803265
1.002	-0.0796387
1.003	-0.0789507
1.004	-0.0782627
1.005	-0.0775745
1.006	-0.0768862
1.007	-0.0761978
1.008	-0.0755093
1.009	-0.0748206
1.01	-0.0741318
1.011	-0.0734429
1.012	-0.0727539
1.013	-0.0720648
1.014	-0.0713756
1.015	-0.0706862
1.016	-0.0699968
1.017	-0.0693072
1.018	-0.0686175
1.019	-0.0679277
1.02	-0.0672379
1.021	-0.0665479
1.022	-0.0658578
1.023	-0.0651676
1.024	-0.0644773
1.025	-0.0637869
1.026	-0.0630965
1.027	-0.0624059
1.028	-0.0617152
1.029	-0.0610245
1.03	-0.0603336
1.031	-0.0596427
1.032	-0.0589517
1.033	-0.0582606
1.034	-0.0575694
1.035	-0.0568781
1.036	-0.0561868
1.037	-0.0554953
1.038	-0.0548038
1.039	-0.0541122
1.04	-0.0534206
1.041	-0.0527288
1.042	-0.052037
1.043	-0.0513451
1.044	-0.0506532
1.045	-0.0499612
1.046	-0.0492691
1.047	-0.0485769
1.048	-0.0478847
1.049	-0.0471924
1.05	-0.0465001
1.051	-0.0458077
1.052	-0.0451152
1.053	-0.0444227
1.054	-0.0437301
1.055	-0.0430375
1.056	-0.0423448
1.057	-0.0416521
1.058	-0.0409593
1.059	-0.0402665
1.06	-0.0395736
1.061	-0.0388807
1.062	-0.0381877
1.063	-0.0374947
1.064	-0.0368016
1.065	-0.0361085
1.066	-0.0354154
1.067	-0.0347222
1.068	-0.034029
1.069	-0.0333358
1.07	-0.0326425
1.071	-0.0319492
1.072	-0.0312559
1.073	-0.0305625
1.074	-0.0298691
1.075	-0.0291757
1.076	-0.0284823
1.077	-0.0277888
1.078	-0.0270953
1.079	-0.0264018
1.08	-0.0257083
1.081	-0.0250147
1.082	-0.0243212
1.083	-0.0236276
1.084	-0.022934
1.085	-0.0222404
1.086	-0.0215468
1.087	-0.0208532
1.088	-0.0201596
1.089	-0.0194659
1.09	-0.0187723
1.091	-0.0180787
1.092	-0.017385
1.093	-0.0166914
1.094	-0.0159978
1.095	-0.0153041
1.096	-0.0146105
1.097	-0.0139169
1.098	-0.0132232
1.099	-0.0125296
1.1	-0.011836
1.101	-0.0111424
1.102	-0.0104488
1.103	-0.00975528
1.104	-0.00906173
1.105	-0.0083682
1.106	-0.00767468
1.107	-0.00698118
1.108	-0.00628771
1.109	-0.00559426
1.11	-0.00490083
1.111	-0.00420742
1.112	-0.00351404
1.113	-0.00282069
1.114	-0.00212737
1.115	-0.00143408
1.116	-0.000740825
1.117	-4.76008e-05
1.118	0.000645588
1.119	0.00133874
1.12	0.00203185
1.121	0.00272493
1.122	0.00341796
1.123	0.00411096
1.124	0.0048039
1.125	0.00549681
1.126	0.00618967
1.127	0.00688247
1.128	0.00757524
1.129	0.00826794
1.13	0.0089606
1.131	0.00965321
1.132	0.0103458
1.133	0.0110382
1.134	0.0117307
1.135	0.0124231
1.136	0.0131154
1.137	0.0138076
1.138	0.0144998
1.139	0.0151919
1.14	0.015884
1.141	0.016576
1.142	0.0172679
1.143	0.0179598
1.144	0.0186515
1.145	0.0193433
1.146	0.0200349
1.147	0.0207264
1.148	0.0214179
1.149	0.0221093
1.15	0.0228006
1.151	0.0234919
1.152	0.024183
1.153	0.0248741
1.154	0.0255651
1.155	0.026256
1.156	0.0269468
1.157	0.0276375
1.158	0.0283281
1.159	0.0290187
1.16	0.0297091
1.161	0.0303994
1.162	0.0310897
1.163	0.0317798
1.164	0.0324699
1.165	0.0331598
1.166	0.0338497
1.167	0.0345394
1.168	0.035229
1.169	0.0359186
1.17	0.036608
1.171	0.0372973
1.172	0.0379865
1.173	0.0386756
1.174	0.0393645
1.175	0.0400534
1.176	0.0407421
1.177	0.0414307
1.178	0.0421192
1.179	0.0428076
1.18	0.0434959
1.181	0.044184
1.182	0.044872
1.183	0.0455599
1.184	0.0462476
1.185	0.0469353
1.186	0.0476228
1.187	0.0483101
1.188	0.0489973
1.189	0.0496844
1.19	0.0503714
1.191	0.0510582
1.192	0.0517449
1.193	0.0524314
1.194	0.0531178
1.195	0.053804
1.196	0.0544901
1.197	0.0551761
1.198	0.0558619
1.199	0.0565476
1.2	0.0572331
1.201	0.0579184
1.202	0.0586037
1.203	0.0592887
1.204	0.0599736
1.205	0.0606583
1.206	0.0613429
1.207	0.0620273
1.208	0.0627116
1.209	0.0633957
1.21	0.0640796
1.211	0.0647634
1.212	0.065447
1.213	0.0661304
1.214	0.0668137
1.215	0.0674967
1.216	0.0681797
1.217	0.0688624
1.218	0.069545
1.219	0.0702273
1.22	0.0709096
1.221	0.0715916
1.222	0.0722734
1.223	0.0729551
1.224	0.0736366
1.225	0.0743179
1.226	0.074999
1.227	0.0756799
1.228	0.0763606
1.229	0.0770412
1.23	0.0777215
1.231	0.0784017
1.232	0.0790816
1.233	0.0797614
1.234	0.080441
1.235	0.0811203
1.236	0.0817995
1.237	0.0824785
1.238	0.0831572
1.239	0.0838358
1.24	0.0845141
1.241	0.0851923
1.242	0.0858702
1.243	0.086548
1.244	0.0872255
1.245	0.0879028
1.246	0.0885799
1.247	0.0892567
1.248	0.0899334
1.249	0.0906098
1.25	0.091286
1.251	0.091962
1.252	0.0926378
1.253	0.0933134
1.254	0.0939887
1.255	0.0946638
1.256	0.0953386
1.257	0.0960133
1.258	0.0966877
1.259	0.0973619
1.26	0.0980358
1.261	0.0987095
1.262	0.099383
1.263	0.100056
1.264	0.100729
1.265	0.101402
1.266	0.102075
1.267	0.102747
1.268	0.103419
1.269	0.104091
1.27	0.104762
1.271	0.105433
1.272	0.106104
1.273	0.106775
1.274	0.107446
1.275	0.108116
1.276	0.108786
1.277	0.109456
1.278	0.110125
1.279	0.110795
1.28	0.111464
1.281	0.112132
1.282	0.112801
1.283	0.113469
1.284	0.114137
1.285	0.114805
1.286	0.115472
1.287	0.116139
1.288	0.116806
1.289	0.117473
1.29	0.118139
1.291	0.118805
1.292	0.119471
1.293	0.120136
1.294	0.120801
1.295	0.121466
1.296	0.122131
1.297	0.122795
1.298	0.123459
1.299	0.124123
1.3	0.124787
1.301	0.12545
1.302	0.126113
1.303	0.126775
1.304	0.127438
1.305	0.1281
1.306	0.128761
1.307	0.129423
1.308	0.130084
1.309	0.130745
1.31	0.131405
1.311	0.132066
1.312	0.132726
1.313	0.133385
1.314	0.134045
1.315	0.134704
1.316	0.135362
1.317	0.136021
1.318	0.136679
1.319	0.137337
1.32	0.137994
1.321	0.138651
1.322	0.139308
1.323	0.139965
1.324	0.140621
1.325	0.141277
1.326	0.141932
1.327	0.142587
1.328	0.143242
1.329	0.143897
1.33	0.144551
1.331	0.145205
1.332	0.145859
1.333	0.146512
1.334	0.147165
1.335	0.147817
1.336	0.14847
1.337	0.149122
1.338	0.149773
1.339	0.150424
1.34	0.151075
1.341	0.151726
1.342	0.152376
1.343	0.153026
1.344	0.153676
1.345	0.154325
1.346	0.154974
1.347	0.155622
1.348	0.15627
1.349	0.156918
1.35	0.157565
1.351	0.158212
1.352	0.158859
1.353	0.159506
1.354	0.160151
1.355	0.160797
1.356	0.161442
1.357	0.162087
1.358	0.162732
1.359	0.163376
1.36	0.16402
1.361	0.164663
1.362	0.165306
1.363	0.165949
1.364	0.166591
1.365	0.167233
1.366	0.167875
1.367	0.168516
1.368	0.169157
1.369	0.169797
1.37	0.170438
1.371	0.171077
1.372	0.171717
1.373	0.172356
1.374	0.172994
1.375	0.173632
1.376	0.17427
1.377	0.174907
1.378	0.175544
1.379	0.176181
1.38	0.176817
1.381	0.177453
1.382	0.178088
1.383	0.178723
1.384	0.179358
1.385	0.179992
1.386	0.180626
1.387	0.18126
1.388	0.181893
1.389	0.182525
1.39	0.183157
1.391	0.183789
1.392	0.184421
1.393	0.185052
1.394	0.185682
1.395	0.186312
1.396	0.186942
1.397	0.187572
1.398	0.1882
1.399	0.188829
1.4	0.189457
1.401	0.190085
1.402	0.190712
1.403	0.191339
1.404	0.191965
1.405	0.192591
1.406	0.193217
1.407	0.193842
1.408	0.194467
1.409	0.195091
1.41	0.195715
1.411	0.196338
1.412	0.196961
1.413	0.197584
1.414	0.198206
1.415	0.198827
1.416	0.199449
1.417	0.20007
1.418	0.20069
1.419	0.20131
1.42	0.201929
1.421	0.202548
1.422	0.203167
1.423	0.203785
1.424	0.204403
1.425	0.20502
1.426	0.205637
1.427	0.206253
1.428	0.206869
1.429	0.207484
1.43	0.208099
1.431	0.208714
1.432	0.209328
1.433	0.209942
1.434	0.210555
1.435	0.211167
1.436	0.21178
1.437	0.212391
1.438	0.213003
1.439	0.213614
1.44	0.214224
1.441	0.214834
1.442	0.215443
1.443	0.216052
1.444	0.216661
1.445	0.217269
1.446	0.217876
1.447	0.218483
1.448	0.21909
1.449	0.219696
1.45	0.220302
1.451	0.220907
1.452	0.221511
1.453	0.222116
1.454	0.222719
1.455	0.223322
1.456	0.223925
1.457	0.224527
1.458	0.225129
1.459	0.22573
1.46	0.226331
1.461	0.226931
1.462	0.227531
1.463	0.22813
1.464	0.228729
1.465	0.229328
1.466	0.229925
1.467	0.230523
1.468	0.231119
1.469	0.231716
1.47	0.232311
1.471	0.232907
1.472	0.233501
1.473	0.234096
1.474	0.234689
1.475	0.235283
1.476	0.235875
1.477	0.236468
1.478	0.237059
1.479	0.237651
1.48	0.238241
1.481	0.238831
1.482	0.239421
1.483	0.24001
1.484	0.240599
1.485	0.241187
1.486	0.241774
1.487	0.242361
1.488	0.242948
1.489	0.243534
1.49	0.244119
1.491	0.244704
1.492	0.245289
1.493	0.245873
1.494	0.246456
1.495	0.247039
1.496	0.247621
1.497	0.248203
1.498	0.248784
1.499	0.249365
1.5	0.249945
1.501	0.250524
1.502	0.251103
1.503	0.251682
1.504	0.25226
1.505	0.252837
1.506	0.253414
1.507	0.253991
1.508	0.254566
1.509	0.255142
1.51	0.255716
1.511	0.25629
1.512	0.256864
1.513	0.257437
1.514	0.258009
1.515	0.258581
1.516	0.259153
1.517	0.259723
1.518	0.260294
1.519	0.260863
1.52	0.261432
1.521	0.262001
1.522	0.262569
1.523	0.263136
1.524	0.263703
1.525	0.26427
1.526	0.264835
1.527	0.2654
1.528	0.265965
1.529	0.266529
1.53	0.267093
1.531	0.267655
1.532	0.268218
1.533	0.268779
1.534	0.269341
1.535	0.269901
1.536	0.270461
1.537	0.27102
1.538	0.271579
1.539	0.272138
1.54	0.272695
1.541	0.273252
1.542	0.273809
1.543	0.274365
1.544	0.27492
1.545	0.275475
1.546	0.276029
1.547	0.276582
1.548	0.277135
1.549	0.277688
1.55	0.278239
1.551	0.278791
1.552	0.279341
1.553	0.279891
1.554	0.28044
1.555	0.280989
1.556	0.281537
1.557	0.282085
1.558	0.282632
1.559	0.283178
1.56	0.283724
1.561	0.284269
1.562	0.284814
1.563	0.285358
1.564	0.285901
1.565	0.286444
1.566	0.286986
1.567	0.287527
1.568	0.288068
1.569	0.288608
1.57	0.289148
1.571	0.289687
1.572	0.290225
1.573	0.290763
1.574	0.2913
1.575	0.291837
1.576	0.292373
1.577	0.292908
1.578	0.293443
1.579	0.293977
1.58	0.29451
1.581	0.295043
1.582	0.295575
1.583	0.296107
1.584	0.296638
1.585	0.297168
1.586	0.297698
1.587	0.298227
1.588	0.298755
1.589	0.299283
1.59	0.29981
1.591	0.300336
1.592	0.300862
1.593	0.301387
1.594	0.301912
1.595	0.302436
1.596	0.302959
1.597	0.303482
1.598	0.304004
1.599	0.304525
1.6	0.305046
1.601	0.305566
1.602	0.306085
1.603	0.306604
1.604	0.307122
1.605	0.307639
1.606	0.308156
1.607	0.308672
1.608	0.309188
1.609	0.309702
1.61	0.310216
1.611	0.31073
1.612	0.311243
1.613	0.311755
1.614	0.312266
1.615	0.312777
1.616	0.313287
1.617	0.313797
1.618	0.314306
1.619	0.314814
1.62	0.315322
1.621	0.315828
1.622	0.316335
1.623	0.31684
1.624	0.317345
1.625	0.317849
1.626	0.318353
1.627	0.318855
1.628	0.319357
1.629	0.319859
1.63	0.32036
1.631	0.32086
1.632	0.321359
1.633	0.321858
1.634	0.322356
1.635	0.322853
1.636	0.32335
1.637	0.323846
1.638	0.324342
1.639	0.324836
1.64	0.32533
1.641	0.325823
1.642	0.326316
1.643	0.326808
1.644	0.327299
1.645	0.32779
1.646	0.328279
1.647	0.328769
1.648	0.329257
1.649	0.329745
1.65	0.330232
1.651	0.330718
1.652	0.331204
1.653	0.331689
1.654	0.332173
1.655	0.332656
1.656	0.333139
1.657	0.333621
1.658	0.334103
1.659	0.334584
1.66	0.335064
1.661	0.335543
1.662	0.336022
1.663	0.336499
1.664	0.336977
1.665	0.337453
1.666	0.337929
1.667	0.338404
1.668	0.338878
1.669	0.339352
1.67	0.339825
1.671	0.340297
1.672	0.340769
1.673	0.341239
1.674	0.341709
1.675	0.342179
1.676	0.342647
1.677	0.343115
1.678	0.343582
1.679	0.344049
1.68	0.344514
1.681	0.344979
1.682	0.345444
1.683	0.345907
1.684	0.34637
1.685	0.346832
1.686	0.347294
1.687	0.347754
1.688	0.348214
1.689	0.348673
1.69	0.349132
1.691	0.349589
1.692	0.350046
1.693	0.350502
1.694	0.350958
1.695	0.351413
1.696	0.351867
1.697	0.35232
1.698	0.352773
1.699	0.353224
1.7	0.353675
1.701	0.354126
1.702	0.354575
1.703	0.355024
1.704	0.355472
1.705	0.355919
1.706	0.356366
1.707	0.356812
1.708	0.357257
1.709	0.357701
1.71	0.358145
1.711	0.358588
1.712	0.35903
1.713	0.359471
1.714	0.359912
1.715	0.360351
1.716	0.360791
1.717	0.361229
1.718	0.361666
1.719	0.362103
1.72	0.362539
1.721	0.362974
1.722	0.363409
1.723	0.363843
1.724	0.364276
1.725	0.364708
1.726	0.365139
1.727	0.36557
1.728	0.366
1.729	0.366429
1.73	0.366858
1.731	0.367285
1.732	0.367712
1.733	0.368138
1.734	0.368564
1.735	0.368988
1.736	0.369412
1.737	0.369835
1.738	0.370257
1.739	0.370679
1.74	0.371099
1.741	0.371519
1.742	0.371938
1.743	0.372357
1.744	0.372774
1.745	0.373191
1.746	0.373607
1.747	0.374022
1.748	0.374437
1.749	0.37485
1.75	0.375263
1.751	0.375675
1.752	0.376087
1.753	0.376497
1.754	0.376907
1.755	0.377316
1.756	0.377724
1.757	0.378132
1.758	0.378538
1.759	0.378944
1.76	0.379349
1.761	0.379753
1.762	0.380157
1.763	0.380559
1.764	0.380961
1.765	0.381362
1.766	0.381762
1.767	0.382162
1.768	0.382561
1.769	0.382958
1.77	0.383355
1.771	0.383752
1.772	0.384147
1.773	0.384542
1.774	0.384936
1.775	0.385329
1.776	0.385721
1.777	0.386113
1.778	0.386503
1.779	0.386893
1.78	0.387282
1.781	0.38767
1.782	0.388058
1.783	0.388444
1.784	0.38883
1.785	0.389215
1.786	0.389599
1.787	0.389983
1.788	0.390365
1.789	0.390747
1.79	0.391128
1.791	0.391508
1.792	0.391888
1.793	0.392266
1.794	0.392644
1.795	0.393021
1.796	0.393397
1.797	0.393772
1.798	0.394146
1.799	0.39452
1.8	0.394893
1.801	0.395265
1.802	0.395636
1.803	0.396006
1.804	0.396376
1.805	0.396744
1.806	0.397112
1.807	0.397479
1.808	0.397845
1.809	0.398211
1.81	0.398575
1.811	0.398939
1.812	0.399302
1.813	0.399664
1.814	0.400025
1.815	0.400385
1.816	0.400745
1.817	0.401104
1.818	0.401462
1.819	0.401819
1.82	0.402175
1.821	0.40253
1.822	0.402885
1.823	0.403239
1.824	0.403592
1.825	0.403944
1.826	0.404295
1.827	0.404645
1.828	0.404995
1.829	0.405343
1.83	0.405691
1.831	0.406038
1.832	0.406385
1.833	0.40673
1.834	0.407074
1.835	0.407418
1.836	0.407761
1.837	0.408103
1.838	0.408444
1.839	0.408784
1.84	0.409124
1.841	0.409462
1.842	0.4098
1.843	0.410137
1.844	0.410473
1.845	0.410808
1.846	0.411142
1.847	0.411476
1.848	0.411809
1.849	0.41214
1.85	0.412471
1.851	0.412801
1.852	0.413131
1.853	0.413459
1.854	0.413786
1.855	0.414113
1.856	0.414439
1.857	0.414764
1.858	0.415088
1.859	0.415411
1.86	0.415733
1.861	0.416055
1.862	0.416376
1.863	0.416695
1.864	0.417014
1.865	0.417332
1.866	0.41765
1.867	0.417966
1.868	0.418281
1.869	0.418596
1.87	0.41891
1.871	0.419223
1.872	0.419535
1.873	0.419846
1.874	0.420156
1.875	0.420466
1.876	0.420774
1.877	0.421082
1.878	0.421389
1.879	0.421695
1.88	0.422
1.881	0.422304
1.882	0.422607
1.883	0.42291
1.884	0.423211
1.885	0.423512
1.886	0.423812
1.887	0.424111
1.888	0.424409
1.889	0.424706
1.89	0.425003
1.891	0.425298
1.892	0.425593
1.893	0.425886
1.894	0.426179
1.895	0.426471
1.896	0.426762
1.897	0.427052
1.898	0.427342
1.899	0.42763
1.9	0.427918
1.901	0.428204
1.902	0.42849
1.903	0.428775
1.904	0.429059
1.905	0.429342
1.906	0.429625
1.907	0.429906
1.908	0.430187
1.909	0.430466
1.91	0.430745
1.911	0.431023
1.912	0.4313
1.913	0.431576
1.914	0.431851
1.915	0.432125
1.916	0.432399
1.917	0.432671
1.918	0.432943
1.919	0.433214
1.92	0.433483
1.921	0.433752
1.922	0.43402
1.923	0.434288
1.924	0.434554
1.925	0.434819
1.926	0.435084
1.927	0.435347
1.928	0.43561
1.929	0.435872
1.93	0.436133
1.931	0.436393
1.932	0.436652
1.933	0.43691
1.934	0.437168
1.935	0.437424
1.936	0.43768
1.937	0.437934
1.938	0.438188
1.939	0.438441
1.94	0.438693
1.941	0.438944
1.942	0.439194
1.943	0.439443
1.944	0.439692
1.945	0.439939
1.946	0.440186
1.947	0.440431
1.948	0.440676
1.949	0.44092
1.95	0.441163
1.951	0.441405
1.952	0.441646
1.953	0.441886
1.954	0.442125
1.955	0.442364
1.956	0.442601
1.957	0.442838
1.958	0.443073
1.959	0.443308
1.96	0.443542
1.961	0.443775
1.962	0.444007
1.963	0.444238
1.964	0.444468
1.965	0.444698
1.966	0.444926
1.967	0.445154
1.968	0.44538
1.969	0.445606
1.97	0.445831
1.971	0.446055
1.972	0.446278
1.973	0.4465
1.974	0.446721
1.975	0.446941
1.976	0.44716
1.977	0.447379
1.978	0.447596
1.979	0.447813
1.98	0.448028
1.981	0.448243
1.982	0.448457
1.983	0.44867
1.984	0.448882
1.985	0.449093
1.986	0.449303
1.987	0.449512
1.988	0.44972
1.989	0.449928
1.99	0.450134
1.991	0.45034
1.992	0.450544
1.993	0.450748
1.994	0.450951
1.995	0.451152
1.996	0.451353
1.997	0.451553
1.998	0.451753
1.999	0.451951
2	0.452148
2.001	0.452344
2.002	0.45254
2.003	0.452734
2.004	0.452928
2.005	0.45312
2.006	0.453312
2.007	0.453503
2.008	0.453693
2.009	0.453882
2.01	0.45407
2.011	0.454257
2.012	0.454443
2.013	0.454628
2.014	0.454812
2.015	0.454996
2.016	0.455178
2.017	0.45536
2.018	0.45554
2.019	0.45572
2.02	0.455899
2.021	0.456076
2.022	0.456253
2.023	0.456429
2.024	0.456604
2.025	0.456778
2.026	0.456952
2.027	0.457124
2.028	0.457295
2.029	0.457465
2.03	0.457635
2.031	0.457803
2.032	0.457971
2.033	0.458138
2.034	0.458303
2.035	0.458468
2.036	0.458632
2.037	0.458795
2.038	0.458957
2.039	0.459118
2.04	0.459278
2.041	0.459437
2.042	0.459595
2.043	0.459753
2.044	0.459909
2.045	0.460065
2.046	0.460219
2.047	0.460373
2.048	0.460525
2.049	0.460677
2.05	0.460828
2.051	0.460978
2.052	0.461127
2.053	0.461275
2.054	0.461422
2.055	0.461568
2.056	0.461713
2.057	0.461857
2.058	0.462
2.059	0.462143
2.06	0.462284
2.061	0.462424
2.062	0.462564
2.063	0.462703
2.064	0.46284
2.065	0.462977
2.066	0.463113
2.067	0.463248
2.068	0.463381
2.069	0.463514
2.07	0.463646
2.071	0.463777
2.072	0.463908
2.073	0.464037
2.074	0.464165
2.075	0.464292
2.076	0.464419
2.077	0.464544
2.078	0.464669
2.079	0.464792
2.08	0.464915
2.081	0.465036
2.082	0.465157
2.083	0.465277
2.084	0.465396
2.085	0.465514
2.086	0.465631
2.087	0.465747
2.088	0.465862
2.089	0.465976
2.09	0.466089
2.091	0.466201
2.092	0.466312
2.093	0.466423
2.094	0.466532
2.095	0.466641
2.096	0.466748
2.097	0.466855
2.098	0.46696
2.099	0.467065
2.1	0.467169
2.101	0.467272
2.102	0.467373
2.103	0.467474
2.104	0.467574
2.105	0.467673
2.106	0.467771
2.107	0.467869
2.108	0.467965
2.109	0.46806
2.11	0.468154
2.111	0.468248
2.112	0.46834
2.113	0.468432
2.114	0.468522
2.115	0.468612
2.116	0.4687
2.117	0.468788
2.118	0.468875
2.119	0.46896
2.12	0.469045
2.121	0.469129
2.122	0.469212
2.123	0.469294
2.124	0.469375
2.125	0.469455
2.126	0.469534
2.127	0.469613
2.128	0.46969
2.129	0.469766
2.13	0.469841
2.131	0.469916
2.132	0.469989
2.133	0.470062
2.134	0.470133
2.135	0.470204
2.136	0.470274
2.137	0.470342
2.138	0.47041
2.139	0.470477
2.14	0.470543
2.141	0.470608
2.142	0.470672
2.143	0.470735
2.144	0.470797
2.145	0.470858
2.146	0.470918
2.147	0.470978
2.148	0.471036
2.149	0.471093
2.15	0.47115
2.151	0.471205
2.152	0.47126
2.153	0.471313
2.154	0.471366
2.155	0.471418
2.156	0.471468
2.157	0.471518
2.158	0.471567
2.159	0.471615
2.16	0.471662
2.161	0.471708
2.162	0.471753
2.163	0.471797
2.164	0.47184
2.165	0.471882
2.166	0.471924
2.167	0.471964
2.168	0.472003
2.169	0.472042
2.17	0.472079
2.171	0.472116
2.172	0.472151
2.173	0.472186
2.174	0.472219
2.175	0.472252
2.176	0.472284
2.177	0.472315
2.178	0.472345
2.179	0.472373
2.18	0.472401
2.181	0.472428
2.182	0.472455
2.183	0.47248
2.184	0.472504
2.185	0.472527
2.186	0.472549
2.187	0.472571
2.188	0.472591
2.189	0.472611
2.19	0.472629
2.191	0.472647
2.192	0.472663
2.193	0.472679
2.194	0.472694
2.195	0.472707
2.196	0.47272
2.197	0.472732
2.198	0.472743
2.199	0.472753
2.2	0.472762
2.201	0.47277
2.202	0.472777
2.203	0.472783
2.204	0.472789
2.205	0.472793
2.206	0.472796
2.207	0.472799
2.208	0.4728
2.209	0.472801
2.21	0.4728
2.211	0.472799
2.212	0.472797
2.213	0.472793
2.214	0.472789
2.215	0.472784
2.216	0.472778
2.217	0.472771
2.218	0.472763
2.219	0.472754
2.22	0.472744
2.221	0.472733
2.222	0.472722
2.223	0.472709
2.224	0.472695
2.225	0.472681
2.226	0.472665
2.227	0.472649
2.228	0.472631
2.229	0.472613
2.23	0.472593
2.231	0.472573
2.232	0.472552
2.233	0.47253
2.234	0.472507
2.235	0.472483
2.236	0.472458
2.237	0.472432
2.238	0.472405
2.239	0.472377
2.24	0.472348
2.241	0.472319
2.242	0.472288
2.243	0.472257
2.244	0.472224
2.245	0.472191
2.246	0.472156
2.247	0.472121
2.248	0.472085
2.249	0.472047
2.25	0.472009
2.251	0.47197
2.252	0.47193
2.253	0.471889
2.254	0.471847
2.255	0.471804
2.256	0.471761
2.257	0.471716
2.258	0.47167
2.259	0.471624
2.26	0.471576
2.261	0.471528
2.262	0.471478
2.263	0.471428
2.264	0.471377
2.265	0.471324
2.266	0.471271
2.267	0.471217
2.268	0.471162
2.269	0.471106
2.27	0.471049
2.271	0.470991
2.272	0.470933
2.273	0.470873
2.274	0.470812
2.275	0.470751
2.276	0.470688
2.277	0.470625
2.278	0.47056
2.279	0.470495
2.28	0.470429
2.281	0.470361
2.282	0.470293
2.283	0.470224
2.284	0.470154
2.285	0.470083
2.286	0.470011
2.287	0.469939
2.288	0.469865
2.289	0.46979
2.29	0.469715
2.291	0.469638
2.292	0.469561
2.293	0.469482
2.294	0.469403
2.295	0.469323
2.296	0.469242
2.297	0.46916
2.298	0.469077
2.299	0.468993
2.3	0.468908
2.301	0.468822
2.302	0.468735
2.303	0.468647
2.304	0.468559
2.305	0.468469
2.306	0.468379
2.307	0.468287
2.308	0.468195
2.309	0.468102
2.31	0.468008
2.311	0.467913
2.312	0.467817
2.313	0.46772
2.314	0.467622
2.315	0.467523
2.316	0.467423
2.317	0.467323
2.318	0.467221
2.319	0.467119
2.32	0.467015
2.321	0.466911
2.322	0.466806
2.323	0.4667
2.324	0.466592
2.325	0.466484
2.326	0.466376
2.327	0.466266
2.328	0.466155
2.329	0.466043
2.33	0.465931
2.331	0.465817
2.332	0.465703
2.333	0.465587
2.334	0.465471
2.335	0.465354
2.336	0.465236
2.337	0.465117
2.338	0.464997
2.339	0.464876
2.34	0.464754
2.341	0.464631
2.342	0.464508
2.343	0.464383
2.344	0.464258
2.345	0.464131
2.346	0.464004
2.347	0.463876
2.348	0.463747
2.349	0.463617
2.35	0.463486
2.351	0.463354
2.352	0.463221
2.353	0.463087
2.354	0.462953
2.355	0.462817
2.356	0.462681
2.357	0.462543
2.358	0.462405
2.359	0.462266
2.36	0.462126
2.361	0.461985
2.362	0.461843
2.363	0.4617
2.364	0.461557
2.365	0.461412
2.366	0.461267
2.367	0.46112
2.368	0.460973
2.369	0.460825
2.37	0.460676
2.371	0.460526
2.372	0.460375
2.373	0.460223
2.374	0.46007
2.375	0.459916
2.376	0.459762
2.377	0.459606
2.378	0.45945
2.379	0.459293
2.38	0.459135
2.381	0.458976
2.382	0.458816
2.383	0.458655
2.384	0.458493
2.385	0.45833
2.386	0.458167
2.387	0.458002
2.388	0.457837
2.389	0.457671
2.39	0.457504
2.391	0.457336
2.392	0.457167
2.393	0.456997
2.394	0.456826
2.395	0.456655
2.396	0.456482
2.397	0.456309
2.398	0.456134
2.399	0.455959
2.4	0.455783
2.401	0.455606
2.402	0.455428
2.403	0.45525
2.404	0.45507
2.405	0.454889
2.406	0.454708
2.407	0.454526
2.408	0.454343
2.409	0.454158
2.41	0.453974
2.411	0.453788
2.412	0.453601
2.413	0.453413
2.414	0.453225
2.415	0.453035
2.416	0.452845
2.417	0.452654
2.418	0.452462
2.419	0.452269
2.42	0.452075
2.421	0.45188
2.422	0.451685
2.423	0.451488
2.424	0.451291
2.425	0.451093
2.426	0.450894
2.427	0.450694
2.428	0.450493
2.429	0.450291
2.43	0.450089
2.431	0.449885
2.432	0.449681
2.433	0.449475
2.434	0.449269
2.435	0.449062
2.436	0.448854
2.437	0.448646
2.438	0.448436
2.439	0.448226
2.44	0.448014
2.441	0.447802
2.442	0.447589
2.443	0.447375
2.444	0.44716
2.445	0.446944
2.446	0.446728
2.447	0.44651
2.448	0.446292
2.449	0.446073
2.45	0.445853
2.451	0.445632
2.452	0.44541
2.453	0.445187
2.454	0.444964
2.455	0.44474
2.456	0.444514
2.457	0.444288
2.458	0.444061
2.459	0.443833
2.46	0.443605
2.461	0.443375
2.462	0.443145
2.463	0.442913
2.464	0.442681
2.465	0.442448
2.466	0.442214
2.467	0.44198
2.468	0.441744
2.469	0.441508
2.47	0.441271
2.471	0.441032
2.472	0.440793
2.473	0.440554
2.474	0.440313
2.475	0.440071
2.476	0.439829
2.477	0.439586
2.478	0.439342
2.479	0.439097
2.48	0.438851
2.481	0.438604
2.482	0.438357
2.483	0.438108
2.484	0.437859
2.485	0.437609
2.486	0.437358
2.487	0.437107
2.488	0.436854
2.489	0.436601
2.49	0.436346
2.491	0.436091
2.492	0.435835
2.493	0.435579
2.494	0.435321
2.495	0.435062
2.496	0.434803
2.497	0.434543
2.498	0.434282
2.499	0.43402
2.5	0.433758
2.501	0.433494
2.502	0.43323
2.503	0.432965
2.504	0.432699
2.505	0.432432
2.506	0.432164
2.507	0.431896
2.508	0.431626
2.509	0.431356
2.51	0.431085
2.511	0.430813
2.512	0.430541
2.513	0.430267
2.514	0.429993
2.515	0.429718
2.516	0.429442
2.517	0.429165
2.518	0.428887
2.519	0.428609
2.52	0.42833
2.521	0.42805
2.522	0.427769
2.523	0.427487
2.524	0.427204
2.525	0.426921
2.526	0.426637
2.527	0.426352
2.528	0.426066
2.529	0.425779
2.53	0.425492
2.531	0.425204
2.532	0.424915
2.533	0.424625
2.534	0.424334
2.535	0.424042
2.536	0.42375
2.537	0.423457
2.538	0.423163
2.539	0.422868
2.54	0.422573
2.541	0.422276
2.542	0.421979
2.543	0.421681
2.544	0.421382
2.545	0.421082
2.546	0.420782
2.547	0.420481
2.548	0.420179
2.549	0.419876
2.55	0.419572
2.551	0.419268
2.552	0.418962
2.553	0.418656
2.554	0.41835
2.555	0.418042
2.556	0.417733
2.557	0.417424
2.558	0.417114
2.559	0.416803
2.56	0.416492
2.561	0.416179
2.562	0.415866
2.563	0.415552
2.564	0.415237
2.565	0.414921
2.566	0.414605
2.567	0.414288
2.568	0.41397
2.569	0.413651
2.57	0.413331
2.571	0.413011
2.572	0.41269
2.573	0.412368
2.574	0.412045
2.575	0.411722
2.576	0.411398
2.577	0.411072
2.578	0.410747
2.579	0.41042
2.58	0.410093
2.581	0.409764
2.582	0.409435
2.583	0.409106
2.584	0.408775
2.585	0.408444
2.586	0.408112
2.587	0.407779
2.588	0.407445
2.589	0.407111
2.59	0.406776
2.591	0.40644
2.592	0.406103
2.593	0.405765
2.594	0.405427
2.595	0.405088
2.596	0.404748
2.597	0.404408
2.598	0.404066
2.599	0.403724
2.6	0.403382
2.601	0.403038
2.602	0.402693
2.603	0.402348
2.604	0.402002
2.605	0.401656
2.606	0.401308
2.607	0.40096
2.608	0.400611
2.609	0.400261
2.61	0.399911
2.611	0.39956
2.612	0.399208
2.613	0.398855
2.614	0.398501
2.615	0.398147
2.616	0.397792
2.617	0.397436
2.618	0.39708
2.619	0.396723
2.62	0.396365
2.621	0.396006
2.622	0.395646
2.623	0.395286
2.624	0.394925
2.625	0.394564
2.626	0.394201
2.627	0.393838
2.628	0.393474
2.629	0.393109
2.63	0.392744
2.631	0.392378
2.632	0.392011
2.633	0.391643
2.634	0.391275
2.635	0.390905
2.636	0.390536
2.637	0.390165
2.638	0.389794
2.639	0.389421
2.64	0.389049
2.641	0.388675
2.642	0.388301
2.643	0.387926
2.644	0.38755
2.645	0.387174
2.646	0.386797
2.647	0.386419
2.648	0.38604
2.649	0.385661
2.65	0.385281
2.651	0.3849
2.652	0.384518
2.653	0.384136
2.654	0.383753
2.655	0.383369
2.656	0.382985
2.657	0.3826
2.658	0.382214
2.659	0.381827
2.66	0.38144
2.661	0.381052
2.662	0.380663
2.663	0.380274
2.664	0.379884
2.665	0.379493
2.666	0.379102
2.667	0.378709
2.668	0.378316
2.669	0.377923
2.67	0.377528
2.671	0.377133
2.672	0.376738
2.673	0.376341
2.674	0.375944
2.675	0.375546
2.676	0.375147
2.677	0.374748
2.678	0.374348
2.679	0.373947
2.68	0.373546
2.681	0.373144
2.682	0.372741
2.683	0.372338
2.684	0.371934
2.685	0.371529
2.686	0.371123
2.687	0.370717
2.688	0.37031
2.689	0.369903
2.69	0.369494
2.691	0.369085
2.692	0.368676
2.693	0.368265
2.694	0.367854
2.695	0.367442
2.696	0.36703
2.697	0.366617
2.698	0.366203
2.699	0.365789
2.7	0.365374
2.701	0.364958
2.702	0.364541
2.703	0.364124
2.704	0.363706
2.705	0.363288
2.706	0.362869
2.707	0.362449
2.708	0.362028
2.709	0.361607
2.71	0.361185
2.711	0.360763
2.712	0.36034
2.713	0.359916
2.714	0.359491
2.715	0.359066
2.716	0.35864
2.717	0.358214
2.718	0.357787
2.719	0.357359
2.72	0.35693
2.721	0.356501
2.722	0.356071
2.723	0.355641
2.724	0.35521
2.725	0.354778
2.726	0.354346
2.727	0.353913
2.728	0.353479
2.729	0.353045
2.73	0.35261
2.731	0.352174
2.732	0.351738
2.733	0.351301
2.734	0.350863
2.735	0.350425
2.736	0.349986
2.737	0.349546
2.738	0.349106
2.739	0.348665
2.74	0.348224
2.741	0.347782
2.742	0.347339
2.743	0.346896
2.744	0.346452
2.745	0.346007
2.746	0.345562
2.747	0.345116
2.748	0.344669
2.749	0.344222
2.75	0.343774
2.751	0.343326
2.752	0.342877
2.753	0.342427
2.754	0.341977
2.755	0.341526
2.756	0.341074
2.757	0.340622
2.758	0.340169
2.759	0.339716
2.76	0.339262
2.761	0.338807
2.762	0.338352
2.763	0.337896
2.764	0.337439
2.765	0.336982
2.766	0.336525
2.767	0.336066
2.768	0.335607
2.769	0.335148
2.77	0.334687
2.771	0.334227
2.772	0.333765
2.773	0.333303
2.774	0.332841
2.775	0.332377
2.776	0.331914
2.777	0.331449
2.778	0.330984
2.779	0.330519
2.78	0.330052
2.781	0.329585
2.782	0.329118
2.783	0.32865
2.784	0.328181
2.785	0.327712
2.786	0.327242
2.787	0.326772
2.788	0.326301
2.789	0.325829
2.79	0.325357
2.791	0.324885
2.792	0.324411
2.793	0.323937
2.794	0.323463
2.795	0.322988
2.796	0.322512
2.797	0.322036
2.798	0.321559
2.799	0.321082
2.8	0.320604
2.801	0.320125
2.802	0.319646
2.803	0.319166
2.804	0.318686
2.805	0.318205
2.806	0.317724
2.807	0.317242
2.808	0.316759
2.809	0.316276
2.81	0.315792
2.811	0.315308
2.812	0.314823
2.813	0.314338
2.814	0.313852
2.815	0.313365
2.816	0.312878
2.817	0.31239
2.818	0.311902
2.819	0.311413
2.82	0.310924
2.821	0.310434
2.822	0.309944
2.823	0.309453
2.824	0.308961
2.825	0.308469
2.826	0.307976
2.827	0.307483
2.828	0.30699
2.829	0.306495
2.83	0.306
2.831	0.305505
2.832	0.305009
2.833	0.304513
2.834	0.304016
2.835	0.303518
2.836	0.30302
2.837	0.302521
2.838	0.302022
2.839	0.301522
2.84	0.301022
2.841	0.300521
2.842	0.30002
2.843	0.299518
2.844	0.299016
2.845	0.298513
2.846	0.29801
2.847	0.297506
2.848	0.297001
2.849	0.296496
2.85	0.295991
2.851	0.295485
2.852	0.294978
2.853	0.294471
2.854	0.293963
2.855	0.293455
2.856	0.292947
2.857	0.292437
2.858	0.291928
2.859	0.291418
2.86	0.290907
2.861	0.290396
2.862	0.289884
2.863	0.289372
2.864	0.288859
2.865	0.288346
2.866	0.287832
2.867	0.287318
2.868	0.286803
2.869	0.286288
2.87	0.285772
2.871	0.285256
2.872	0.284739
2.873	0.284222
2.874	0.283704
2.875	0.283186
2.876	0.282667
2.877	0.282148
2.878	0.281628
2.879	0.281108
2.88	0.280587
2.881	0.280066
2.882	0.279544
2.883	0.279022
2.884	0.278499
2.885	0.277976
2.886	0.277452
2.887	0.276928
2.888	0.276404
2.889	0.275878
2.89	0.275353
2.891	0.274827
2.892	0.2743
2.893	0.273773
2.894	0.273246
2.895	0.272718
2.896	0.27219
2.897	0.271661
2.898	0.271131
2.899	0.270601
2.9	0.270071
2.901	0.26954
2.902	0.269009
2.903	0.268478
2.904	0.267945
2.905	0.267413
2.906	0.26688
2.907	0.266346
2.908	0.265812
2.909	0.265278
2.91	0.264743
2.911	0.264207
2.912	0.263672
2.913	0.263135
2.914	0.262599
2.915	0.262062
2.916	0.261524
2.917	0.260986
2.918	0.260447
2.919	0.259908
2.92	0.259369
2.921	0.258829
2.922	0.258289
2.923	0.257748
2.924	0.257207
2.925	0.256665
2.926	0.256123
2.927	0.255581
2.928	0.255038
2.929	0.254495
2.93	0.253951
2.931	0.253407
2.932	0.252862
2.933	0.252317
2.934	0.251772
2.935	0.251226
2.936	0.250679
2.937	0.250133
2.938	0.249585
2.939	0.249038
2.94	0.24849
2.941	0.247941
2.942	0.247392
2.943	0.246843
2.944	0.246293
2.945	0.245743
2.946	0.245193
2.947	0.244642
2.948	0.244091
2.949	0.243539
2.95	0.242987
2.951	0.242434
2.952	0.241881
2.953	0.241328
2.954	0.240774
2.955	0.24022
2.956	0.239665
2.957	0.23911
2.958	0.238555
2.959	0.237999
2.96	0.237443
2.961	0.236886
2.962	0.236329
2.963	0.235772
2.964	0.235214
2.965	0.234656
2.966	0.234097
2.967	0.233538
2.968	0.232979
2.969	0.232419
2.97	0.231859
2.971	0.231299
2.972	0.230738
2.973	0.230177
2.974	0.229615
2.975	0.229053
2.976	0.228491
2.977	0.227928
2.978	0.227365
2.979	0.226801
2.98	0.226238
2.981	0.225673
2.982	0.225109
2.983	0.224544
2.984	0.223978
2.985	0.223413
2.986	0.222847
2.987	0.22228
2.988	0.221713
2.989	0.221146
2.99	0.220579
2.991	0.220011
2.992	0.219442
2.993	0.218874
2.994	0.218305
2.995	0.217736
2.996	0.217166
2.997	0.216596
2.998	0.216026
2.999	0.215455
3	0.214884
3.001	0.214312
3.002	0.213741
3.003	0.213169
3.004	0.212596
3.005	0.212023
3.006	0.21145
3.007	0.210877
3.008	0.210303
3.009	0.209729
3.01	0.209154
3.011	0.208579
3.012	0.208004
3.013	0.207429
3.014	0.206853
3.015	0.206277
3.016	0.2057
3.017	0.205124
3.018	0.204546
3.019	0.203969
3.02	0.203391
3.021	0.202813
3.022	0.202235
3.023	0.201656
3.024	0.201077
3.025	0.200498
3.026	0.199918
3.027	0.199338
3.028	0.198758
3.029	0.198177
3.03	0.197596
3.031	0.197015
3.032	0.196433
3.033	0.195851
3.034	0.195269
3.035	0.194687
3.036	0.194104
3.037	0.193521
3.038	0.192937
3.039	0.192354
3.04	0.19177
3.041	0.191186
3.042	0.190601
3.043	0.190016
3.044	0.189431
3.045	0.188845
3.046	0.18826
3.047	0.187674
3.048	0.187087
3.049	0.186501
3.05	0.185914
3.051	0.185327
3.052	0.184739
3.053	0.184151
3.054	0.183563
3.055	0.182975
3.056	0.182386
3.057	0.181798
3.058	0.181208
3.059	0.180619
3.06	0.180029
3.061	0.179439
3.062	0.178849
3.063	0.178259
3.064	0.177668
3.065	0.177077
3.066	0.176485
3.067	0.175894
3.068	0.175302
3.069	0.17471
3.07	0.174118
3.071	0.173525
3.072	0.172932
3.073	0.172339
3.074	0.171745
3.075	0.171152
3.076	0.170558
3.077	0.169964
3.078	0.169369
3.079	0.168775
3.08	0.16818
3.081	0.167585
3.082	0.166989
3.083	0.166394
3.084	0.165798
3.085	0.165201
3.086	0.164605
3.087	0.164008
3.088	0.163412
3.089	0.162815
3.09	0.162217
3.091	0.16162
3.092	0.161022
3.093	0.160424
3.094	0.159826
3.095	0.159227
3.096	0.158628
3.097	0.158029
3.098	0.15743
3.099	0.156831
3.1	0.156231
3.101	0.155631
3.102	0.155031
3.103	0.154431
3.104	0.153831
3.105	0.15323
3.106	0.152629
3.107	0.152028
3.108	0.151426
3.109	0.150825
3.11	0.150223
3.111	0.149621
3.112	0.149019
3.113	0.148416
3.114	0.147814
3.115	0.147211
3.116	0.146608
3.117	0.146005
3.118	0.145401
3.119	0.144798
3.12	0.144194
3.121	0.14359
3.122	0.142986
3.123	0.142381
3.124	0.141777
3.125	0.141172
3.126	0.140567
3.127	0.139962
3.128	0.139356
3.129	0.138751
3.13	0.138145
3.131	0.137539
3.132	0.136933
3.133	0.136327
3.134	0.13572
3.135	0.135114
3.136	0.134507
3.137	0.1339
3.138	0.133293
3.139	0.132685
3.14	0.132078
3.141	0.13147
3.142	0.130862
3.143	0.130254
3.144	0.129646
3.145	0.129038
3.146	0.128429
3.147	0.12782
3.148	0.127211
3.149	0.126602
3.15	0.125993
3.151	0.125384
3.152	0.124774
3.153	0.124165
3.154	0.123555
3.155	0.122945
3.156	0.122335
3.157	0.121725
3.158	0.121114
3.159	0.120504
3.16	0.119893
3.161	0.119282
3.162	0.118671
3.163	0.11806
3.164	0.117449
3.165	0.116837
3.166	0.116226
3.167	0.115614
3.168	0.115002
3.169	0.11439
3.17	0.113778
3.171	0.113166
3.172	0.112554
3.173	0.111941
3.174	0.111328
3.175	0.110716
3.176	0.110103
3.177	0.10949
3.178	0.108877
3.179	0.108263
3.18	0.10765
3.181	0.107037
3.182	0.106423
3.183	0.105809
3.184	0.105195
3.185	0.104581
3.186	0.103967
3.187	0.103353
3.188	0.102739
3.189	0.102124
3.19	0.10151
3.191	0.100895
3.192	0.100281
3.193	0.0996657
3.194	0.0990508
3.195	0.0984357
3.196	0.0978206
3.197	0.0972053
3.198	0.09659
3.199	0.0959745
3.2	0.095359
3.201	0.0947434
3.202	0.0941277
3.203	0.0935118
3.204	0.0928959
3.205	0.0922799
3.206	0.0916639
3.207	0.0910477
3.208	0.0904314
3.209	0.0898151
3.21	0.0891987
3.211	0.0885822
3.212	0.0879656
3.213	0.0873489
3.214	0.0867322
3.215	0.0861153
3.216	0.0854984
3.217	0.0848815
3.218	0.0842644
3.219	0.0836473
3.22	0.0830301
3.221	0.0824129
3.222	0.0817956
3.223	0.0811782
3.224	0.0805607
3.225	0.0799432
3.226	0.0793256
3.227	0.078708
3.228	0.0780903
3.229	0.0774725
3.23	0.0768547
3.231	0.0762368
3.232	0.0756189
3.233	0.0750009
3.234	0.0743829
3.235	0.0737648
3.236	0.0731467
3.237	0.0725285
3.238	0.0719103
3.239	0.071292
3.24	0.0706737
3.241	0.0700553
3.242	0.0694369
3.243	0.0688185
3.244	0.0682
3.245	0.0675815
3.246	0.0669629
3.247	0.0663443
3.248	0.0657257
3.249	0.065107
3.25	0.0644883
3.251	0.0638696
3.252	0.0632508
3.253	0.062632
3.254	0.0620132
3.255	0.0613944
3.256	0.0607755
3.257	0.0601566
3.258	0.0595377
3.259	0.0589188
3.26	0.0582999
3.261	0.0576809
3.262	0.0570619
3.263	0.0564429
3.264	0.0558239
3.265	0.0552049
3.266	0.0545859
3.267	0.0539668
3.268	0.0533478
3.269	0.0527287
3.27	0.0521097
3.271	0.0514906
3.272	0.0508715
3.273	0.0502524
3.274	0.0496334
3.275	0.0490143
3.276	0.0483952
3.277	0.0477761
3.278	0.0471571
3.279	0.046538
3.28	0.045919
3.281	0.0452999
3.282	0.0446809
3.283	0.0440618
3.284	0.0434428
3.285	0.0428238
3.286	0.0422048
3.287	0.0415858
3.288	0.0409669
3.289	0.0403479
3.29	0.039729
3.291	0.0391101
3.292	0.0384912
3.293	0.0378724
3.294	0.0372535
3.295	0.0366347
3.296	0.0360159
3.297	0.0353972
3.298	0.0347785
3.299	0.0341598
3.3	0.0335411
3.301	0.0329225
3.302	0.0323039
3.303	0.0316853
3.304	0.0310668
3.305	0.0304483
3.306	0.0298299
3.307	0.0292115
3.308	0.0285931
3.309	0.0279748
3.31	0.0273565
3.311	0.0267383
3.312	0.0261201
3.313	0.025502
3.314	0.0248839
3.315	0.0242659
3.316	0.0236479
3.317	0.02303
3.318	0.0224121
3.319	0.0217943
3.32	0.0211765
3.321	0.0205588
3.322	0.0199412
3.323	0.0193236
3.324	0.0187061
3.325	0.0180886
3.326	0.0174712
3.327	0.0168539
3.328	0.0162366
3.329	0.0156195
3.33	0.0150023
3.331	0.0143853
3.332	0.0137683
3.333	0.0131514
3.334	0.0125346
3.335	0.0119178
3.336	0.0113012
3.337	0.0106846
3.338	0.010068
3.339	0.00945161
3.34	0.00883526
3.341	0.00821899
3.342	0.00760281
3.343	0.00698671
3.344	0.0063707
3.345	0.00575478
3.346	0.00513895
3.347	0.00452321
3.348	0.00390756
3.349	0.003292
3.35	0.00267654
3.351	0.00206118
3.352	0.00144591
3.353	0.000830747
3.354	0.000215679
3.355	-0.000399288
3.356	-0.00101415
3.357	-0.00162891
3.358	-0.00224357
3.359	-0.00285812
3.36	-0.00347256
3.361	-0.00408689
3.362	-0.00470112
3.363	-0.00531523
3.364	-0.00592923
3.365	-0.00654312
3.366	-0.00715689
3.367	-0.00777055
3.368	-0.00838409
3.369	-0.00899751
3.37	-0.00961081
3.371	-0.010224
3.372	-0.010837
3.373	-0.01145
3.374	-0.0120628
3.375	-0.0126755
3.376	-0.013288
3.377	-0.0139005
3.378	-0.0145127
3.379	-0.0151249
3.38	-0.0157369
3.381	-0.0163488
3.382	-0.0169606
3.383	-0.0175722
3.384	-0.0181837
3.385	-0.0187951
3.386	-0.0194063
3.387	-0.0200174
3.388	-0.0206283
3.389	-0.0212391
3.39	-0.0218497
3.391	-0.0224602
3.392	-0.0230706
3.393	-0.0236808
3.394	-0.0242909
3.395	-0.0249008
3.396	-0.0255105
3.397	-0.0261201
3.398	-0.0267295
3.399	-0.0273388
3.4	-0.027948
3.401	-0.0285569
3.402	-0.0291658
3.403	-0.0297744
3.404	-0.0303829
3.405	-0.0309912
3.406	-0.0315994
3.407	-0.0322074
3.408	-0.0328152
3.409	-0.0334229
3.41	-0.0340304
3.411	-0.0346377
3.412	-0.0352448
3.413	-0.0358518
3.414	-0.0364586
3.415	-0.0370653
3.416	-0.0376717
3.417	-0.038278
3.418	-0.0388841
3.419	-0.03949
3.42	-0.0400957
3.421	-0.0407013
3.422	-0.0413067
3.423	-0.0419119
3.424	-0.0425169
3.425	-0.0431217
3.426	-0.0437263
3.427	-0.0443307
3.428	-0.044935
3.429	-0.045539
3.43	-0.0461429
3.431	-0.0467465
3.432	-0.04735
3.433	-0.0479533
3.434	-0.0485563
3.435	-0.0491592
3.436	-0.0497619
3.437	-0.0503643
3.438	-0.0509666
3.439	-0.0515687
3.44	-0.0521705
3.441	-0.0527722
3.442	-0.0533736
3.443	-0.0539748
3.444	-0.0545759
3.445	-0.0551767
3.446	-0.0557773
3.447	-0.0563777
3.448	-0.0569778
3.449	-0.0575778
3.45	-0.0581775
3.451	-0.058777
3.452	-0.0593763
3.453	-0.0599754
3.454	-0.0605742
3.455	-0.0611729
3.456	-0.0617713
3.457	-0.0623694
3.458	-0.0629674
3.459	-0.0635651
3.46	-0.0641626
3.461	-0.0647599
3.462	-0.0653569
3.463	-0.0659537
3.464	-0.0665503
3.465	-0.0671466
3.466	-0.0677427
3.467	-0.0683385
3.468	-0.0689341
3.469	-0.0695295
3.47	-0.0701246
3.471	-0.0707195
3.472	-0.0713142
3.473	-0.0719086
3.474	-0.0725027
3.475	-0.0730966
3.476	-0.0736903
3.477	-0.0742837
3.478	-0.0748769
3.479	-0.0754698
3.48	-0.0760624
3.481	-0.0766548
3.482	-0.077247
3.483	-0.0778388
3.484	-0.0784305
3.485	-0.0790218
3.486	-0.079613
3.487	-0.0802038
3.488	-0.0807944
3.489	-0.0813847
3.49	-0.0819748
3.491	-0.0825646
3.492	-0.0831541
3.493	-0.0837433
3.494	-0.0843323
3.495	-0.084921
3.496	-0.0855095
3.497	-0.0860976
3.498	-0.0866855
3.499	-0.0872732
3.5	-0.0878605
3.501	-0.0884476
3.502	-0.0890343
3.503	-0.0896209
3.504	-0.0902071
3.505	-0.090793
3.506	-0.0913787
3.507	-0.0919641
3.508	-0.0925491
3.509	-0.0931339
3.51	-0.0937185
3.511	-0.0943027
3.512	-0.0948866
3.513	-0.0954703
3.514	-0.0960536
3.515	-0.0966367
3.516	-0.0972194
3.517	-0.0978019
3.518	-0.098384
3.519	-0.0989659
3.52	-0.0995475
3.521	-0.100129
3.522	-0.10071
3.523	-0.10129
3.524	-0.101871
3.525	-0.102451
3.526	-0.103031
3.527	-0.10361
3.528	-0.104189
3.529	-0.104768
3.53	-0.105346
3.531	-0.105925
3.532	-0.106503
3.533	-0.10708
3.534	-0.107657
3.535	-0.108234
3.536	-0.108811
3.537	-0.109387
3.538	-0.109963
3.539	-0.110539
3.54	-0.111114
3.541	-0.111689
3.542	-0.112264
3.543	-0.112838
3.544	-0.113412
3.545	-0.113986
3.546	-0.114559
3.547	-0.115132
3.548	-0.115705
3.549	-0.116277
3.55	-0.11685
3.551	-0.117421
3.552	-0.117993
3.553	-0.118564
3.554	-0.119134
3.555	-0.119705
3.556	-0.120275
3.557	-0.120844
3.558	-0.121414
3.559	-0.121983
3.56	-0.122551
3.561	-0.12312
3.562	-0.123688
3.563	-0.124255
3.564	-0.124823
3.565	-0.125389
3.566	-0.125956
3.567	-0.126522
3.568	-0.127088
3.569	-0.127654
3.57	-0.128219
3.571	-0.128783
3.572	-0.129348
3.573	-0.129912
3.574	-0.130476
3.575	-0.131039
3.576	-0.131602
3.577	-0.132165
3.578	-0.132727
3.579	-0.133289
3.58	-0.13385
3.581	-0.134411
3.582	-0.134972
3.583	-0.135533
3.584	-0.136093
3.585	-0.136652
3.586	-0.137212
3.587	-0.137771
3.588	-0.138329
3.589	-0.138887
3.59	-0.139445
3.591	-0.140002
3.592	-0.14056
3.593	-0.141116
3.594	-0.141672
3.595	-0.142228
3.596	-0.142784
3.597	-0.143339
3.598	-0.143894
3.599	-0.144448
3.6	-0.145002
3.601	-0.145556
3.602	-0.146109
3.603	-0.146662
3.604	-0.147214
3.605	-0.147766
3.606	-0.148318
3.607	-0.148869
3.608	-0.14942
3.609	-0.14997
3.61	-0.15052
3.611	-0.15107
3.612	-0.151619
3.613	-0.152168
3.614	-0.152716
3.615	-0.153264
3.616	-0.153812
3.617	-0.154359
3.618	-0.154906
3.619	-0.155452
3.62	-0.155998
3.621	-0.156543
3.622	-0.157089
3.623	-0.157633
3.624	-0.158178
3.625	-0.158722
3.626	-0.159265
3.627	-0.159808
3.628	-0.160351
3.629	-0.160893
3.63	-0.161435
3.631	-0.161976
3.632	-0.162517
3.633	-0.163058
3.634	-0.163598
3.635	-0.164137
3.636	-0.164677
3.637	-0.165216
3.638	-0.165754
3.639	-0.166292
3.64	-0.166829
3.641	-0.167367
3.642	-0.167903
3.643	-0.16844
3.644	-0.168975
3.645	-0.169511
3.646	-0.170046
3.647	-0.17058
3.648	-0.171114
3.649	-0.171648
3.65	-0.172181
3.651	-0.172714
3.652	-0.173246
3.653	-0.173778
3.654	-0.174309
3.655	-0.17484
3.656	-0.175371
3.657	-0.175901
3.658	-0.176431
3.659	-0.17696
3.66	-0.177488
3.661	-0.178017
3.662	-0.178545
3.663	-0.179072
3.664	-0.179599
3.665	-0.180125
3.666	-0.180651
3.667	-0.181177
3.668	-0.181702
3.669	-0.182226
3.67	-0.182751
3.671	-0.183274
3.672	-0.183798
3.673	-0.18432
3.674	-0.184843
3.675	-0.185364
3.676	-0.185886
3.677	-0.186407
3.678	-0.186927
3.679	-0.187447
3.68	-0.187967
3.681	-0.188486
3.682	-0.189004
3.683	-0.189522
3.684	-0.19004
3.685	-0.190557
3.686	-0.191074
3.687	-0.19159
3.688	-0.192105
3.689	-0.192621
3.69	-0.193135
3.691	-0.19365
3.692	-0.194163
3.693	-0.194677
3.694	-0.19519
3.695	-0.195702
3.696	-0.196214
3.697	-0.196725
3.698	-0.197236
3.699	-0.197746
3.7	-0.198256
3.701	-0.198765
3.702	-0.199274
3.703	-0.199783
3.704	-0.200291
3.705	-0.200798
3.706	-0.201305
3.707	-0.201811
3.708	-0.202317
3.709	-0.202823
3.71	-0.203328
3.711	-0.203832
3.712	-0.204336
3.713	-0.204839
3.714	-0.205342
3.715	-0.205845
3.716	-0.206347
3.717	-0.206848
3.718	-0.207349
3.719	-0.207849
3.72	-0.208349
3.721	-0.208848
3.722	-0.209347
3.723	-0.209846
3.724	-0.210343
3.725	-0.210841
3.726	-0.211337
3.727	-0.211834
3.728	-0.212329
3.729	-0.212825
3.73	-0.213319
3.731	-0.213814
3.732	-0.214307
3.733	-0.2148
3.734	-0.215293
3.735	-0.215785
3.736	-0.216277
3.737	-0.216768
3.738	-0.217258
3.739	-0.217748
3.74	-0.218238
3.741	-0.218727
3.742	-0.219215
3.743	-0.219703
3.744	-0.220191
3.745	-0.220677
3.746	-0.221164
3.747	-0.221649
3.748	-0.222135
3.749	-0.222619
3.75	-0.223103
3.751	-0.223587
3.752	-0.22407
3.753	-0.224553
3.754	-0.225035
3.755	-0.225516
3.756	-0.225997
3.757	-0.226477
3.758	-0.226957
3.759	-0.227437
3.76	-0.227915
3.761	-0.228393
3.762	-0.228871
3.763	-0.229348
3.764	-0.229825
3.765	-0.230301
3.766	-0.230776
3.767	-0.231251
3.768	-0.231725
3.769	-0.232199
3.77	-0.232672
3.771	-0.233145
3.772	-0.233617
3.773	-0.234089
3.774	-0.23456
3.775	-0.23503
3.776	-0.2355
3.777	-0.235969
3.778	-0.236438
3.779	-0.236906
3.78	-0.237374
3.781	-0.237841
3.782	-0.238308
3.783	-0.238774
3.784	-0.239239
3.785	-0.239704
3.786	-0.240168
3.787	-0.240632
3.788	-0.241095
3.789	-0.241557
3.79	-0.242019
3.791	-0.242481
3.792	-0.242941
3.793	-0.243402
3.794	-0.243861
3.795	-0.24432
3.796	-0.244779
3.797	-0.245237
3.798	-0.245694
3.799	-0.246151
3.8	-0.246607
3.801	-0.247063
3.802	-0.247518
3.803	-0.247972
3.804	-0.248426
3.805	-0.248879
3.806	-0.249332
3.807	-0.249784
3.808	-0.250236
3.809	-0.250687
3.81	-0.251137
3.811	-0.251587
3.812	-0.252036
3.813	-0.252485
3.814	-0.252933
3.815	-0.25338
3.816	-0.253827
3.817	-0.254273
3.818	-0.254719
3.819	-0.255164
3.82	-0.255608
3.821	-0.256052
3.822	-0.256495
3.823	-0.256938
3.824	-0.25738
3.825	-0.257821
3.826	-0.258262
3.827	-0.258702
3.828	-0.259142
3.829	-0.259581
3.83	-0.260019
3.831	-0.260457
3.832	-0.260894
3.833	-0.261331
3.834	-0.261767
3.835	-0.262202
3.836	-0.262637
3.837	-0.263071
3.838	-0.263505
3.839	-0.263938
3.84	-0.26437
3.841	-0.264802
3.842	-0.265233
3.843	-0.265663
3.844	-0.266093
3.845	-0.266523
3.846	-0.266951
3.847	-0.267379
3.848	-0.267807
3.849	-0.268233
3.85	-0.26866
3.851	-0.269085
3.852	-0.26951
3.853	-0.269934
3.854	-0.270358
3.855	-0.270781
3.856	-0.271203
3.857	-0.271625
3.858	-0.272046
3.859	-0.272467
3.86	-0.272887
3.861	-0.273306
3.862	-0.273725
3.863	-0.274143
3.864	-0.27456
3.865	-0.274977
3.866	-0.275393
3.867	-0.275809
3.868	-0.276224
3.869	-0.276638
3.87	-0.277052
3.871	-0.277464
3.872	-0.277877
3.873	-0.278289
3.874	-0.2787
3.875	-0.27911
3.876	-0.27952
3.877	-0.279929
3.878	-0.280337
3.879	-0.280745
3.88	-0.281153
3.881	-0.281559
3.882	-0.281965
3.883	-0.28237
3.884	-0.282775
3.885	-0.283179
3.886	-0.283582
3.887	-0.283985
3.888	-0.284387
3.889	-0.284789
3.89	-0.285189
3.891	-0.285589
3.892	-0.285989
3.893	-0.286388
3.894	-0.286786
3.895	-0.287183
3.896	-0.28758
3.897	-0.287976
3.898	-0.288372
3.899	-0.288767
3.9	-0.289161
3.901	-0.289555
3.902	-0.289948
3.903	-0.29034
3.904	-0.290732
3.905	-0.291122
3.906	-0.291513
3.907	-0.291902
3.908	-0.292291
3.909	-0.29268
3.91	-0.293067
3.911	-0.293454
3.912	-0.293841
3.913	-0.294226
3.914	-0.294611
3.915	-0.294996
3.916	-0.295379
3.917	-0.295762
3.918	-0.296145
3.919	-0.296526
3.92	-0.296907
3.921	-0.297287
3.922	-0.297667
3.923	-0.298046
3.924	-0.298424
3.925	-0.298802
3.926	-0.299179
3.927	-0.299555
3.928	-0.299931
3.929	-0.300306
3.93	-0.30068
3.931	-0.301054
3.932	-0.301426
3.933	-0.301799
3.934	-0.30217
3.935	-0.302541
3.936	-0.302911
3.937	-0.303281
3.938	-0.30365
3.939	-0.304018
3.94	-0.304385
3.941	-0.304752
3.942	-0.305118
3.943	-0.305483
3.944	-0.305848
3.945	-0.306212
3.946	-0.306576
3.947	-0.306938
3.948	-0.3073
3.949	-0.307662
3.95	-0.308022
3.951	-0.308382
3.952	-0.308741
3.953	-0.3091
3.954	-0.309458
3.955	-0.309815
3.956	-0.310171
3.957	-0.310527
3.958	-0.310882
3.959	-0.311236
3.96	-0.31159
3.961	-0.311943
3.962	-0.312295
3.963	-0.312647
3.964	-0.312998
3.965	-0.313348
3.966	-0.313698
3.967	-0.314046
3.968	-0.314395
3.969	-0.314742
3.97	-0.315089
3.971	-0.315435
3.972	-0.31578
3.973	-0.316125
3.974	-0.316469
3.975	-0.316812
3.976	-0.317154
3.977	-0.317496
3.978	-0.317837
3.979	-0.318178
3.98	-0.318517
3.981	-0.318856
3.982	-0.319195
3.983	-0.319532
3.984	-0.319869
3.985	-0.320205
3.986	-0.320541
3.987	-0.320875
3.988	-0.321209
3.989	-0.321543
3.99	-0.321875
3.991	-0.322207
3.992	-0.322538
3.993	-0.322869
3.994	-0.323198
3.995	-0.323527
3.996	-0.323856
3.997	-0.324183
3.998	-0.32451
3.999	-0.324836
4	-0.325162
4.001	-0.325487
4.002	-0.325811
4.003	-0.326134
4.004	-0.326457
4.005	-0.326778
4.006	-0.3271
4.007	-0.32742
4.008	-0.32774
4.009	-0.328059
4.01	-0.328377
4.011	-0.328694
4.012	-0.329011
4.013	-0.329327
4.014	-0.329643
4.015	-0.329957
4.016	-0.330271
4.017	-0.330584
4.018	-0.330897
4.019	-0.331209
4.02	-0.33152
4.021	-0.33183
4.022	-0.33214
4.023	-0.332448
4.024	-0.332757
4.025	-0.333064
4.026	-0.333371
4.027	-0.333676
4.028	-0.333982
4.029	-0.334286
4.03	-0.33459
4.031	-0.334893
4.032	-0.335195
4.033	-0.335497
4.034	-0.335797
4.035	-0.336097
4.036	-0.336397
4.037	-0.336695
4.038	-0.336993
4.039	-0.33729
4.04	-0.337587
4.041	-0.337882
4.042	-0.338177
4.043	-0.338471
4.044	-0.338765
4.045	-0.339058
4.046	-0.339349
4.047	-0.339641
4.048	-0.339931
4.049	-0.340221
4.05	-0.34051
4.051	-0.340798
4.052	-0.341086
4.053	-0.341372
4.054	-0.341658
4.055	-0.341944
4.056	-0.342228
4.057	-0.342512
4.058	-0.342795
4.059	-0.343077
4.06	-0.343359
4.061	-0.34364
4.062	-0.34392
4.063	-0.344199
4.064	-0.344478
4.065	-0.344756
4.066	-0.345033
4.067	-0.345309
4.068	-0.345585
4.069	-0.345859
4.07	-0.346134
4.071	-0.346407
4.072	-0.346679
4.073	-0.346951
4.074	-0.347222
4.075	-0.347493
4.076	-0.347762
4.077	-0.348031
4.078	-0.348299
4.079	-0.348567
4.08	-0.348833
4.081	-0.349099
4.082	-0.349364
4.083	-0.349628
4.084	-0.349892
4.085	-0.350155
4.086	-0.350417
4.087	-0.350678
4.088	-0.350938
4.089	-0.351198
4.09	-0.351457
4.091	-0.351716
4.092	-0.351973
4.093	-0.35223
4.094	-0.352486
4.095	-0.352741
4.096	-0.352995
4.097	-0.353249
4.098	-0.353502
4.099	-0.353754
4.1	-0.354006
4.101	-0.354256
4.102	-0.354506
4.103	-0.354755
4.104	-0.355004
4.105	-0.355251
4.106	-0.355498
4.107	-0.355744
4.108	-0.35599
4.109	-0.356234
4.11	-0.356478
4.111	-0.356721
4.112	-0.356963
4.113	-0.357205
4.114	-0.357446
4.115	-0.357686
4.116	-0.357925
4.117	-0.358163
4.118	-0.358401
4.119	-0.358638
4.12	-0.358874
4.121	-0.359109
4.122	-0.359344
4.123	-0.359578
4.124	-0.359811
4.125	-0.360043
4.126	-0.360275
4.127	-0.360505
4.128	-0.360735
4.129	-0.360965
4.13	-0.361193
4.131	-0.361421
4.132	-0.361648
4.133	-0.361874
4.134	-0.362099
4.135	-0.362324
4.136	-0.362547
4.137	-0.36277
4.138	-0.362993
4.139	-0.363214
4.14	-0.363435
4.141	-0.363655
4.142	-0.363874
4.143	-0.364092
4.144	-0.36431
4.145	-0.364527
4.146	-0.364743
4.147	-0.364958
4.148	-0.365173
4.149	-0.365386
4.15	-0.365599
4.151	-0.365812
4.152	-0.366023
4.153	-0.366234
4.154	-0.366443
4.155	-0.366653
4.156	-0.366861
4.157	-0.367068
4.158	-0.367275
4.159	-0.367481
4.16	-0.367686
4.161	-0.367891
4.162	-0.368094
4.163	-0.368297
4.164	-0.368499
4.165	-0.3687
4.166	-0.368901
4.167	-0.369101
4.168	-0.3693
4.169	-0.369498
4.17	-0.369695
4.171	-0.369892
4.172	-0.370088
4.173	-0.370283
4.174	-0.370477
4.175	-0.37067
4.176	-0.370863
4.177	-0.371055
4.178	-0.371246
4.179	-0.371436
4.18	-0.371626
4.181	-0.371815
4.182	-0.372003
4.183	-0.37219
4.184	-0.372376
4.185	-0.372562
4.186	-0.372747
4.187	-0.372931
4.188	-0.373114
4.189	-0.373296
4.19	-0.373478
4.191	-0.373659
4.192	-0.373839
4.193	-0.374018
4.194	-0.374197
4.195	-0.374375
4.196	-0.374552
4.197	-0.374728
4.198	-0.374903
4.199	-0.375078
4.2	-0.375252
4.201	-0.375425
4.202	-0.375597
4.203	-0.375768
4.204	-0.375939
4.205	-0.376109
4.206	-0.376278
4.207	-0.376446
4.208	-0.376614
4.209	-0.37678
4.21	-0.376946
4.211	-0.377111
4.212	-0.377276
4.213	-0.377439
4.214	-0.377602
4.215	-0.377764
4.216	-0.377925
4.217	-0.378086
4.218	-0.378245
4.219	-0.378404
4.22	-0.378562
4.221	-0.378719
4.222	-0.378876
4.223	-0.379031
4.224	-0.379186
4.225	-0.37934
4.226	-0.379493
4.227	-0.379646
4.228	-0.379798
4.229	-0.379949
4.23	-0.380099
4.231	-0.380248
4.232	-0.380396
4.233	-0.380544
4.234	-0.380691
4.235	-0.380837
4.236	-0.380982
4.237	-0.381127
4.238	-0.381271
4.239	-0.381414
4.24	-0.381556
4.241	-0.381697
4.242	-0.381838
4.243	-0.381977
4.244	-0.382116
4.245	-0.382255
4.246	-0.382392
4.247	-0.382529
4.248	-0.382664
4.249	-0.382799
4.25	-0.382934
4.251	-0.383067
4.252	-0.3832
4.253	-0.383331
4.254	-0.383462
4.255	-0.383593
4.256	-0.383722
4.257	-0.383851
4.258	-0.383979
4.259	-0.384106
4.26	-0.384232
4.261	-0.384357
4.262	-0.384482
4.263	-0.384606
4.264	-0.384729
4.265	-0.384851
4.266	-0.384972
4.267	-0.385093
4.268	-0.385213
4.269	-0.385332
4.27	-0.38545
4.271	-0.385568
4.272	-0.385684
4.273	-0.3858
4.274	-0.385915
4.275	-0.38603
4.276	-0.386143
4.277	-0.386256
4.278	-0.386368
4.279	-0.386479
4.28	-0.386589
4.281	-0.386699
4.282	-0.386807
4.283	-0.386915
4.284	-0.387022
4.285	-0.387129
4.286	-0.387234
4.287	-0.387339
4.288	-0.387443
4.289	-0.387546
4.29	-0.387648
4.291	-0.38775
4.292	-0.38785
4.293	-0.38795
4.294	-0.388049
4.295	-0.388148
4.296	-0.388245
4.297	-0.388342
4.298	-0.388438
4.299	-0.388533
4.3	-0.388627
4.301	-0.388721
4.302	-0.388814
4.303	-0.388906
4.304	-0.388997
4.305	-0.389087
4.306	-0.389177
4.307	-0.389265
4.308	-0.389353
4.309	-0.38944
4.31	-0.389527
4.311	-0.389612
4.312	-0.389697
4.313	-0.389781
4.314	-0.389864
4.315	-0.389947
4.316	-0.390028
4.317	-0.390109
4.318	-0.390189
4.319	-0.390268
4.32	-0.390346
4.321	-0.390424
4.322	-0.390501
4.323	-0.390577
4.324	-0.390652
4.325	-0.390726
4.326	-0.3908
4.327	-0.390873
4.328	-0.390945
4.329	-0.391016
4.33	-0.391086
4.331	-0.391156
4.332	-0.391224
4.333	-0.391292
4.334	-0.39136
4.335	-0.391426
4.336	-0.391492
4.337	-0.391556
4.338	-0.39162
4.339	-0.391684
4.34	-0.391746
4.341	-0.391808
4.342	-0.391868
4.343	-0.391928
4.344	-0.391988
4.345	-0.392046
4.346	-0.392104
4.347	-0.39216
4.348	-0.392216
4.349	-0.392272
4.35	-0.392326
4.351	-0.39238
4.352	-0.392433
4.353	-0.392485
4.354	-0.392536
4.355	-0.392586
4.356	-0.392636
4.357	-0.392685
4.358	-0.392733
4.359	-0.39278
4.36	-0.392827
4.361	-0.392872
4.362	-0.392917
4.363	-0.392961
4.364	-0.393004
4.365	-0.393047
4.366	-0.393089
4.367	-0.393129
4.368	-0.39317
4.369	-0.393209
4.37	-0.393247
4.371	-0.393285
4.372	-0.393322
4.373	-0.393358
4.374	-0.393393
4.375	-0.393428
4.376	-0.393462
4.377	-0.393495
4.378	-0.393527
4.379	-0.393558
4.38	-0.393589
4.381	-0.393618
4.382	-0.393647
4.383	-0.393675
4.384	-0.393703
4.385	-0.393729
4.386	-0.393755
4.387	-0.39378
4.388	-0.393804
4.389	-0.393828
4.39	-0.39385
4.391	-0.393872
4.392	-0.393893
4.393	-0.393914
4.394	-0.393933
4.395	-0.393952
4.396	-0.393969
4.397	-0.393987
4.398	-0.394003
4.399	-0.394018
4.4	-0.394033
4.401	-0.394047
4.402	-0.39406
4.403	-0.394072
4.404	-0.394084
4.405	-0.394095
4.406	-0.394105
4.407	-0.394114
4.408	-0.394122
4.409	-0.39413
4.41	-0.394136
4.411	-0.394142
4.412	-0.394148
4.413	-0.394152
4.414	-0.394156
4.415	-0.394159
4.416	-0.394161
4.417	-0.394162
4.418	-0.394162
4.419	-0.394162
4.42	-0.394161
4.421	-0.394159
4.422	-0.394156
4.423	-0.394153
4.424	-0.394149
4.425	-0.394144
4.426	-0.394138
4.427	-0.394131
4.428	-0.394124
4.429	-0.394116
4.43	-0.394107
4.431	-0.394097
4.432	-0.394086
4.433	-0.394075
4.434	-0.394063
4.435	-0.39405
4.436	-0.394036
4.437	-0.394022
4.438	-0.394006
4.439	-0.39399
4.44	-0.393974
4.441	-0.393956
4.442	-0.393938
4.443	-0.393918
4.444	-0.393898
4.445	-0.393878
4.446	-0.393856
4.447	-0.393834
4.448	-0.393811
4.449	-0.393787
4.45	-0.393762
4.451	-0.393737
4.452	-0.393711
4.453	-0.393684
4.454	-0.393656
4.455	-0.393627
4.456	-0.393598
4.457	-0.393568
4.458	-0.393537
4.459	-0.393505
4.46	-0.393473
4.461	-0.39344
4.462	-0.393406
4.463	-0.393371
4.464	-0.393335
4.465	-0.393299
4.466	-0.393262
4.467	-0.393224
4.468	-0.393185
4.469	-0.393146
4.47	-0.393105
4.471	-0.393064
4.472	-0.393023
4.473	-0.39298
4.474	-0.392937
4.475	-0.392893
4.476	-0.392848
4.477	-0.392802
4.478	-0.392756
4.479	-0.392708
4.48	-0.39266
4.481	-0.392612
4.482	-0.392562
4.483	-0.392512
4.484	-0.392461
4.485	-0.392409
4.486	-0.392356
4.487	-0.392303
4.488	-0.392249
4.489	-0.392194
4.49	-0.392138
4.491	-0.392081
4.492	-0.392024
4.493	-0.391966
4.494	-0.391907
4.495	-0.391848
4.496	-0.391787
4.497	-0.391726
4.498	-0.391664
4.499	-0.391602
4.5	-0.391538
4.501	-0.391474
4.502	-0.391409
4.503	-0.391344
4.504	-0.391277
4.505	-0.39121
4.506	-0.391142
4.507	-0.391073
4.508	-0.391004
4.509	-0.390933
4.51	-0.390862
4.511	-0.39079
4.512	-0.390718
4.513	-0.390644
4.514	-0.39057
4.515	-0.390495
4.516	-0.39042
4.517	-0.390343
4.518	-0.390266
4.519	-0.390188
4.52	-0.390109
4.521	-0.39003
4.522	-0.38995
4.523	-0.389869
4.524	-0.389787
4.525	-0.389704
4.526	-0.389621
4.527	-0.389537
4.528	-0.389452
4.529	-0.389367
4.53	-0.389281
4.531	-0.389194
4.532	-0.389106
4.533	-0.389017
4.534	-0.388928
4.535	-0.388838
4.536	-0.388747
4.537	-0.388655
4.538	-0.388563
4.539	-0.38847
4.54	-0.388376
4.541	-0.388281
4.542	-0.388186
4.543	-0.38809
4.544	-0.387993
4.545	-0.387895
4.546	-0.387797
4.547	-0.387698
4.548	-0.387598
4.549	-0.387497
4.55	-0.387396
4.551	-0.387294
4.552	-0.387191
4.553	-0.387087
4.554	-0.386983
4.555	-0.386878
4.556	-0.386772
4.557	-0.386665
4.558	-0.386558
4.559	-0.38645
4.56	-0.386341
4.561	-0.386231
4.562	-0.386121
4.563	-0.38601
4.564	-0.385898
4.565	-0.385786
4.566	-0.385672
4.567	-0.385558
4.568	-0.385443
4.569	-0.385328
4.57	-0.385211
4.571	-0.385094
4.572	-0.384977
4.573	-0.384858
4.574	-0.384739
4.575	-0.384619
4.576	-0.384498
4.577	-0.384377
4.578	-0.384254
4.579	-0.384131
4.58	-0.384008
4.581	-0.383883
4.582	-0.383758
4.583	-0.383632
4.584	-0.383506
4.585	-0.383378
4.586	-0.38325
4.587	-0.383121
4.588	-0.382992
4.589	-0.382861
4.59	-0.38273
4.591	-0.382598
4.592	-0.382466
4.593	-0.382333
4.594	-0.382199
4.595	-0.382064
4.596	-0.381928
4.597	-0.381792
4.598	-0.381655
4.599	-0.381518
4.6	-0.381379
4.601	-0.38124
4.602	-0.3811
4.603	-0.38096
4.604	-0.380819
4.605	-0.380677
4.606	-0.380534
4.607	-0.38039
4.608	-0.380246
4.609	-0.380101
4.61	-0.379956
4.611	-0.379809
4.612	-0.379662
4.613	-0.379515
4.614	-0.379366
4.615	-0.379217
4.616	-0.379067
4.617	-0.378916
4.618	-0.378765
4.619	-0.378613
4.62	-0.37846
4.621	-0.378306
4.622	-0.378152
4.623	-0.377997
4.624	-0.377841
4.625	-0.377685
4.626	-0.377528
4.627	-0.37737
4.628	-0.377211
4.629	-0.377052
4.63	-0.376892
4.631	-0.376731
4.632	-0.37657
4.633	-0.376408
4.634	-0.376245
4.635	-0.376081
4.636	-0.375917
4.637	-0.375752
4.638	-0.375586
4.639	-0.37542
4.64	-0.375253
4.641	-0.375085
4.642	-0.374916
4.643	-0.374747
4.644	-0.374577
4.645	-0.374406
4.646	-0.374235
4.647	-0.374063
4.648	-0.37389
4.649	-0.373717
4.65	-0.373543
4.651	-0.373368
4.652	-0.373192
4.653	-0.373016
4.654	-0.372839
4.655	-0.372661
4.656	-0.372483
4.657	-0.372304
4.658	-0.372124
4.659	-0.371943
4.66	-0.371762
4.661	-0.37158
4.662	-0.371398
4.663	-0.371214
4.664	-0.37103
4.665	-0.370846
4.666	-0.37066
4.667	-0.370474
4.668	-0.370288
4.669	-0.3701
4.67	-0.369912
4.671	-0.369723
4.672	-0.369534
4.673	-0.369343
4.674	-0.369152
4.675	-0.368961
4.676	-0.368769
4.677	-0.368576
4.678	-0.368382
4.679	-0.368188
4.68	-0.367993
4.681	-0.367797
4.682	-0.3676
4.683	-0.367403
4.684	-0.367206
4.685	-0.367007
4.686	-0.366808
4.687	-0.366608
4.688	-0.366408
4.689	-0.366206
4.69	-0.366004
4.691	-0.365802
4.692	-0.365599
4.693	-0.365395
4.694	-0.36519
4.695	-0.364985
4.696	-0.364779
4.697	-0.364572
4.698	-0.364365
4.699	-0.364157
4.7	-0.363948
4.701	-0.363739
4.702	-0.363529
4.703	-0.363318
4.704	-0.363107
4.705	-0.362895
4.706	-0.362682
4.707	-0.362469
4.708	-0.362255
4.709	-0.36204
4.71	-0.361825
4.711	-0.361609
4.712	-0.361392
4.713	-0.361175
4.714	-0.360957
4.715	-0.360738
4.716	-0.360519
4.717	-0.360299
4.718	-0.360078
4.719	-0.359856
4.72	-0.359634
4.721	-0.359412
4.722	-0.359188
4.723	-0.358964
4.724	-0.35874
4.725	-0.358514
4.726	-0.358288
4.727	-0.358062
4.728	-0.357834
4.729	-0.357606
4.73	-0.357378
4.731	-0.357149
4.732	-0.356919
4.733	-0.356688
4.734	-0.356457
4.735	-0.356225
4.736	-0.355992
4.737	-0.355759
4.738	-0.355525
4.739	-0.355291
4.74	-0.355056
4.741	-0.35482
4.742	-0.354583
4.743	-0.354346
4.744	-0.354109
4.745	-0.35387
4.746	-0.353631
4.747	-0.353391
4.748	-0.353151
4.749	-0.35291
4.75	-0.352669
4.751	-0.352426
4.752	-0.352183
4.753	-0.35194
4.754	-0.351696
4.755	-0.351451
4.756	-0.351205
4.757	-0.350959
4.758	-0.350713
4.759	-0.350465
4.76	-0.350217
4.761	-0.349969
4.762	-0.349719
4.763	-0.349469
4.764	-0.349219
4.765	-0.348968
4.766	-0.348716
4.767	-0.348463
4.768	-0.34821
4.769	-0.347957
4.77	-0.347702
4.771	-0.347447
4.772	-0.347192
4.773	-0.346935
4.774	-0.346679
4.775	-0.346421
4.776	-0.346163
4.777	-0.345904
4.778	-0.345645
4.779	-0.345385
4.78	-0.345124
4.781	-0.344863
4.782	-0.344601
4.783	-0.344339
4.784	-0.344076
4.785	-0.343812
4.786	-0.343548
4.787	-0.343283
4.788	-0.343017
4.789	-0.342751
4.79	-0.342484
4.791	-0.342217
4.792	-0.341949
4.793	-0.34168
4.794	-0.341411
4.795	-0.341141
4.796	-0.340871
4.797	-0.3406
4.798	-0.340328
4.799	-0.340056
4.8	-0.339783
4.801	-0.339509
4.802	-0.339235
4.803	-0.33896
4.804	-0.338685
4.805	-0.338409
4.806	-0.338133
4.807	-0.337855
4.808	-0.337578
4.809	-0.337299
4.81	-0.33702
4.811	-0.336741
4.812	-0.336461
4.813	-0.33618
4.814	-0.335899
4.815	-0.335617
4.816	-0.335334
4.817	-0.335051
4.818	-0.334767
4.819	-0.334483
4.82	-0.334198
4.821	-0.333913
4.822	-0.333626
4.823	-0.33334
4.824	-0.333052
4.825	-0.332765
4.826	-0.332476
4.827	-0.332187
4.828	-0.331897
4.829	-0.331607
4.83	-0.331316
4.831	-0.331025
4.832	-0.330733
4.833	-0.33044
4.834	-0.330147
4.835	-0.329854
4.836	-0.329559
4.837	-0.329264
4.838	-0.328969
4.839	-0.328673
4.84	-0.328376
4.841	-0.328079
4.842	-0.327781
4.843	-0.327483
4.844	-0.327184
4.845	-0.326884
4.846	-0.326584
4.847	-0.326284
4.848	-0.325982
4.849	-0.325681
4.85	-0.325378
4.851	-0.325075
4.852	-0.324772
4.853	-0.324468
4.854	-0.324163
4.855	-0.323858
4.856	-0.323552
4.857	-0.323246
4.858	-0.322939
4.859	-0.322631
4.86	-0.322323
4.861	-0.322015
4.862	-0.321706
4.863	-0.321396
4.864	-0.321086
4.865	-0.320775
4.866	-0.320463
4.867	-0.320151
4.868	-0.319839
4.869	-0.319526
4.87	-0.319212
4.871	-0.318898
4.872	-0.318583
4.873	-0.318268
4.874	-0.317952
4.875	-0.317636
4.876	-0.317319
4.877	-0.317001
4.878	-0.316683
4.879	-0.316365
4.88	-0.316046
4.881	-0.315726
4.882	-0.315406
4.883	-0.315085
4.884	-0.314764
4.885	-0.314442
4.886	-0.31412
4.887	-0.313797
4.888	-0.313473
4.889	-0.313149
4.89	-0.312825
4.891	-0.312499
4.892	-0.312174
4.893	-0.311848
4.894	-0.311521
4.895	-0.311194
4.896	-0.310866
4.897	-0.310538
4.898	-0.310209
4.899	-0.30988
4.9	-0.30955
4.901	-0.309219
4.902	-0.308888
4.903	-0.308557
4.904	-0.308225
4.905	-0.307892
4.906	-0.307559
4.907	-0.307226
4.908	-0.306892
4.909	-0.306557
4.91	-0.306222
4.911	-0.305886
4.912	-0.30555
4.913	-0.305213
4.914	-0.304876
4.915	-0.304538
4.916	-0.3042
4.917	-0.303861
4.918	-0.303522
4.919	-0.303182
4.92	-0.302842
4.921	-0.302501
4.922	-0.30216
4.923	-0.301818
4.924	-0.301475
4.925	-0.301132
4.926	-0.300789
4.927	-0.300445
4.928	-0.300101
4.929	-0.299756
4.93	-0.29941
4.931	-0.299065
4.932	-0.298718
4.933	-0.298371
4.934	-0.298024
4.935	-0.297676
4.936	-0.297327
4.937	-0.296979
4.938	-0.296629
4.939	-0.296279
4.94	-0.295929
4.941	-0.295578
4.942	-0.295226
4.943	-0.294875
4.944	-0.294522
4.945	-0.294169
4.946	-0.293816
4.947	-0.293462
4.948	-0.293108
4.949	-0.292753
4.95	-0.292398
4.951	-0.292042
4.952	-0.291685
4.953	-0.291329
4.954	-0.290971
4.955	-0.290614
4.956	-0.290255
4.957	-0.289897
4.958	-0.289537
4.959	-0.289178
4.96	-0.288818
4.961	-0.288457
4.962	-0.288096
4.963	-0.287734
4.964	-0.287372
4.965	-0.28701
4.966	-0.286647
4.967	-0.286283
4.968	-0.285919
4.969	-0.285555
4.97	-0.28519
4.971	-0.284824
4.972	-0.284459
4.973	-0.284092
4.974	-0.283726
4.975	-0.283358
4.976	-0.282991
4.977	-0.282622
4.978	-0.282254
4.979	-0.281885
4.98	-0.281515
4.981	-0.281145
4.982	-0.280775
4.983	-0.280404
4.984	-0.280032
4.985	-0.279661
4.986	-0.279288
4.987	-0.278915
4.988	-0.278542
4.989	-0.278169
4.99	-0.277794
4.991	-0.27742
4.992	-0.277045
4.993	-0.276669
4.994	-0.276293
4.995	-0.275917
4.996	-0.27554
4.997	-0.275163
4.998	-0.274785
4.999	-0.274407
5	-0.274029
