# mu=0.3
# lamb=0
# N=10
# m=0
# dim=252
# T=5
# dt=0.001

# t 	 <S_z,1>
0	0.5
0.001	0.5
0.002	0.499998
0.003	0.499996
0.004	0.499992
0.005	0.499988
0.006	0.499982
0.007	0.499976
0.008	0.499968
0.009	0.49996
0.01	0.49995
0.011	0.49994
0.012	0.499928
0.013	0.499916
0.014	0.499902
0.015	0.499888
0.016	0.499872
0.017	0.499856
0.018	0.499838
0.019	0.49982
0.02	0.4998
0.021	0.49978
0.022	0.499758
0.023	0.499736
0.024	0.499712
0.025	0.499688
0.026	0.499662
0.027	0.499636
0.028	0.499608
0.029	0.49958
0.03	0.49955
0.031	0.49952
0.032	0.499488
0.033	0.499456
0.034	0.499422
0.035	0.499388
0.036	0.499352
0.037	0.499316
0.038	0.499278
0.039	0.49924
0.04	0.4992
0.041	0.49916
0.042	0.499118
0.043	0.499076
0.044	0.499032
0.045	0.498988
0.046	0.498943
0.047	0.498896
0.048	0.498849
0.049	0.4988
0.05	0.498751
0.051	0.4987
0.052	0.498649
0.053	0.498597
0.054	0.498543
0.055	0.498489
0.056	0.498433
0.057	0.498377
0.058	0.498319
0.059	0.498261
0.06	0.498202
0.061	0.498141
0.062	0.49808
0.063	0.498018
0.064	0.497954
0.065	0.49789
0.066	0.497824
0.067	0.497758
0.068	0.497691
0.069	0.497622
0.07	0.497553
0.071	0.497483
0.072	0.497411
0.073	0.497339
0.074	0.497266
0.075	0.497192
0.076	0.497116
0.077	0.49704
0.078	0.496963
0.079	0.496885
0.08	0.496805
0.081	0.496725
0.082	0.496644
0.083	0.496562
0.084	0.496478
0.085	0.496394
0.086	0.496309
0.087	0.496223
0.088	0.496136
0.089	0.496048
0.09	0.495958
0.091	0.495868
0.092	0.495777
0.093	0.495685
0.094	0.495592
0.095	0.495498
0.096	0.495403
0.097	0.495307
0.098	0.49521
0.099	0.495112
0.1	0.495013
0.101	0.494913
0.102	0.494812
0.103	0.49471
0.104	0.494607
0.105	0.494503
0.106	0.494398
0.107	0.494292
0.108	0.494185
0.109	0.494078
0.11	0.493969
0.111	0.493859
0.112	0.493748
0.113	0.493636
0.114	0.493524
0.115	0.49341
0.116	0.493295
0.117	0.49318
0.118	0.493063
0.119	0.492945
0.12	0.492827
0.121	0.492707
0.122	0.492586
0.123	0.492465
0.124	0.492342
0.125	0.492219
0.126	0.492094
0.127	0.491969
0.128	0.491842
0.129	0.491715
0.13	0.491587
0.131	0.491457
0.132	0.491327
0.133	0.491196
0.134	0.491063
0.135	0.49093
0.136	0.490796
0.137	0.490661
0.138	0.490525
0.139	0.490387
0.14	0.490249
0.141	0.49011
0.142	0.48997
0.143	0.489829
0.144	0.489687
0.145	0.489544
0.146	0.4894
0.147	0.489255
0.148	0.48911
0.149	0.488963
0.15	0.488815
0.151	0.488666
0.152	0.488517
0.153	0.488366
0.154	0.488214
0.155	0.488062
0.156	0.487908
0.157	0.487753
0.158	0.487598
0.159	0.487442
0.16	0.487284
0.161	0.487126
0.162	0.486966
0.163	0.486806
0.164	0.486645
0.165	0.486483
0.166	0.486319
0.167	0.486155
0.168	0.48599
0.169	0.485824
0.17	0.485657
0.171	0.485489
0.172	0.48532
0.173	0.48515
0.174	0.48498
0.175	0.484808
0.176	0.484635
0.177	0.484461
0.178	0.484287
0.179	0.484111
0.18	0.483935
0.181	0.483757
0.182	0.483579
0.183	0.483399
0.184	0.483219
0.185	0.483038
0.186	0.482855
0.187	0.482672
0.188	0.482488
0.189	0.482303
0.19	0.482117
0.191	0.48193
0.192	0.481742
0.193	0.481553
0.194	0.481364
0.195	0.481173
0.196	0.480981
0.197	0.480789
0.198	0.480595
0.199	0.4804
0.2	0.480205
0.201	0.480009
0.202	0.479811
0.203	0.479613
0.204	0.479414
0.205	0.479214
0.206	0.479013
0.207	0.478811
0.208	0.478608
0.209	0.478404
0.21	0.478199
0.211	0.477993
0.212	0.477787
0.213	0.477579
0.214	0.477371
0.215	0.477161
0.216	0.476951
0.217	0.476739
0.218	0.476527
0.219	0.476314
0.22	0.4761
0.221	0.475885
0.222	0.475669
0.223	0.475452
0.224	0.475234
0.225	0.475015
0.226	0.474796
0.227	0.474575
0.228	0.474354
0.229	0.474131
0.23	0.473908
0.231	0.473684
0.232	0.473459
0.233	0.473233
0.234	0.473006
0.235	0.472778
0.236	0.472549
0.237	0.472319
0.238	0.472088
0.239	0.471857
0.24	0.471624
0.241	0.471391
0.242	0.471157
0.243	0.470921
0.244	0.470685
0.245	0.470448
0.246	0.47021
0.247	0.469971
0.248	0.469731
0.249	0.469491
0.25	0.469249
0.251	0.469007
0.252	0.468763
0.253	0.468519
0.254	0.468274
0.255	0.468028
0.256	0.467781
0.257	0.467533
0.258	0.467284
0.259	0.467034
0.26	0.466784
0.261	0.466532
0.262	0.46628
0.263	0.466026
0.264	0.465772
0.265	0.465517
0.266	0.465261
0.267	0.465004
0.268	0.464747
0.269	0.464488
0.27	0.464228
0.271	0.463968
0.272	0.463707
0.273	0.463444
0.274	0.463181
0.275	0.462917
0.276	0.462652
0.277	0.462387
0.278	0.46212
0.279	0.461852
0.28	0.461584
0.281	0.461315
0.282	0.461045
0.283	0.460774
0.284	0.460502
0.285	0.460229
0.286	0.459955
0.287	0.459681
0.288	0.459405
0.289	0.459129
0.29	0.458852
0.291	0.458574
0.292	0.458295
0.293	0.458015
0.294	0.457734
0.295	0.457453
0.296	0.45717
0.297	0.456887
0.298	0.456603
0.299	0.456318
0.3	0.456032
0.301	0.455745
0.302	0.455457
0.303	0.455169
0.304	0.45488
0.305	0.454589
0.306	0.454298
0.307	0.454006
0.308	0.453714
0.309	0.45342
0.31	0.453126
0.311	0.45283
0.312	0.452534
0.313	0.452237
0.314	0.451939
0.315	0.45164
0.316	0.451341
0.317	0.45104
0.318	0.450739
0.319	0.450437
0.32	0.450134
0.321	0.44983
0.322	0.449525
0.323	0.44922
0.324	0.448913
0.325	0.448606
0.326	0.448298
0.327	0.447989
0.328	0.447679
0.329	0.447369
0.33	0.447057
0.331	0.446745
0.332	0.446432
0.333	0.446118
0.334	0.445803
0.335	0.445488
0.336	0.445171
0.337	0.444854
0.338	0.444536
0.339	0.444217
0.34	0.443897
0.341	0.443577
0.342	0.443255
0.343	0.442933
0.344	0.44261
0.345	0.442286
0.346	0.441961
0.347	0.441636
0.348	0.441309
0.349	0.440982
0.35	0.440654
0.351	0.440325
0.352	0.439996
0.353	0.439665
0.354	0.439334
0.355	0.439002
0.356	0.438669
0.357	0.438335
0.358	0.438001
0.359	0.437666
0.36	0.43733
0.361	0.436993
0.362	0.436655
0.363	0.436316
0.364	0.435977
0.365	0.435637
0.366	0.435296
0.367	0.434954
0.368	0.434612
0.369	0.434268
0.37	0.433924
0.371	0.433579
0.372	0.433233
0.373	0.432887
0.374	0.43254
0.375	0.432192
0.376	0.431843
0.377	0.431493
0.378	0.431142
0.379	0.430791
0.38	0.430439
0.381	0.430086
0.382	0.429733
0.383	0.429378
0.384	0.429023
0.385	0.428667
0.386	0.42831
0.387	0.427953
0.388	0.427594
0.389	0.427235
0.39	0.426875
0.391	0.426515
0.392	0.426153
0.393	0.425791
0.394	0.425428
0.395	0.425064
0.396	0.4247
0.397	0.424335
0.398	0.423969
0.399	0.423602
0.4	0.423234
0.401	0.422866
0.402	0.422497
0.403	0.422127
0.404	0.421756
0.405	0.421385
0.406	0.421013
0.407	0.42064
0.408	0.420266
0.409	0.419892
0.41	0.419516
0.411	0.419141
0.412	0.418764
0.413	0.418386
0.414	0.418008
0.415	0.417629
0.416	0.41725
0.417	0.416869
0.418	0.416488
0.419	0.416106
0.42	0.415724
0.421	0.41534
0.422	0.414956
0.423	0.414571
0.424	0.414185
0.425	0.413799
0.426	0.413412
0.427	0.413024
0.428	0.412636
0.429	0.412246
0.43	0.411856
0.431	0.411466
0.432	0.411074
0.433	0.410682
0.434	0.410289
0.435	0.409895
0.436	0.409501
0.437	0.409106
0.438	0.40871
0.439	0.408314
0.44	0.407916
0.441	0.407518
0.442	0.40712
0.443	0.40672
0.444	0.40632
0.445	0.405919
0.446	0.405518
0.447	0.405116
0.448	0.404713
0.449	0.404309
0.45	0.403905
0.451	0.403499
0.452	0.403094
0.453	0.402687
0.454	0.40228
0.455	0.401872
0.456	0.401463
0.457	0.401054
0.458	0.400644
0.459	0.400234
0.46	0.399822
0.461	0.39941
0.462	0.398997
0.463	0.398584
0.464	0.39817
0.465	0.397755
0.466	0.397339
0.467	0.396923
0.468	0.396506
0.469	0.396089
0.47	0.39567
0.471	0.395252
0.472	0.394832
0.473	0.394412
0.474	0.393991
0.475	0.393569
0.476	0.393147
0.477	0.392724
0.478	0.3923
0.479	0.391876
0.48	0.391451
0.481	0.391025
0.482	0.390599
0.483	0.390172
0.484	0.389744
0.485	0.389316
0.486	0.388887
0.487	0.388457
0.488	0.388027
0.489	0.387596
0.49	0.387164
0.491	0.386732
0.492	0.386299
0.493	0.385866
0.494	0.385431
0.495	0.384996
0.496	0.384561
0.497	0.384125
0.498	0.383688
0.499	0.383251
0.5	0.382812
0.501	0.382374
0.502	0.381934
0.503	0.381494
0.504	0.381054
0.505	0.380612
0.506	0.38017
0.507	0.379728
0.508	0.379285
0.509	0.378841
0.51	0.378396
0.511	0.377951
0.512	0.377506
0.513	0.377059
0.514	0.376612
0.515	0.376165
0.516	0.375716
0.517	0.375268
0.518	0.374818
0.519	0.374368
0.52	0.373917
0.521	0.373466
0.522	0.373014
0.523	0.372562
0.524	0.372109
0.525	0.371655
0.526	0.371201
0.527	0.370746
0.528	0.37029
0.529	0.369834
0.53	0.369377
0.531	0.36892
0.532	0.368462
0.533	0.368003
0.534	0.367544
0.535	0.367084
0.536	0.366624
0.537	0.366163
0.538	0.365702
0.539	0.365239
0.54	0.364777
0.541	0.364313
0.542	0.36385
0.543	0.363385
0.544	0.36292
0.545	0.362454
0.546	0.361988
0.547	0.361521
0.548	0.361054
0.549	0.360586
0.55	0.360118
0.551	0.359648
0.552	0.359179
0.553	0.358709
0.554	0.358238
0.555	0.357766
0.556	0.357295
0.557	0.356822
0.558	0.356349
0.559	0.355875
0.56	0.355401
0.561	0.354926
0.562	0.354451
0.563	0.353975
0.564	0.353499
0.565	0.353022
0.566	0.352544
0.567	0.352066
0.568	0.351588
0.569	0.351109
0.57	0.350629
0.571	0.350149
0.572	0.349668
0.573	0.349187
0.574	0.348705
0.575	0.348222
0.576	0.347739
0.577	0.347256
0.578	0.346772
0.579	0.346287
0.58	0.345802
0.581	0.345317
0.582	0.34483
0.583	0.344344
0.584	0.343857
0.585	0.343369
0.586	0.342881
0.587	0.342392
0.588	0.341903
0.589	0.341413
0.59	0.340922
0.591	0.340432
0.592	0.33994
0.593	0.339448
0.594	0.338956
0.595	0.338463
0.596	0.33797
0.597	0.337476
0.598	0.336982
0.599	0.336487
0.6	0.335991
0.601	0.335495
0.602	0.334999
0.603	0.334502
0.604	0.334005
0.605	0.333507
0.606	0.333008
0.607	0.33251
0.608	0.33201
0.609	0.33151
0.61	0.33101
0.611	0.330509
0.612	0.330008
0.613	0.329506
0.614	0.329004
0.615	0.328501
0.616	0.327998
0.617	0.327494
0.618	0.32699
0.619	0.326485
0.62	0.32598
0.621	0.325475
0.622	0.324969
0.623	0.324462
0.624	0.323955
0.625	0.323448
0.626	0.32294
0.627	0.322431
0.628	0.321922
0.629	0.321413
0.63	0.320903
0.631	0.320393
0.632	0.319882
0.633	0.319371
0.634	0.31886
0.635	0.318348
0.636	0.317835
0.637	0.317322
0.638	0.316809
0.639	0.316295
0.64	0.315781
0.641	0.315266
0.642	0.314751
0.643	0.314236
0.644	0.31372
0.645	0.313203
0.646	0.312686
0.647	0.312169
0.648	0.311651
0.649	0.311133
0.65	0.310615
0.651	0.310096
0.652	0.309576
0.653	0.309056
0.654	0.308536
0.655	0.308015
0.656	0.307494
0.657	0.306973
0.658	0.306451
0.659	0.305929
0.66	0.305406
0.661	0.304883
0.662	0.304359
0.663	0.303835
0.664	0.303311
0.665	0.302786
0.666	0.302261
0.667	0.301735
0.668	0.301209
0.669	0.300683
0.67	0.300156
0.671	0.299629
0.672	0.299101
0.673	0.298573
0.674	0.298045
0.675	0.297516
0.676	0.296987
0.677	0.296458
0.678	0.295928
0.679	0.295398
0.68	0.294867
0.681	0.294336
0.682	0.293805
0.683	0.293273
0.684	0.292741
0.685	0.292208
0.686	0.291675
0.687	0.291142
0.688	0.290608
0.689	0.290074
0.69	0.28954
0.691	0.289005
0.692	0.28847
0.693	0.287935
0.694	0.287399
0.695	0.286863
0.696	0.286326
0.697	0.28579
0.698	0.285252
0.699	0.284715
0.7	0.284177
0.701	0.283639
0.702	0.2831
0.703	0.282561
0.704	0.282022
0.705	0.281482
0.706	0.280942
0.707	0.280402
0.708	0.279862
0.709	0.279321
0.71	0.278779
0.711	0.278238
0.712	0.277696
0.713	0.277153
0.714	0.276611
0.715	0.276068
0.716	0.275525
0.717	0.274981
0.718	0.274437
0.719	0.273893
0.72	0.273349
0.721	0.272804
0.722	0.272259
0.723	0.271713
0.724	0.271167
0.725	0.270621
0.726	0.270075
0.727	0.269528
0.728	0.268981
0.729	0.268434
0.73	0.267887
0.731	0.267339
0.732	0.26679
0.733	0.266242
0.734	0.265693
0.735	0.265144
0.736	0.264595
0.737	0.264045
0.738	0.263495
0.739	0.262945
0.74	0.262395
0.741	0.261844
0.742	0.261293
0.743	0.260741
0.744	0.26019
0.745	0.259638
0.746	0.259086
0.747	0.258533
0.748	0.257981
0.749	0.257428
0.75	0.256875
0.751	0.256321
0.752	0.255767
0.753	0.255213
0.754	0.254659
0.755	0.254104
0.756	0.25355
0.757	0.252995
0.758	0.252439
0.759	0.251884
0.76	0.251328
0.761	0.250772
0.762	0.250216
0.763	0.249659
0.764	0.249102
0.765	0.248545
0.766	0.247988
0.767	0.24743
0.768	0.246873
0.769	0.246315
0.77	0.245756
0.771	0.245198
0.772	0.244639
0.773	0.24408
0.774	0.243521
0.775	0.242962
0.776	0.242402
0.777	0.241842
0.778	0.241282
0.779	0.240722
0.78	0.240161
0.781	0.239601
0.782	0.23904
0.783	0.238479
0.784	0.237917
0.785	0.237356
0.786	0.236794
0.787	0.236232
0.788	0.23567
0.789	0.235108
0.79	0.234545
0.791	0.233982
0.792	0.233419
0.793	0.232856
0.794	0.232293
0.795	0.231729
0.796	0.231165
0.797	0.230601
0.798	0.230037
0.799	0.229473
0.8	0.228908
0.801	0.228344
0.802	0.227779
0.803	0.227214
0.804	0.226649
0.805	0.226083
0.806	0.225518
0.807	0.224952
0.808	0.224386
0.809	0.22382
0.81	0.223254
0.811	0.222687
0.812	0.222121
0.813	0.221554
0.814	0.220987
0.815	0.22042
0.816	0.219852
0.817	0.219285
0.818	0.218717
0.819	0.21815
0.82	0.217582
0.821	0.217014
0.822	0.216446
0.823	0.215877
0.824	0.215309
0.825	0.21474
0.826	0.214172
0.827	0.213603
0.828	0.213034
0.829	0.212464
0.83	0.211895
0.831	0.211326
0.832	0.210756
0.833	0.210186
0.834	0.209617
0.835	0.209047
0.836	0.208477
0.837	0.207906
0.838	0.207336
0.839	0.206766
0.84	0.206195
0.841	0.205624
0.842	0.205054
0.843	0.204483
0.844	0.203912
0.845	0.20334
0.846	0.202769
0.847	0.202198
0.848	0.201626
0.849	0.201055
0.85	0.200483
0.851	0.199911
0.852	0.199339
0.853	0.198767
0.854	0.198195
0.855	0.197623
0.856	0.197051
0.857	0.196479
0.858	0.195906
0.859	0.195334
0.86	0.194761
0.861	0.194188
0.862	0.193616
0.863	0.193043
0.864	0.19247
0.865	0.191897
0.866	0.191324
0.867	0.19075
0.868	0.190177
0.869	0.189604
0.87	0.189031
0.871	0.188457
0.872	0.187884
0.873	0.18731
0.874	0.186736
0.875	0.186163
0.876	0.185589
0.877	0.185015
0.878	0.184441
0.879	0.183867
0.88	0.183293
0.881	0.182719
0.882	0.182145
0.883	0.181571
0.884	0.180997
0.885	0.180422
0.886	0.179848
0.887	0.179274
0.888	0.178699
0.889	0.178125
0.89	0.177551
0.891	0.176976
0.892	0.176402
0.893	0.175827
0.894	0.175253
0.895	0.174678
0.896	0.174103
0.897	0.173529
0.898	0.172954
0.899	0.172379
0.9	0.171805
0.901	0.17123
0.902	0.170655
0.903	0.17008
0.904	0.169506
0.905	0.168931
0.906	0.168356
0.907	0.167781
0.908	0.167206
0.909	0.166631
0.91	0.166057
0.911	0.165482
0.912	0.164907
0.913	0.164332
0.914	0.163757
0.915	0.163182
0.916	0.162608
0.917	0.162033
0.918	0.161458
0.919	0.160883
0.92	0.160308
0.921	0.159734
0.922	0.159159
0.923	0.158584
0.924	0.158009
0.925	0.157435
0.926	0.15686
0.927	0.156285
0.928	0.155711
0.929	0.155136
0.93	0.154562
0.931	0.153987
0.932	0.153412
0.933	0.152838
0.934	0.152264
0.935	0.151689
0.936	0.151115
0.937	0.15054
0.938	0.149966
0.939	0.149392
0.94	0.148818
0.941	0.148244
0.942	0.147669
0.943	0.147095
0.944	0.146521
0.945	0.145947
0.946	0.145374
0.947	0.1448
0.948	0.144226
0.949	0.143652
0.95	0.143079
0.951	0.142505
0.952	0.141931
0.953	0.141358
0.954	0.140785
0.955	0.140211
0.956	0.139638
0.957	0.139065
0.958	0.138492
0.959	0.137919
0.96	0.137346
0.961	0.136773
0.962	0.1362
0.963	0.135627
0.964	0.135055
0.965	0.134482
0.966	0.13391
0.967	0.133337
0.968	0.132765
0.969	0.132193
0.97	0.131621
0.971	0.131049
0.972	0.130477
0.973	0.129905
0.974	0.129333
0.975	0.128762
0.976	0.12819
0.977	0.127619
0.978	0.127047
0.979	0.126476
0.98	0.125905
0.981	0.125334
0.982	0.124763
0.983	0.124193
0.984	0.123622
0.985	0.123051
0.986	0.122481
0.987	0.121911
0.988	0.121341
0.989	0.120771
0.99	0.120201
0.991	0.119631
0.992	0.119061
0.993	0.118492
0.994	0.117922
0.995	0.117353
0.996	0.116784
0.997	0.116215
0.998	0.115646
0.999	0.115078
1	0.114509
1.001	0.113941
1.002	0.113372
1.003	0.112804
1.004	0.112236
1.005	0.111668
1.006	0.111101
1.007	0.110533
1.008	0.109966
1.009	0.109399
1.01	0.108832
1.011	0.108265
1.012	0.107698
1.013	0.107131
1.014	0.106565
1.015	0.105999
1.016	0.105433
1.017	0.104867
1.018	0.104301
1.019	0.103736
1.02	0.10317
1.021	0.102605
1.022	0.10204
1.023	0.101475
1.024	0.10091
1.025	0.100346
1.026	0.0997815
1.027	0.0992173
1.028	0.0986534
1.029	0.0980896
1.03	0.097526
1.031	0.0969627
1.032	0.0963995
1.033	0.0958364
1.034	0.0952736
1.035	0.094711
1.036	0.0941486
1.037	0.0935864
1.038	0.0930244
1.039	0.0924626
1.04	0.0919009
1.041	0.0913395
1.042	0.0907783
1.043	0.0902174
1.044	0.0896566
1.045	0.089096
1.046	0.0885357
1.047	0.0879755
1.048	0.0874156
1.049	0.0868559
1.05	0.0862964
1.051	0.0857371
1.052	0.0851781
1.053	0.0846193
1.054	0.0840607
1.055	0.0835023
1.056	0.0829442
1.057	0.0823863
1.058	0.0818286
1.059	0.0812712
1.06	0.080714
1.061	0.080157
1.062	0.0796003
1.063	0.0790438
1.064	0.0784875
1.065	0.0779315
1.066	0.0773757
1.067	0.0768202
1.068	0.076265
1.069	0.0757099
1.07	0.0751552
1.071	0.0746006
1.072	0.0740464
1.073	0.0734923
1.074	0.0729386
1.075	0.0723851
1.076	0.0718318
1.077	0.0712789
1.078	0.0707261
1.079	0.0701737
1.08	0.0696215
1.081	0.0690696
1.082	0.0685179
1.083	0.0679665
1.084	0.0674154
1.085	0.0668646
1.086	0.066314
1.087	0.0657637
1.088	0.0652137
1.089	0.0646639
1.09	0.0641145
1.091	0.0635653
1.092	0.0630164
1.093	0.0624678
1.094	0.0619195
1.095	0.0613714
1.096	0.0608237
1.097	0.0602762
1.098	0.0597291
1.099	0.0591822
1.1	0.0586356
1.101	0.0580893
1.102	0.0575434
1.103	0.0569977
1.104	0.0564523
1.105	0.0559072
1.106	0.0553624
1.107	0.054818
1.108	0.0542738
1.109	0.05373
1.11	0.0531864
1.111	0.0526432
1.112	0.0521002
1.113	0.0515576
1.114	0.0510153
1.115	0.0504734
1.116	0.0499317
1.117	0.0493904
1.118	0.0488493
1.119	0.0483087
1.12	0.0477683
1.121	0.0472282
1.122	0.0466885
1.123	0.0461491
1.124	0.0456101
1.125	0.0450713
1.126	0.0445329
1.127	0.0439949
1.128	0.0434572
1.129	0.0429198
1.13	0.0423827
1.131	0.041846
1.132	0.0413096
1.133	0.0407736
1.134	0.0402379
1.135	0.0397026
1.136	0.0391676
1.137	0.038633
1.138	0.0380987
1.139	0.0375647
1.14	0.0370312
1.141	0.0364979
1.142	0.035965
1.143	0.0354325
1.144	0.0349004
1.145	0.0343686
1.146	0.0338371
1.147	0.0333061
1.148	0.0327753
1.149	0.032245
1.15	0.031715
1.151	0.0311854
1.152	0.0306562
1.153	0.0301273
1.154	0.0295988
1.155	0.0290707
1.156	0.0285429
1.157	0.0280155
1.158	0.0274886
1.159	0.0269619
1.16	0.0264357
1.161	0.0259099
1.162	0.0253844
1.163	0.0248593
1.164	0.0243346
1.165	0.0238103
1.166	0.0232864
1.167	0.0227629
1.168	0.0222397
1.169	0.021717
1.17	0.0211946
1.171	0.0206727
1.172	0.0201511
1.173	0.01963
1.174	0.0191092
1.175	0.0185889
1.176	0.0180689
1.177	0.0175494
1.178	0.0170302
1.179	0.0165115
1.18	0.0159932
1.181	0.0154753
1.182	0.0149577
1.183	0.0144407
1.184	0.013924
1.185	0.0134077
1.186	0.0128919
1.187	0.0123764
1.188	0.0118614
1.189	0.0113468
1.19	0.0108327
1.191	0.0103189
1.192	0.00980561
1.193	0.00929272
1.194	0.00878025
1.195	0.00826821
1.196	0.00775661
1.197	0.00724543
1.198	0.00673468
1.199	0.00622437
1.2	0.0057145
1.201	0.00520506
1.202	0.00469606
1.203	0.0041875
1.204	0.00367938
1.205	0.0031717
1.206	0.00266446
1.207	0.00215767
1.208	0.00165132
1.209	0.00114542
1.21	0.00063997
1.211	0.000134968
1.212	-0.000369583
1.213	-0.000873682
1.214	-0.00137733
1.215	-0.00188052
1.216	-0.00238325
1.217	-0.00288553
1.218	-0.00338735
1.219	-0.00388871
1.22	-0.0043896
1.221	-0.00489004
1.222	-0.00539001
1.223	-0.00588951
1.224	-0.00638855
1.225	-0.00688712
1.226	-0.00738523
1.227	-0.00788286
1.228	-0.00838002
1.229	-0.00887671
1.23	-0.00937293
1.231	-0.00986866
1.232	-0.0103639
1.233	-0.0108587
1.234	-0.011353
1.235	-0.0118468
1.236	-0.0123402
1.237	-0.012833
1.238	-0.0133254
1.239	-0.0138173
1.24	-0.0143087
1.241	-0.0147996
1.242	-0.0152901
1.243	-0.01578
1.244	-0.0162695
1.245	-0.0167584
1.246	-0.0172469
1.247	-0.0177348
1.248	-0.0182223
1.249	-0.0187093
1.25	-0.0191957
1.251	-0.0196817
1.252	-0.0201672
1.253	-0.0206522
1.254	-0.0211366
1.255	-0.0216206
1.256	-0.022104
1.257	-0.022587
1.258	-0.0230694
1.259	-0.0235513
1.26	-0.0240328
1.261	-0.0245137
1.262	-0.024994
1.263	-0.0254739
1.264	-0.0259533
1.265	-0.0264321
1.266	-0.0269104
1.267	-0.0273882
1.268	-0.0278655
1.269	-0.0283423
1.27	-0.0288185
1.271	-0.0292942
1.272	-0.0297694
1.273	-0.0302441
1.274	-0.0307182
1.275	-0.0311918
1.276	-0.0316649
1.277	-0.0321375
1.278	-0.0326095
1.279	-0.0330809
1.28	-0.0335519
1.281	-0.0340223
1.282	-0.0344922
1.283	-0.0349615
1.284	-0.0354303
1.285	-0.0358985
1.286	-0.0363662
1.287	-0.0368334
1.288	-0.0373
1.289	-0.0377661
1.29	-0.0382316
1.291	-0.0386966
1.292	-0.0391611
1.293	-0.0396249
1.294	-0.0400883
1.295	-0.040551
1.296	-0.0410133
1.297	-0.0414749
1.298	-0.0419361
1.299	-0.0423966
1.3	-0.0428566
1.301	-0.0433161
1.302	-0.043775
1.303	-0.0442333
1.304	-0.044691
1.305	-0.0451482
1.306	-0.0456049
1.307	-0.0460609
1.308	-0.0465164
1.309	-0.0469714
1.31	-0.0474257
1.311	-0.0478795
1.312	-0.0483328
1.313	-0.0487854
1.314	-0.0492375
1.315	-0.049689
1.316	-0.0501399
1.317	-0.0505903
1.318	-0.05104
1.319	-0.0514892
1.32	-0.0519378
1.321	-0.0523859
1.322	-0.0528333
1.323	-0.0532802
1.324	-0.0537265
1.325	-0.0541722
1.326	-0.0546173
1.327	-0.0550618
1.328	-0.0555058
1.329	-0.0559491
1.33	-0.0563919
1.331	-0.056834
1.332	-0.0572756
1.333	-0.0577166
1.334	-0.058157
1.335	-0.0585968
1.336	-0.0590359
1.337	-0.0594745
1.338	-0.0599125
1.339	-0.0603499
1.34	-0.0607867
1.341	-0.0612229
1.342	-0.0616585
1.343	-0.0620935
1.344	-0.0625279
1.345	-0.0629616
1.346	-0.0633948
1.347	-0.0638274
1.348	-0.0642593
1.349	-0.0646906
1.35	-0.0651214
1.351	-0.0655515
1.352	-0.065981
1.353	-0.0664099
1.354	-0.0668381
1.355	-0.0672658
1.356	-0.0676928
1.357	-0.0681193
1.358	-0.0685451
1.359	-0.0689702
1.36	-0.0693948
1.361	-0.0698187
1.362	-0.070242
1.363	-0.0706647
1.364	-0.0710868
1.365	-0.0715082
1.366	-0.071929
1.367	-0.0723492
1.368	-0.0727688
1.369	-0.0731877
1.37	-0.073606
1.371	-0.0740237
1.372	-0.0744407
1.373	-0.0748571
1.374	-0.0752728
1.375	-0.075688
1.376	-0.0761024
1.377	-0.0765163
1.378	-0.0769295
1.379	-0.0773421
1.38	-0.077754
1.381	-0.0781653
1.382	-0.0785759
1.383	-0.0789859
1.384	-0.0793953
1.385	-0.079804
1.386	-0.0802121
1.387	-0.0806195
1.388	-0.0810262
1.389	-0.0814324
1.39	-0.0818378
1.391	-0.0822427
1.392	-0.0826468
1.393	-0.0830503
1.394	-0.0834532
1.395	-0.0838554
1.396	-0.084257
1.397	-0.0846579
1.398	-0.0850581
1.399	-0.0854577
1.4	-0.0858566
1.401	-0.0862548
1.402	-0.0866524
1.403	-0.0870494
1.404	-0.0874457
1.405	-0.0878413
1.406	-0.0882362
1.407	-0.0886305
1.408	-0.0890241
1.409	-0.0894171
1.41	-0.0898094
1.411	-0.090201
1.412	-0.0905919
1.413	-0.0909822
1.414	-0.0913718
1.415	-0.0917607
1.416	-0.092149
1.417	-0.0925365
1.418	-0.0929235
1.419	-0.0933097
1.42	-0.0936952
1.421	-0.0940801
1.422	-0.0944643
1.423	-0.0948478
1.424	-0.0952307
1.425	-0.0956128
1.426	-0.0959943
1.427	-0.0963751
1.428	-0.0967552
1.429	-0.0971347
1.43	-0.0975134
1.431	-0.0978915
1.432	-0.0982688
1.433	-0.0986455
1.434	-0.0990215
1.435	-0.0993968
1.436	-0.0997715
1.437	-0.100145
1.438	-0.100519
1.439	-0.100891
1.44	-0.101263
1.441	-0.101634
1.442	-0.102005
1.443	-0.102374
1.444	-0.102743
1.445	-0.103112
1.446	-0.10348
1.447	-0.103847
1.448	-0.104213
1.449	-0.104578
1.45	-0.104943
1.451	-0.105307
1.452	-0.105671
1.453	-0.106034
1.454	-0.106396
1.455	-0.106757
1.456	-0.107118
1.457	-0.107478
1.458	-0.107837
1.459	-0.108196
1.46	-0.108553
1.461	-0.10891
1.462	-0.109267
1.463	-0.109623
1.464	-0.109978
1.465	-0.110332
1.466	-0.110685
1.467	-0.111038
1.468	-0.11139
1.469	-0.111742
1.47	-0.112093
1.471	-0.112443
1.472	-0.112792
1.473	-0.11314
1.474	-0.113488
1.475	-0.113835
1.476	-0.114182
1.477	-0.114527
1.478	-0.114872
1.479	-0.115217
1.48	-0.11556
1.481	-0.115903
1.482	-0.116245
1.483	-0.116586
1.484	-0.116927
1.485	-0.117267
1.486	-0.117606
1.487	-0.117944
1.488	-0.118282
1.489	-0.118619
1.49	-0.118955
1.491	-0.119291
1.492	-0.119626
1.493	-0.11996
1.494	-0.120293
1.495	-0.120626
1.496	-0.120957
1.497	-0.121289
1.498	-0.121619
1.499	-0.121949
1.5	-0.122278
1.501	-0.122606
1.502	-0.122933
1.503	-0.12326
1.504	-0.123586
1.505	-0.123911
1.506	-0.124236
1.507	-0.124559
1.508	-0.124882
1.509	-0.125205
1.51	-0.125526
1.511	-0.125847
1.512	-0.126167
1.513	-0.126486
1.514	-0.126805
1.515	-0.127123
1.516	-0.12744
1.517	-0.127756
1.518	-0.128072
1.519	-0.128386
1.52	-0.1287
1.521	-0.129014
1.522	-0.129326
1.523	-0.129638
1.524	-0.129949
1.525	-0.13026
1.526	-0.130569
1.527	-0.130878
1.528	-0.131186
1.529	-0.131493
1.53	-0.1318
1.531	-0.132106
1.532	-0.132411
1.533	-0.132715
1.534	-0.133018
1.535	-0.133321
1.536	-0.133623
1.537	-0.133925
1.538	-0.134225
1.539	-0.134525
1.54	-0.134824
1.541	-0.135122
1.542	-0.135419
1.543	-0.135716
1.544	-0.136012
1.545	-0.136307
1.546	-0.136602
1.547	-0.136895
1.548	-0.137188
1.549	-0.13748
1.55	-0.137772
1.551	-0.138062
1.552	-0.138352
1.553	-0.138641
1.554	-0.138929
1.555	-0.139217
1.556	-0.139504
1.557	-0.13979
1.558	-0.140075
1.559	-0.140359
1.56	-0.140643
1.561	-0.140926
1.562	-0.141208
1.563	-0.141489
1.564	-0.14177
1.565	-0.14205
1.566	-0.142329
1.567	-0.142607
1.568	-0.142885
1.569	-0.143161
1.57	-0.143437
1.571	-0.143713
1.572	-0.143987
1.573	-0.144261
1.574	-0.144534
1.575	-0.144806
1.576	-0.145077
1.577	-0.145347
1.578	-0.145617
1.579	-0.145886
1.58	-0.146154
1.581	-0.146422
1.582	-0.146688
1.583	-0.146954
1.584	-0.147219
1.585	-0.147484
1.586	-0.147747
1.587	-0.14801
1.588	-0.148272
1.589	-0.148533
1.59	-0.148793
1.591	-0.149053
1.592	-0.149312
1.593	-0.14957
1.594	-0.149827
1.595	-0.150083
1.596	-0.150339
1.597	-0.150594
1.598	-0.150848
1.599	-0.151101
1.6	-0.151354
1.601	-0.151606
1.602	-0.151857
1.603	-0.152107
1.604	-0.152356
1.605	-0.152605
1.606	-0.152853
1.607	-0.1531
1.608	-0.153346
1.609	-0.153591
1.61	-0.153836
1.611	-0.15408
1.612	-0.154323
1.613	-0.154565
1.614	-0.154807
1.615	-0.155047
1.616	-0.155287
1.617	-0.155526
1.618	-0.155765
1.619	-0.156002
1.62	-0.156239
1.621	-0.156475
1.622	-0.15671
1.623	-0.156944
1.624	-0.157178
1.625	-0.157411
1.626	-0.157643
1.627	-0.157874
1.628	-0.158104
1.629	-0.158334
1.63	-0.158562
1.631	-0.15879
1.632	-0.159018
1.633	-0.159244
1.634	-0.159469
1.635	-0.159694
1.636	-0.159918
1.637	-0.160141
1.638	-0.160364
1.639	-0.160585
1.64	-0.160806
1.641	-0.161026
1.642	-0.161245
1.643	-0.161464
1.644	-0.161681
1.645	-0.161898
1.646	-0.162114
1.647	-0.162329
1.648	-0.162544
1.649	-0.162757
1.65	-0.16297
1.651	-0.163182
1.652	-0.163393
1.653	-0.163604
1.654	-0.163813
1.655	-0.164022
1.656	-0.16423
1.657	-0.164437
1.658	-0.164643
1.659	-0.164849
1.66	-0.165054
1.661	-0.165258
1.662	-0.165461
1.663	-0.165663
1.664	-0.165865
1.665	-0.166065
1.666	-0.166265
1.667	-0.166464
1.668	-0.166663
1.669	-0.16686
1.67	-0.167057
1.671	-0.167253
1.672	-0.167448
1.673	-0.167642
1.674	-0.167836
1.675	-0.168028
1.676	-0.16822
1.677	-0.168411
1.678	-0.168601
1.679	-0.168791
1.68	-0.168979
1.681	-0.169167
1.682	-0.169354
1.683	-0.169541
1.684	-0.169726
1.685	-0.169911
1.686	-0.170094
1.687	-0.170277
1.688	-0.170459
1.689	-0.170641
1.69	-0.170821
1.691	-0.171001
1.692	-0.17118
1.693	-0.171358
1.694	-0.171535
1.695	-0.171712
1.696	-0.171888
1.697	-0.172062
1.698	-0.172237
1.699	-0.17241
1.7	-0.172582
1.701	-0.172754
1.702	-0.172925
1.703	-0.173095
1.704	-0.173264
1.705	-0.173432
1.706	-0.1736
1.707	-0.173767
1.708	-0.173933
1.709	-0.174098
1.71	-0.174262
1.711	-0.174426
1.712	-0.174588
1.713	-0.17475
1.714	-0.174911
1.715	-0.175072
1.716	-0.175231
1.717	-0.17539
1.718	-0.175548
1.719	-0.175705
1.72	-0.175861
1.721	-0.176016
1.722	-0.176171
1.723	-0.176325
1.724	-0.176478
1.725	-0.17663
1.726	-0.176781
1.727	-0.176932
1.728	-0.177082
1.729	-0.17723
1.73	-0.177379
1.731	-0.177526
1.732	-0.177672
1.733	-0.177818
1.734	-0.177963
1.735	-0.178107
1.736	-0.17825
1.737	-0.178393
1.738	-0.178534
1.739	-0.178675
1.74	-0.178815
1.741	-0.178954
1.742	-0.179093
1.743	-0.17923
1.744	-0.179367
1.745	-0.179503
1.746	-0.179638
1.747	-0.179772
1.748	-0.179906
1.749	-0.180038
1.75	-0.18017
1.751	-0.180301
1.752	-0.180432
1.753	-0.180561
1.754	-0.18069
1.755	-0.180817
1.756	-0.180944
1.757	-0.181071
1.758	-0.181196
1.759	-0.181321
1.76	-0.181444
1.761	-0.181567
1.762	-0.181689
1.763	-0.181811
1.764	-0.181931
1.765	-0.182051
1.766	-0.18217
1.767	-0.182288
1.768	-0.182405
1.769	-0.182522
1.77	-0.182637
1.771	-0.182752
1.772	-0.182866
1.773	-0.18298
1.774	-0.183092
1.775	-0.183204
1.776	-0.183314
1.777	-0.183424
1.778	-0.183534
1.779	-0.183642
1.78	-0.183749
1.781	-0.183856
1.782	-0.183962
1.783	-0.184067
1.784	-0.184172
1.785	-0.184275
1.786	-0.184378
1.787	-0.18448
1.788	-0.184581
1.789	-0.184681
1.79	-0.184781
1.791	-0.184879
1.792	-0.184977
1.793	-0.185074
1.794	-0.18517
1.795	-0.185266
1.796	-0.185361
1.797	-0.185454
1.798	-0.185547
1.799	-0.18564
1.8	-0.185731
1.801	-0.185822
1.802	-0.185911
1.803	-0.186
1.804	-0.186089
1.805	-0.186176
1.806	-0.186263
1.807	-0.186348
1.808	-0.186433
1.809	-0.186517
1.81	-0.186601
1.811	-0.186683
1.812	-0.186765
1.813	-0.186846
1.814	-0.186926
1.815	-0.187005
1.816	-0.187084
1.817	-0.187162
1.818	-0.187239
1.819	-0.187315
1.82	-0.18739
1.821	-0.187465
1.822	-0.187538
1.823	-0.187611
1.824	-0.187683
1.825	-0.187755
1.826	-0.187825
1.827	-0.187895
1.828	-0.187964
1.829	-0.188032
1.83	-0.188099
1.831	-0.188166
1.832	-0.188232
1.833	-0.188296
1.834	-0.188361
1.835	-0.188424
1.836	-0.188486
1.837	-0.188548
1.838	-0.188609
1.839	-0.188669
1.84	-0.188729
1.841	-0.188787
1.842	-0.188845
1.843	-0.188902
1.844	-0.188958
1.845	-0.189013
1.846	-0.189068
1.847	-0.189122
1.848	-0.189175
1.849	-0.189227
1.85	-0.189278
1.851	-0.189329
1.852	-0.189379
1.853	-0.189428
1.854	-0.189476
1.855	-0.189523
1.856	-0.18957
1.857	-0.189616
1.858	-0.189661
1.859	-0.189705
1.86	-0.189748
1.861	-0.189791
1.862	-0.189833
1.863	-0.189874
1.864	-0.189914
1.865	-0.189954
1.866	-0.189993
1.867	-0.19003
1.868	-0.190068
1.869	-0.190104
1.87	-0.19014
1.871	-0.190174
1.872	-0.190208
1.873	-0.190241
1.874	-0.190274
1.875	-0.190306
1.876	-0.190336
1.877	-0.190366
1.878	-0.190396
1.879	-0.190424
1.88	-0.190452
1.881	-0.190479
1.882	-0.190505
1.883	-0.19053
1.884	-0.190555
1.885	-0.190579
1.886	-0.190602
1.887	-0.190624
1.888	-0.190645
1.889	-0.190666
1.89	-0.190686
1.891	-0.190705
1.892	-0.190723
1.893	-0.190741
1.894	-0.190758
1.895	-0.190774
1.896	-0.190789
1.897	-0.190803
1.898	-0.190817
1.899	-0.19083
1.9	-0.190842
1.901	-0.190854
1.902	-0.190864
1.903	-0.190874
1.904	-0.190883
1.905	-0.190891
1.906	-0.190899
1.907	-0.190905
1.908	-0.190911
1.909	-0.190916
1.91	-0.190921
1.911	-0.190924
1.912	-0.190927
1.913	-0.190929
1.914	-0.190931
1.915	-0.190931
1.916	-0.190931
1.917	-0.19093
1.918	-0.190928
1.919	-0.190926
1.92	-0.190922
1.921	-0.190918
1.922	-0.190913
1.923	-0.190908
1.924	-0.190902
1.925	-0.190894
1.926	-0.190887
1.927	-0.190878
1.928	-0.190868
1.929	-0.190858
1.93	-0.190847
1.931	-0.190836
1.932	-0.190823
1.933	-0.19081
1.934	-0.190796
1.935	-0.190781
1.936	-0.190766
1.937	-0.19075
1.938	-0.190733
1.939	-0.190715
1.94	-0.190696
1.941	-0.190677
1.942	-0.190657
1.943	-0.190636
1.944	-0.190615
1.945	-0.190592
1.946	-0.190569
1.947	-0.190545
1.948	-0.190521
1.949	-0.190496
1.95	-0.19047
1.951	-0.190443
1.952	-0.190415
1.953	-0.190387
1.954	-0.190358
1.955	-0.190328
1.956	-0.190297
1.957	-0.190266
1.958	-0.190234
1.959	-0.190201
1.96	-0.190168
1.961	-0.190134
1.962	-0.190098
1.963	-0.190063
1.964	-0.190026
1.965	-0.189989
1.966	-0.189951
1.967	-0.189912
1.968	-0.189873
1.969	-0.189833
1.97	-0.189792
1.971	-0.18975
1.972	-0.189707
1.973	-0.189664
1.974	-0.18962
1.975	-0.189576
1.976	-0.18953
1.977	-0.189484
1.978	-0.189437
1.979	-0.18939
1.98	-0.189342
1.981	-0.189292
1.982	-0.189243
1.983	-0.189192
1.984	-0.189141
1.985	-0.189089
1.986	-0.189036
1.987	-0.188983
1.988	-0.188929
1.989	-0.188874
1.99	-0.188818
1.991	-0.188762
1.992	-0.188705
1.993	-0.188647
1.994	-0.188588
1.995	-0.188529
1.996	-0.188469
1.997	-0.188409
1.998	-0.188347
1.999	-0.188285
2	-0.188222
2.001	-0.188159
2.002	-0.188094
2.003	-0.188029
2.004	-0.187964
2.005	-0.187897
2.006	-0.18783
2.007	-0.187762
2.008	-0.187694
2.009	-0.187624
2.01	-0.187554
2.011	-0.187484
2.012	-0.187412
2.013	-0.18734
2.014	-0.187267
2.015	-0.187194
2.016	-0.187119
2.017	-0.187044
2.018	-0.186969
2.019	-0.186892
2.02	-0.186815
2.021	-0.186737
2.022	-0.186659
2.023	-0.18658
2.024	-0.1865
2.025	-0.186419
2.026	-0.186338
2.027	-0.186256
2.028	-0.186173
2.029	-0.186089
2.03	-0.186005
2.031	-0.185921
2.032	-0.185835
2.033	-0.185749
2.034	-0.185662
2.035	-0.185574
2.036	-0.185486
2.037	-0.185397
2.038	-0.185307
2.039	-0.185217
2.04	-0.185126
2.041	-0.185034
2.042	-0.184942
2.043	-0.184848
2.044	-0.184755
2.045	-0.18466
2.046	-0.184565
2.047	-0.184469
2.048	-0.184372
2.049	-0.184275
2.05	-0.184177
2.051	-0.184078
2.052	-0.183979
2.053	-0.183879
2.054	-0.183778
2.055	-0.183677
2.056	-0.183575
2.057	-0.183472
2.058	-0.183369
2.059	-0.183265
2.06	-0.18316
2.061	-0.183055
2.062	-0.182948
2.063	-0.182842
2.064	-0.182734
2.065	-0.182626
2.066	-0.182517
2.067	-0.182408
2.068	-0.182298
2.069	-0.182187
2.07	-0.182075
2.071	-0.181963
2.072	-0.18185
2.073	-0.181737
2.074	-0.181623
2.075	-0.181508
2.076	-0.181393
2.077	-0.181276
2.078	-0.18116
2.079	-0.181042
2.08	-0.180924
2.081	-0.180805
2.082	-0.180686
2.083	-0.180566
2.084	-0.180445
2.085	-0.180324
2.086	-0.180202
2.087	-0.180079
2.088	-0.179956
2.089	-0.179832
2.09	-0.179707
2.091	-0.179582
2.092	-0.179456
2.093	-0.179329
2.094	-0.179202
2.095	-0.179074
2.096	-0.178945
2.097	-0.178816
2.098	-0.178686
2.099	-0.178556
2.1	-0.178425
2.101	-0.178293
2.102	-0.17816
2.103	-0.178027
2.104	-0.177894
2.105	-0.177759
2.106	-0.177624
2.107	-0.177489
2.108	-0.177353
2.109	-0.177216
2.11	-0.177078
2.111	-0.17694
2.112	-0.176801
2.113	-0.176662
2.114	-0.176522
2.115	-0.176381
2.116	-0.17624
2.117	-0.176098
2.118	-0.175955
2.119	-0.175812
2.12	-0.175668
2.121	-0.175524
2.122	-0.175379
2.123	-0.175233
2.124	-0.175087
2.125	-0.17494
2.126	-0.174793
2.127	-0.174645
2.128	-0.174496
2.129	-0.174346
2.13	-0.174196
2.131	-0.174046
2.132	-0.173895
2.133	-0.173743
2.134	-0.17359
2.135	-0.173437
2.136	-0.173284
2.137	-0.173129
2.138	-0.172974
2.139	-0.172819
2.14	-0.172663
2.141	-0.172506
2.142	-0.172349
2.143	-0.172191
2.144	-0.172032
2.145	-0.171873
2.146	-0.171714
2.147	-0.171553
2.148	-0.171392
2.149	-0.171231
2.15	-0.171069
2.151	-0.170906
2.152	-0.170743
2.153	-0.170579
2.154	-0.170414
2.155	-0.170249
2.156	-0.170084
2.157	-0.169917
2.158	-0.169751
2.159	-0.169583
2.16	-0.169415
2.161	-0.169246
2.162	-0.169077
2.163	-0.168907
2.164	-0.168737
2.165	-0.168566
2.166	-0.168395
2.167	-0.168223
2.168	-0.16805
2.169	-0.167877
2.17	-0.167703
2.171	-0.167528
2.172	-0.167353
2.173	-0.167178
2.174	-0.167002
2.175	-0.166825
2.176	-0.166648
2.177	-0.16647
2.178	-0.166292
2.179	-0.166113
2.18	-0.165933
2.181	-0.165753
2.182	-0.165572
2.183	-0.165391
2.184	-0.165209
2.185	-0.165027
2.186	-0.164844
2.187	-0.16466
2.188	-0.164476
2.189	-0.164292
2.19	-0.164107
2.191	-0.163921
2.192	-0.163735
2.193	-0.163548
2.194	-0.16336
2.195	-0.163173
2.196	-0.162984
2.197	-0.162795
2.198	-0.162605
2.199	-0.162415
2.2	-0.162225
2.201	-0.162033
2.202	-0.161842
2.203	-0.161649
2.204	-0.161457
2.205	-0.161263
2.206	-0.161069
2.207	-0.160875
2.208	-0.16068
2.209	-0.160484
2.21	-0.160288
2.211	-0.160092
2.212	-0.159894
2.213	-0.159697
2.214	-0.159499
2.215	-0.1593
2.216	-0.159101
2.217	-0.158901
2.218	-0.158701
2.219	-0.1585
2.22	-0.158298
2.221	-0.158096
2.222	-0.157894
2.223	-0.157691
2.224	-0.157488
2.225	-0.157284
2.226	-0.157079
2.227	-0.156874
2.228	-0.156669
2.229	-0.156463
2.23	-0.156256
2.231	-0.156049
2.232	-0.155841
2.233	-0.155633
2.234	-0.155425
2.235	-0.155216
2.236	-0.155006
2.237	-0.154796
2.238	-0.154585
2.239	-0.154374
2.24	-0.154163
2.241	-0.15395
2.242	-0.153738
2.243	-0.153525
2.244	-0.153311
2.245	-0.153097
2.246	-0.152882
2.247	-0.152667
2.248	-0.152451
2.249	-0.152235
2.25	-0.152019
2.251	-0.151802
2.252	-0.151584
2.253	-0.151366
2.254	-0.151147
2.255	-0.150928
2.256	-0.150709
2.257	-0.150489
2.258	-0.150268
2.259	-0.150047
2.26	-0.149826
2.261	-0.149604
2.262	-0.149382
2.263	-0.149159
2.264	-0.148935
2.265	-0.148712
2.266	-0.148487
2.267	-0.148262
2.268	-0.148037
2.269	-0.147811
2.27	-0.147585
2.271	-0.147359
2.272	-0.147131
2.273	-0.146904
2.274	-0.146676
2.275	-0.146447
2.276	-0.146218
2.277	-0.145989
2.278	-0.145759
2.279	-0.145528
2.28	-0.145298
2.281	-0.145066
2.282	-0.144835
2.283	-0.144602
2.284	-0.14437
2.285	-0.144137
2.286	-0.143903
2.287	-0.143669
2.288	-0.143435
2.289	-0.1432
2.29	-0.142964
2.291	-0.142729
2.292	-0.142492
2.293	-0.142256
2.294	-0.142019
2.295	-0.141781
2.296	-0.141543
2.297	-0.141305
2.298	-0.141066
2.299	-0.140826
2.3	-0.140587
2.301	-0.140347
2.302	-0.140106
2.303	-0.139865
2.304	-0.139623
2.305	-0.139382
2.306	-0.139139
2.307	-0.138897
2.308	-0.138653
2.309	-0.13841
2.31	-0.138166
2.311	-0.137921
2.312	-0.137676
2.313	-0.137431
2.314	-0.137185
2.315	-0.136939
2.316	-0.136693
2.317	-0.136446
2.318	-0.136199
2.319	-0.135951
2.32	-0.135703
2.321	-0.135454
2.322	-0.135205
2.323	-0.134956
2.324	-0.134706
2.325	-0.134456
2.326	-0.134205
2.327	-0.133954
2.328	-0.133703
2.329	-0.133451
2.33	-0.133199
2.331	-0.132946
2.332	-0.132693
2.333	-0.13244
2.334	-0.132186
2.335	-0.131932
2.336	-0.131677
2.337	-0.131422
2.338	-0.131167
2.339	-0.130911
2.34	-0.130655
2.341	-0.130398
2.342	-0.130141
2.343	-0.129884
2.344	-0.129626
2.345	-0.129368
2.346	-0.12911
2.347	-0.128851
2.348	-0.128592
2.349	-0.128332
2.35	-0.128072
2.351	-0.127812
2.352	-0.127552
2.353	-0.12729
2.354	-0.127029
2.355	-0.126767
2.356	-0.126505
2.357	-0.126243
2.358	-0.12598
2.359	-0.125717
2.36	-0.125453
2.361	-0.125189
2.362	-0.124925
2.363	-0.12466
2.364	-0.124395
2.365	-0.12413
2.366	-0.123864
2.367	-0.123598
2.368	-0.123331
2.369	-0.123064
2.37	-0.122797
2.371	-0.12253
2.372	-0.122262
2.373	-0.121994
2.374	-0.121725
2.375	-0.121456
2.376	-0.121187
2.377	-0.120918
2.378	-0.120648
2.379	-0.120377
2.38	-0.120107
2.381	-0.119836
2.382	-0.119565
2.383	-0.119293
2.384	-0.119021
2.385	-0.118749
2.386	-0.118476
2.387	-0.118204
2.388	-0.11793
2.389	-0.117657
2.39	-0.117383
2.391	-0.117109
2.392	-0.116834
2.393	-0.116559
2.394	-0.116284
2.395	-0.116009
2.396	-0.115733
2.397	-0.115457
2.398	-0.11518
2.399	-0.114904
2.4	-0.114627
2.401	-0.114349
2.402	-0.114072
2.403	-0.113794
2.404	-0.113515
2.405	-0.113237
2.406	-0.112958
2.407	-0.112679
2.408	-0.112399
2.409	-0.11212
2.41	-0.111839
2.411	-0.111559
2.412	-0.111278
2.413	-0.110997
2.414	-0.110716
2.415	-0.110435
2.416	-0.110153
2.417	-0.109871
2.418	-0.109588
2.419	-0.109305
2.42	-0.109022
2.421	-0.108739
2.422	-0.108456
2.423	-0.108172
2.424	-0.107888
2.425	-0.107603
2.426	-0.107318
2.427	-0.107034
2.428	-0.106748
2.429	-0.106463
2.43	-0.106177
2.431	-0.105891
2.432	-0.105605
2.433	-0.105318
2.434	-0.105031
2.435	-0.104744
2.436	-0.104457
2.437	-0.104169
2.438	-0.103881
2.439	-0.103593
2.44	-0.103304
2.441	-0.103016
2.442	-0.102727
2.443	-0.102437
2.444	-0.102148
2.445	-0.101858
2.446	-0.101568
2.447	-0.101278
2.448	-0.100987
2.449	-0.100697
2.45	-0.100406
2.451	-0.100114
2.452	-0.099823
2.453	-0.0995313
2.454	-0.0992393
2.455	-0.0989471
2.456	-0.0986547
2.457	-0.098362
2.458	-0.0980691
2.459	-0.0977759
2.46	-0.0974825
2.461	-0.0971889
2.462	-0.0968951
2.463	-0.096601
2.464	-0.0963067
2.465	-0.0960121
2.466	-0.0957173
2.467	-0.0954224
2.468	-0.0951271
2.469	-0.0948317
2.47	-0.094536
2.471	-0.0942402
2.472	-0.0939441
2.473	-0.0936477
2.474	-0.0933512
2.475	-0.0930545
2.476	-0.0927575
2.477	-0.0924603
2.478	-0.0921629
2.479	-0.0918653
2.48	-0.0915675
2.481	-0.0912695
2.482	-0.0909713
2.483	-0.0906729
2.484	-0.0903743
2.485	-0.0900754
2.486	-0.0897764
2.487	-0.0894772
2.488	-0.0891778
2.489	-0.0888782
2.49	-0.0885783
2.491	-0.0882783
2.492	-0.0879781
2.493	-0.0876777
2.494	-0.0873772
2.495	-0.0870764
2.496	-0.0867754
2.497	-0.0864743
2.498	-0.0861729
2.499	-0.0858714
2.5	-0.0855697
2.501	-0.0852679
2.502	-0.0849658
2.503	-0.0846636
2.504	-0.0843612
2.505	-0.0840586
2.506	-0.0837558
2.507	-0.0834529
2.508	-0.0831498
2.509	-0.0828465
2.51	-0.0825431
2.511	-0.0822394
2.512	-0.0819357
2.513	-0.0816317
2.514	-0.0813276
2.515	-0.0810233
2.516	-0.0807189
2.517	-0.0804143
2.518	-0.0801096
2.519	-0.0798047
2.52	-0.0794996
2.521	-0.0791944
2.522	-0.078889
2.523	-0.0785835
2.524	-0.0782778
2.525	-0.077972
2.526	-0.077666
2.527	-0.0773599
2.528	-0.0770536
2.529	-0.0767472
2.53	-0.0764407
2.531	-0.076134
2.532	-0.0758272
2.533	-0.0755202
2.534	-0.0752131
2.535	-0.0749058
2.536	-0.0745985
2.537	-0.0742909
2.538	-0.0739833
2.539	-0.0736755
2.54	-0.0733676
2.541	-0.0730596
2.542	-0.0727514
2.543	-0.0724431
2.544	-0.0721347
2.545	-0.0718262
2.546	-0.0715175
2.547	-0.0712088
2.548	-0.0708999
2.549	-0.0705908
2.55	-0.0702817
2.551	-0.0699725
2.552	-0.0696631
2.553	-0.0693536
2.554	-0.0690441
2.555	-0.0687344
2.556	-0.0684246
2.557	-0.0681147
2.558	-0.0678046
2.559	-0.0674945
2.56	-0.0671843
2.561	-0.066874
2.562	-0.0665635
2.563	-0.066253
2.564	-0.0659424
2.565	-0.0656317
2.566	-0.0653209
2.567	-0.06501
2.568	-0.064699
2.569	-0.0643879
2.57	-0.0640767
2.571	-0.0637654
2.572	-0.063454
2.573	-0.0631426
2.574	-0.0628311
2.575	-0.0625195
2.576	-0.0622078
2.577	-0.061896
2.578	-0.0615841
2.579	-0.0612722
2.58	-0.0609602
2.581	-0.0606481
2.582	-0.0603359
2.583	-0.0600237
2.584	-0.0597114
2.585	-0.059399
2.586	-0.0590865
2.587	-0.058774
2.588	-0.0584615
2.589	-0.0581488
2.59	-0.0578361
2.591	-0.0575233
2.592	-0.0572105
2.593	-0.0568976
2.594	-0.0565846
2.595	-0.0562716
2.596	-0.0559586
2.597	-0.0556454
2.598	-0.0553323
2.599	-0.055019
2.6	-0.0547057
2.601	-0.0543924
2.602	-0.054079
2.603	-0.0537656
2.604	-0.0534521
2.605	-0.0531386
2.606	-0.0528251
2.607	-0.0525115
2.608	-0.0521978
2.609	-0.0518842
2.61	-0.0515704
2.611	-0.0512567
2.612	-0.0509429
2.613	-0.0506291
2.614	-0.0503152
2.615	-0.0500013
2.616	-0.0496874
2.617	-0.0493735
2.618	-0.0490595
2.619	-0.0487455
2.62	-0.0484315
2.621	-0.0481174
2.622	-0.0478034
2.623	-0.0474893
2.624	-0.0471752
2.625	-0.046861
2.626	-0.0465469
2.627	-0.0462327
2.628	-0.0459186
2.629	-0.0456044
2.63	-0.0452902
2.631	-0.044976
2.632	-0.0446618
2.633	-0.0443475
2.634	-0.0440333
2.635	-0.0437191
2.636	-0.0434048
2.637	-0.0430906
2.638	-0.0427763
2.639	-0.0424621
2.64	-0.0421478
2.641	-0.0418336
2.642	-0.0415193
2.643	-0.0412051
2.644	-0.0408909
2.645	-0.0405767
2.646	-0.0402625
2.647	-0.0399483
2.648	-0.0396341
2.649	-0.0393199
2.65	-0.0390057
2.651	-0.0386916
2.652	-0.0383775
2.653	-0.0380633
2.654	-0.0377492
2.655	-0.0374352
2.656	-0.0371211
2.657	-0.0368071
2.658	-0.0364931
2.659	-0.0361791
2.66	-0.0358652
2.661	-0.0355512
2.662	-0.0352374
2.663	-0.0349235
2.664	-0.0346097
2.665	-0.0342959
2.666	-0.0339821
2.667	-0.0336684
2.668	-0.0333547
2.669	-0.033041
2.67	-0.0327274
2.671	-0.0324139
2.672	-0.0321003
2.673	-0.0317869
2.674	-0.0314734
2.675	-0.03116
2.676	-0.0308467
2.677	-0.0305334
2.678	-0.0302201
2.679	-0.0299069
2.68	-0.0295938
2.681	-0.0292807
2.682	-0.0289677
2.683	-0.0286547
2.684	-0.0283418
2.685	-0.0280289
2.686	-0.0277161
2.687	-0.0274034
2.688	-0.0270907
2.689	-0.0267781
2.69	-0.0264656
2.691	-0.0261531
2.692	-0.0258407
2.693	-0.0255283
2.694	-0.025216
2.695	-0.0249038
2.696	-0.0245917
2.697	-0.0242797
2.698	-0.0239677
2.699	-0.0236558
2.7	-0.023344
2.701	-0.0230322
2.702	-0.0227206
2.703	-0.022409
2.704	-0.0220975
2.705	-0.0217861
2.706	-0.0214747
2.707	-0.0211635
2.708	-0.0208523
2.709	-0.0205413
2.71	-0.0202303
2.711	-0.0199194
2.712	-0.0196086
2.713	-0.0192979
2.714	-0.0189873
2.715	-0.0186768
2.716	-0.0183664
2.717	-0.0180561
2.718	-0.0177459
2.719	-0.0174358
2.72	-0.0171258
2.721	-0.0168159
2.722	-0.0165061
2.723	-0.0161964
2.724	-0.0158868
2.725	-0.0155774
2.726	-0.015268
2.727	-0.0149588
2.728	-0.0146496
2.729	-0.0143406
2.73	-0.0140317
2.731	-0.0137229
2.732	-0.0134142
2.733	-0.0131057
2.734	-0.0127973
2.735	-0.012489
2.736	-0.0121808
2.737	-0.0118727
2.738	-0.0115648
2.739	-0.011257
2.74	-0.0109493
2.741	-0.0106417
2.742	-0.0103343
2.743	-0.010027
2.744	-0.00971986
2.745	-0.00941284
2.746	-0.00910595
2.747	-0.0087992
2.748	-0.00849258
2.749	-0.00818611
2.75	-0.00787977
2.751	-0.00757358
2.752	-0.00726752
2.753	-0.00696161
2.754	-0.00665585
2.755	-0.00635023
2.756	-0.00604476
2.757	-0.00573944
2.758	-0.00543427
2.759	-0.00512924
2.76	-0.00482438
2.761	-0.00451966
2.762	-0.0042151
2.763	-0.00391069
2.764	-0.00360644
2.765	-0.00330235
2.766	-0.00299842
2.767	-0.00269465
2.768	-0.00239105
2.769	-0.0020876
2.77	-0.00178432
2.771	-0.0014812
2.772	-0.00117826
2.773	-0.000875475
2.774	-0.000572863
2.775	-0.000270421
2.776	3.18486e-05
2.777	0.000333946
2.778	0.000635869
2.779	0.000937618
2.78	0.00123919
2.781	0.00154058
2.782	0.0018418
2.783	0.00214284
2.784	0.00244369
2.785	0.00274437
2.786	0.00304486
2.787	0.00334516
2.788	0.00364528
2.789	0.00394521
2.79	0.00424496
2.791	0.00454451
2.792	0.00484388
2.793	0.00514305
2.794	0.00544203
2.795	0.00574081
2.796	0.0060394
2.797	0.0063378
2.798	0.006636
2.799	0.00693399
2.8	0.00723179
2.801	0.00752939
2.802	0.00782678
2.803	0.00812397
2.804	0.00842096
2.805	0.00871774
2.806	0.00901432
2.807	0.00931068
2.808	0.00960684
2.809	0.00990278
2.81	0.0101985
2.811	0.010494
2.812	0.0107893
2.813	0.0110844
2.814	0.0113793
2.815	0.011674
2.816	0.0119684
2.817	0.0122626
2.818	0.0125566
2.819	0.0128504
2.82	0.013144
2.821	0.0134373
2.822	0.0137304
2.823	0.0140233
2.824	0.0143159
2.825	0.0146084
2.826	0.0149006
2.827	0.0151925
2.828	0.0154842
2.829	0.0157757
2.83	0.016067
2.831	0.016358
2.832	0.0166488
2.833	0.0169394
2.834	0.0172297
2.835	0.0175197
2.836	0.0178096
2.837	0.0180992
2.838	0.0183885
2.839	0.0186776
2.84	0.0189664
2.841	0.0192551
2.842	0.0195434
2.843	0.0198315
2.844	0.0201194
2.845	0.020407
2.846	0.0206943
2.847	0.0209814
2.848	0.0212683
2.849	0.0215549
2.85	0.0218412
2.851	0.0221273
2.852	0.0224131
2.853	0.0226986
2.854	0.0229839
2.855	0.023269
2.856	0.0235537
2.857	0.0238382
2.858	0.0241225
2.859	0.0244064
2.86	0.0246901
2.861	0.0249735
2.862	0.0252567
2.863	0.0255396
2.864	0.0258222
2.865	0.0261045
2.866	0.0263866
2.867	0.0266684
2.868	0.0269499
2.869	0.0272312
2.87	0.0275121
2.871	0.0277928
2.872	0.0280732
2.873	0.0283533
2.874	0.0286331
2.875	0.0289127
2.876	0.0291919
2.877	0.0294709
2.878	0.0297496
2.879	0.030028
2.88	0.0303061
2.881	0.0305839
2.882	0.0308614
2.883	0.0311386
2.884	0.0314156
2.885	0.0316922
2.886	0.0319686
2.887	0.0322446
2.888	0.0325203
2.889	0.0327958
2.89	0.0330709
2.891	0.0333458
2.892	0.0336203
2.893	0.0338946
2.894	0.0341685
2.895	0.0344421
2.896	0.0347154
2.897	0.0349884
2.898	0.0352611
2.899	0.0355335
2.9	0.0358056
2.901	0.0360774
2.902	0.0363488
2.903	0.03662
2.904	0.0368908
2.905	0.0371613
2.906	0.0374315
2.907	0.0377014
2.908	0.0379709
2.909	0.0382402
2.91	0.0385091
2.911	0.0387777
2.912	0.0390459
2.913	0.0393139
2.914	0.0395815
2.915	0.0398488
2.916	0.0401157
2.917	0.0403824
2.918	0.0406487
2.919	0.0409146
2.92	0.0411803
2.921	0.0414456
2.922	0.0417105
2.923	0.0419752
2.924	0.0422395
2.925	0.0425034
2.926	0.0427671
2.927	0.0430304
2.928	0.0432933
2.929	0.0435559
2.93	0.0438182
2.931	0.0440801
2.932	0.0443417
2.933	0.0446029
2.934	0.0448638
2.935	0.0451243
2.936	0.0453845
2.937	0.0456444
2.938	0.0459038
2.939	0.046163
2.94	0.0464218
2.941	0.0466802
2.942	0.0469383
2.943	0.047196
2.944	0.0474534
2.945	0.0477104
2.946	0.047967
2.947	0.0482233
2.948	0.0484793
2.949	0.0487349
2.95	0.0489901
2.951	0.0492449
2.952	0.0494994
2.953	0.0497535
2.954	0.0500073
2.955	0.0502607
2.956	0.0505137
2.957	0.0507664
2.958	0.0510186
2.959	0.0512706
2.96	0.0515221
2.961	0.0517733
2.962	0.0520241
2.963	0.0522745
2.964	0.0525245
2.965	0.0527742
2.966	0.0530235
2.967	0.0532724
2.968	0.0535209
2.969	0.0537691
2.97	0.0540169
2.971	0.0542643
2.972	0.0545113
2.973	0.0547579
2.974	0.0550042
2.975	0.05525
2.976	0.0554955
2.977	0.0557406
2.978	0.0559853
2.979	0.0562296
2.98	0.0564735
2.981	0.056717
2.982	0.0569601
2.983	0.0572029
2.984	0.0574452
2.985	0.0576872
2.986	0.0579287
2.987	0.0581699
2.988	0.0584106
2.989	0.058651
2.99	0.058891
2.991	0.0591305
2.992	0.0593697
2.993	0.0596084
2.994	0.0598468
2.995	0.0600847
2.996	0.0603223
2.997	0.0605594
2.998	0.0607961
2.999	0.0610325
3	0.0612684
3.001	0.0615039
3.002	0.061739
3.003	0.0619737
3.004	0.062208
3.005	0.0624418
3.006	0.0626753
3.007	0.0629083
3.008	0.0631409
3.009	0.0633731
3.01	0.0636049
3.011	0.0638363
3.012	0.0640672
3.013	0.0642977
3.014	0.0645278
3.015	0.0647575
3.016	0.0649868
3.017	0.0652156
3.018	0.065444
3.019	0.065672
3.02	0.0658996
3.021	0.0661267
3.022	0.0663534
3.023	0.0665797
3.024	0.0668056
3.025	0.067031
3.026	0.067256
3.027	0.0674805
3.028	0.0677046
3.029	0.0679283
3.03	0.0681516
3.031	0.0683744
3.032	0.0685968
3.033	0.0688187
3.034	0.0690403
3.035	0.0692613
3.036	0.069482
3.037	0.0697021
3.038	0.0699219
3.039	0.0701412
3.04	0.0703601
3.041	0.0705785
3.042	0.0707965
3.043	0.071014
3.044	0.0712311
3.045	0.0714477
3.046	0.0716639
3.047	0.0718797
3.048	0.072095
3.049	0.0723098
3.05	0.0725242
3.051	0.0727381
3.052	0.0729516
3.053	0.0731647
3.054	0.0733772
3.055	0.0735894
3.056	0.073801
3.057	0.0740123
3.058	0.074223
3.059	0.0744333
3.06	0.0746431
3.061	0.0748525
3.062	0.0750614
3.063	0.0752699
3.064	0.0754779
3.065	0.0756854
3.066	0.0758925
3.067	0.0760991
3.068	0.0763053
3.069	0.0765109
3.07	0.0767161
3.071	0.0769209
3.072	0.0771252
3.073	0.077329
3.074	0.0775323
3.075	0.0777352
3.076	0.0779376
3.077	0.0781395
3.078	0.0783409
3.079	0.0785419
3.08	0.0787424
3.081	0.0789424
3.082	0.079142
3.083	0.0793411
3.084	0.0795396
3.085	0.0797378
3.086	0.0799354
3.087	0.0801326
3.088	0.0803292
3.089	0.0805254
3.09	0.0807212
3.091	0.0809164
3.092	0.0811112
3.093	0.0813054
3.094	0.0814992
3.095	0.0816925
3.096	0.0818853
3.097	0.0820776
3.098	0.0822695
3.099	0.0824608
3.1	0.0826517
3.101	0.0828421
3.102	0.083032
3.103	0.0832214
3.104	0.0834103
3.105	0.0835987
3.106	0.0837866
3.107	0.083974
3.108	0.0841609
3.109	0.0843474
3.11	0.0845333
3.111	0.0847187
3.112	0.0849037
3.113	0.0850881
3.114	0.0852721
3.115	0.0854555
3.116	0.0856385
3.117	0.0858209
3.118	0.0860029
3.119	0.0861843
3.12	0.0863652
3.121	0.0865457
3.122	0.0867256
3.123	0.086905
3.124	0.087084
3.125	0.0872624
3.126	0.0874403
3.127	0.0876177
3.128	0.0877946
3.129	0.087971
3.13	0.0881469
3.131	0.0883222
3.132	0.0884971
3.133	0.0886714
3.134	0.0888453
3.135	0.0890186
3.136	0.0891914
3.137	0.0893637
3.138	0.0895355
3.139	0.0897067
3.14	0.0898775
3.141	0.0900477
3.142	0.0902174
3.143	0.0903866
3.144	0.0905553
3.145	0.0907235
3.146	0.0908911
3.147	0.0910582
3.148	0.0912248
3.149	0.0913909
3.15	0.0915565
3.151	0.0917215
3.152	0.091886
3.153	0.09205
3.154	0.0922135
3.155	0.0923764
3.156	0.0925388
3.157	0.0927007
3.158	0.0928621
3.159	0.0930229
3.16	0.0931832
3.161	0.093343
3.162	0.0935023
3.163	0.093661
3.164	0.0938192
3.165	0.0939768
3.166	0.0941339
3.167	0.0942905
3.168	0.0944466
3.169	0.0946021
3.17	0.0947571
3.171	0.0949116
3.172	0.0950655
3.173	0.0952189
3.174	0.0953718
3.175	0.0955241
3.176	0.0956759
3.177	0.0958271
3.178	0.0959778
3.179	0.096128
3.18	0.0962776
3.181	0.0964267
3.182	0.0965752
3.183	0.0967232
3.184	0.0968707
3.185	0.0970176
3.186	0.097164
3.187	0.0973098
3.188	0.0974551
3.189	0.0975999
3.19	0.0977441
3.191	0.0978877
3.192	0.0980308
3.193	0.0981734
3.194	0.0983154
3.195	0.0984569
3.196	0.0985978
3.197	0.0987382
3.198	0.098878
3.199	0.0990173
3.2	0.099156
3.201	0.0992942
3.202	0.0994318
3.203	0.0995689
3.204	0.0997054
3.205	0.0998414
3.206	0.0999768
3.207	0.100112
3.208	0.100246
3.209	0.10038
3.21	0.100513
3.211	0.100646
3.212	0.100778
3.213	0.100909
3.214	0.10104
3.215	0.101171
3.216	0.1013
3.217	0.10143
3.218	0.101558
3.219	0.101687
3.22	0.101814
3.221	0.101941
3.222	0.102068
3.223	0.102194
3.224	0.102319
3.225	0.102444
3.226	0.102568
3.227	0.102692
3.228	0.102815
3.229	0.102938
3.23	0.10306
3.231	0.103181
3.232	0.103302
3.233	0.103422
3.234	0.103542
3.235	0.103661
3.236	0.10378
3.237	0.103898
3.238	0.104015
3.239	0.104132
3.24	0.104248
3.241	0.104364
3.242	0.104479
3.243	0.104594
3.244	0.104708
3.245	0.104822
3.246	0.104934
3.247	0.105047
3.248	0.105159
3.249	0.10527
3.25	0.10538
3.251	0.10549
3.252	0.1056
3.253	0.105709
3.254	0.105817
3.255	0.105925
3.256	0.106032
3.257	0.106139
3.258	0.106245
3.259	0.10635
3.26	0.106455
3.261	0.106559
3.262	0.106663
3.263	0.106766
3.264	0.106869
3.265	0.106971
3.266	0.107072
3.267	0.107173
3.268	0.107273
3.269	0.107373
3.27	0.107472
3.271	0.10757
3.272	0.107668
3.273	0.107765
3.274	0.107862
3.275	0.107958
3.276	0.108054
3.277	0.108149
3.278	0.108243
3.279	0.108337
3.28	0.10843
3.281	0.108523
3.282	0.108615
3.283	0.108707
3.284	0.108798
3.285	0.108888
3.286	0.108978
3.287	0.109067
3.288	0.109155
3.289	0.109243
3.29	0.109331
3.291	0.109417
3.292	0.109504
3.293	0.109589
3.294	0.109674
3.295	0.109759
3.296	0.109843
3.297	0.109926
3.298	0.110009
3.299	0.110091
3.3	0.110172
3.301	0.110253
3.302	0.110333
3.303	0.110413
3.304	0.110492
3.305	0.110571
3.306	0.110649
3.307	0.110726
3.308	0.110803
3.309	0.110879
3.31	0.110955
3.311	0.111029
3.312	0.111104
3.313	0.111178
3.314	0.111251
3.315	0.111323
3.316	0.111395
3.317	0.111467
3.318	0.111538
3.319	0.111608
3.32	0.111677
3.321	0.111747
3.322	0.111815
3.323	0.111883
3.324	0.11195
3.325	0.112017
3.326	0.112083
3.327	0.112148
3.328	0.112213
3.329	0.112277
3.33	0.112341
3.331	0.112404
3.332	0.112466
3.333	0.112528
3.334	0.112589
3.335	0.11265
3.336	0.11271
3.337	0.11277
3.338	0.112828
3.339	0.112887
3.34	0.112944
3.341	0.113001
3.342	0.113058
3.343	0.113114
3.344	0.113169
3.345	0.113223
3.346	0.113277
3.347	0.113331
3.348	0.113384
3.349	0.113436
3.35	0.113488
3.351	0.113539
3.352	0.113589
3.353	0.113639
3.354	0.113688
3.355	0.113737
3.356	0.113785
3.357	0.113832
3.358	0.113879
3.359	0.113925
3.36	0.11397
3.361	0.114015
3.362	0.11406
3.363	0.114104
3.364	0.114147
3.365	0.114189
3.366	0.114231
3.367	0.114273
3.368	0.114313
3.369	0.114353
3.37	0.114393
3.371	0.114432
3.372	0.11447
3.373	0.114508
3.374	0.114545
3.375	0.114581
3.376	0.114617
3.377	0.114653
3.378	0.114687
3.379	0.114721
3.38	0.114755
3.381	0.114787
3.382	0.11482
3.383	0.114851
3.384	0.114882
3.385	0.114913
3.386	0.114943
3.387	0.114972
3.388	0.115
3.389	0.115028
3.39	0.115056
3.391	0.115082
3.392	0.115108
3.393	0.115134
3.394	0.115159
3.395	0.115183
3.396	0.115207
3.397	0.11523
3.398	0.115252
3.399	0.115274
3.4	0.115296
3.401	0.115316
3.402	0.115336
3.403	0.115356
3.404	0.115375
3.405	0.115393
3.406	0.11541
3.407	0.115427
3.408	0.115444
3.409	0.115459
3.41	0.115475
3.411	0.115489
3.412	0.115503
3.413	0.115516
3.414	0.115529
3.415	0.115541
3.416	0.115553
3.417	0.115564
3.418	0.115574
3.419	0.115583
3.42	0.115592
3.421	0.115601
3.422	0.115609
3.423	0.115616
3.424	0.115622
3.425	0.115628
3.426	0.115634
3.427	0.115639
3.428	0.115643
3.429	0.115646
3.43	0.115649
3.431	0.115651
3.432	0.115653
3.433	0.115654
3.434	0.115655
3.435	0.115655
3.436	0.115654
3.437	0.115652
3.438	0.115651
3.439	0.115648
3.44	0.115645
3.441	0.115641
3.442	0.115636
3.443	0.115631
3.444	0.115626
3.445	0.11562
3.446	0.115613
3.447	0.115605
3.448	0.115597
3.449	0.115588
3.45	0.115579
3.451	0.115569
3.452	0.115559
3.453	0.115547
3.454	0.115536
3.455	0.115523
3.456	0.11551
3.457	0.115497
3.458	0.115482
3.459	0.115468
3.46	0.115452
3.461	0.115436
3.462	0.115419
3.463	0.115402
3.464	0.115384
3.465	0.115366
3.466	0.115347
3.467	0.115327
3.468	0.115307
3.469	0.115286
3.47	0.115264
3.471	0.115242
3.472	0.115219
3.473	0.115196
3.474	0.115172
3.475	0.115147
3.476	0.115122
3.477	0.115096
3.478	0.11507
3.479	0.115043
3.48	0.115015
3.481	0.114987
3.482	0.114958
3.483	0.114928
3.484	0.114898
3.485	0.114867
3.486	0.114836
3.487	0.114804
3.488	0.114772
3.489	0.114739
3.49	0.114705
3.491	0.11467
3.492	0.114635
3.493	0.1146
3.494	0.114564
3.495	0.114527
3.496	0.114489
3.497	0.114451
3.498	0.114413
3.499	0.114373
3.5	0.114334
3.501	0.114293
3.502	0.114252
3.503	0.11421
3.504	0.114168
3.505	0.114125
3.506	0.114082
3.507	0.114038
3.508	0.113993
3.509	0.113948
3.51	0.113902
3.511	0.113855
3.512	0.113808
3.513	0.11376
3.514	0.113712
3.515	0.113663
3.516	0.113613
3.517	0.113563
3.518	0.113512
3.519	0.113461
3.52	0.113409
3.521	0.113356
3.522	0.113303
3.523	0.113249
3.524	0.113195
3.525	0.11314
3.526	0.113084
3.527	0.113028
3.528	0.112971
3.529	0.112914
3.53	0.112856
3.531	0.112797
3.532	0.112738
3.533	0.112678
3.534	0.112618
3.535	0.112556
3.536	0.112495
3.537	0.112433
3.538	0.11237
3.539	0.112306
3.54	0.112242
3.541	0.112177
3.542	0.112112
3.543	0.112046
3.544	0.11198
3.545	0.111913
3.546	0.111845
3.547	0.111777
3.548	0.111708
3.549	0.111638
3.55	0.111568
3.551	0.111498
3.552	0.111426
3.553	0.111354
3.554	0.111282
3.555	0.111209
3.556	0.111135
3.557	0.111061
3.558	0.110986
3.559	0.110911
3.56	0.110835
3.561	0.110758
3.562	0.110681
3.563	0.110603
3.564	0.110524
3.565	0.110445
3.566	0.110366
3.567	0.110285
3.568	0.110205
3.569	0.110123
3.57	0.110041
3.571	0.109958
3.572	0.109875
3.573	0.109791
3.574	0.109707
3.575	0.109622
3.576	0.109536
3.577	0.10945
3.578	0.109363
3.579	0.109276
3.58	0.109188
3.581	0.1091
3.582	0.10901
3.583	0.108921
3.584	0.10883
3.585	0.108739
3.586	0.108648
3.587	0.108556
3.588	0.108463
3.589	0.10837
3.59	0.108276
3.591	0.108182
3.592	0.108086
3.593	0.107991
3.594	0.107895
3.595	0.107798
3.596	0.1077
3.597	0.107602
3.598	0.107504
3.599	0.107405
3.6	0.107305
3.601	0.107205
3.602	0.107104
3.603	0.107002
3.604	0.1069
3.605	0.106797
3.606	0.106694
3.607	0.10659
3.608	0.106486
3.609	0.106381
3.61	0.106275
3.611	0.106169
3.612	0.106062
3.613	0.105955
3.614	0.105847
3.615	0.105739
3.616	0.105629
3.617	0.10552
3.618	0.10541
3.619	0.105299
3.62	0.105187
3.621	0.105075
3.622	0.104963
3.623	0.10485
3.624	0.104736
3.625	0.104622
3.626	0.104507
3.627	0.104391
3.628	0.104275
3.629	0.104159
3.63	0.104041
3.631	0.103924
3.632	0.103805
3.633	0.103686
3.634	0.103567
3.635	0.103447
3.636	0.103326
3.637	0.103205
3.638	0.103083
3.639	0.102961
3.64	0.102838
3.641	0.102715
3.642	0.102591
3.643	0.102466
3.644	0.102341
3.645	0.102215
3.646	0.102089
3.647	0.101962
3.648	0.101834
3.649	0.101706
3.65	0.101578
3.651	0.101448
3.652	0.101319
3.653	0.101188
3.654	0.101057
3.655	0.100926
3.656	0.100794
3.657	0.100661
3.658	0.100528
3.659	0.100394
3.66	0.10026
3.661	0.100125
3.662	0.09999
3.663	0.099854
3.664	0.0997175
3.665	0.0995804
3.666	0.0994428
3.667	0.0993046
3.668	0.0991658
3.669	0.0990265
3.67	0.0988866
3.671	0.0987461
3.672	0.0986051
3.673	0.0984636
3.674	0.0983215
3.675	0.0981788
3.676	0.0980356
3.677	0.0978918
3.678	0.0977474
3.679	0.0976025
3.68	0.0974571
3.681	0.0973111
3.682	0.0971645
3.683	0.0970174
3.684	0.0968697
3.685	0.0967215
3.686	0.0965727
3.687	0.0964234
3.688	0.0962735
3.689	0.0961231
3.69	0.0959722
3.691	0.0958206
3.692	0.0956686
3.693	0.0955159
3.694	0.0953628
3.695	0.0952091
3.696	0.0950548
3.697	0.0949
3.698	0.0947446
3.699	0.0945887
3.7	0.0944323
3.701	0.0942753
3.702	0.0941178
3.703	0.0939597
3.704	0.0938011
3.705	0.0936419
3.706	0.0934822
3.707	0.0933219
3.708	0.0931612
3.709	0.0929998
3.71	0.092838
3.711	0.0926756
3.712	0.0925126
3.713	0.0923491
3.714	0.0921851
3.715	0.0920205
3.716	0.0918554
3.717	0.0916898
3.718	0.0915236
3.719	0.0913569
3.72	0.0911897
3.721	0.0910219
3.722	0.0908536
3.723	0.0906848
3.724	0.0905154
3.725	0.0903455
3.726	0.0901751
3.727	0.0900041
3.728	0.0898326
3.729	0.0896606
3.73	0.089488
3.731	0.089315
3.732	0.0891414
3.733	0.0889672
3.734	0.0887925
3.735	0.0886174
3.736	0.0884416
3.737	0.0882654
3.738	0.0880886
3.739	0.0879113
3.74	0.0877335
3.741	0.0875552
3.742	0.0873763
3.743	0.0871969
3.744	0.087017
3.745	0.0868366
3.746	0.0866557
3.747	0.0864742
3.748	0.0862922
3.749	0.0861097
3.75	0.0859267
3.751	0.0857432
3.752	0.0855591
3.753	0.0853746
3.754	0.0851895
3.755	0.0850039
3.756	0.0848178
3.757	0.0846311
3.758	0.084444
3.759	0.0842563
3.76	0.0840682
3.761	0.0838795
3.762	0.0836903
3.763	0.0835006
3.764	0.0833104
3.765	0.0831197
3.766	0.0829285
3.767	0.0827368
3.768	0.0825445
3.769	0.0823518
3.77	0.0821585
3.771	0.0819648
3.772	0.0817705
3.773	0.0815757
3.774	0.0813805
3.775	0.0811847
3.776	0.0809884
3.777	0.0807917
3.778	0.0805944
3.779	0.0803966
3.78	0.0801984
3.781	0.0799996
3.782	0.0798003
3.783	0.0796006
3.784	0.0794003
3.785	0.0791995
3.786	0.0789983
3.787	0.0787965
3.788	0.0785943
3.789	0.0783915
3.79	0.0781883
3.791	0.0779846
3.792	0.0777804
3.793	0.0775757
3.794	0.0773705
3.795	0.0771648
3.796	0.0769586
3.797	0.0767519
3.798	0.0765448
3.799	0.0763371
3.8	0.076129
3.801	0.0759204
3.802	0.0757113
3.803	0.0755017
3.804	0.0752917
3.805	0.0750811
3.806	0.0748701
3.807	0.0746586
3.808	0.0744466
3.809	0.0742341
3.81	0.0740211
3.811	0.0738077
3.812	0.0735938
3.813	0.0733794
3.814	0.0731645
3.815	0.0729492
3.816	0.0727334
3.817	0.0725171
3.818	0.0723003
3.819	0.0720831
3.82	0.0718653
3.821	0.0716472
3.822	0.0714285
3.823	0.0712094
3.824	0.0709898
3.825	0.0707697
3.826	0.0705491
3.827	0.0703281
3.828	0.0701067
3.829	0.0698847
3.83	0.0696623
3.831	0.0694394
3.832	0.0692161
3.833	0.0689923
3.834	0.068768
3.835	0.0685433
3.836	0.0683181
3.837	0.0680925
3.838	0.0678664
3.839	0.0676398
3.84	0.0674128
3.841	0.0671853
3.842	0.0669573
3.843	0.0667289
3.844	0.0665001
3.845	0.0662708
3.846	0.066041
3.847	0.0658108
3.848	0.0655801
3.849	0.065349
3.85	0.0651174
3.851	0.0648854
3.852	0.0646529
3.853	0.06442
3.854	0.0641866
3.855	0.0639528
3.856	0.0637185
3.857	0.0634838
3.858	0.0632486
3.859	0.063013
3.86	0.0627769
3.861	0.0625404
3.862	0.0623035
3.863	0.0620661
3.864	0.0618283
3.865	0.06159
3.866	0.0613513
3.867	0.0611122
3.868	0.0608726
3.869	0.0606326
3.87	0.0603921
3.871	0.0601512
3.872	0.0599099
3.873	0.0596682
3.874	0.059426
3.875	0.0591833
3.876	0.0589403
3.877	0.0586968
3.878	0.0584529
3.879	0.0582085
3.88	0.0579637
3.881	0.0577185
3.882	0.0574729
3.883	0.0572268
3.884	0.0569803
3.885	0.0567334
3.886	0.0564861
3.887	0.0562383
3.888	0.0559901
3.889	0.0557415
3.89	0.0554925
3.891	0.0552431
3.892	0.0549932
3.893	0.0547429
3.894	0.0544922
3.895	0.0542411
3.896	0.0539895
3.897	0.0537376
3.898	0.0534852
3.899	0.0532324
3.9	0.0529792
3.901	0.0527256
3.902	0.0524716
3.903	0.0522172
3.904	0.0519623
3.905	0.0517071
3.906	0.0514514
3.907	0.0511953
3.908	0.0509389
3.909	0.050682
3.91	0.0504247
3.911	0.050167
3.912	0.0499089
3.913	0.0496504
3.914	0.0493915
3.915	0.0491322
3.916	0.0488725
3.917	0.0486124
3.918	0.0483519
3.919	0.048091
3.92	0.0478297
3.921	0.047568
3.922	0.0473059
3.923	0.0470435
3.924	0.0467806
3.925	0.0465173
3.926	0.0462536
3.927	0.0459896
3.928	0.0457252
3.929	0.0454603
3.93	0.0451951
3.931	0.0449295
3.932	0.0446635
3.933	0.0443971
3.934	0.0441303
3.935	0.0438632
3.936	0.0435956
3.937	0.0433277
3.938	0.0430594
3.939	0.0427907
3.94	0.0425217
3.941	0.0422522
3.942	0.0419824
3.943	0.0417122
3.944	0.0414416
3.945	0.0411706
3.946	0.0408993
3.947	0.0406276
3.948	0.0403555
3.949	0.0400831
3.95	0.0398102
3.951	0.039537
3.952	0.0392635
3.953	0.0389895
3.954	0.0387152
3.955	0.0384406
3.956	0.0381655
3.957	0.0378901
3.958	0.0376143
3.959	0.0373382
3.96	0.0370617
3.961	0.0367848
3.962	0.0365076
3.963	0.03623
3.964	0.0359521
3.965	0.0356738
3.966	0.0353951
3.967	0.0351161
3.968	0.0348367
3.969	0.034557
3.97	0.0342769
3.971	0.0339964
3.972	0.0337157
3.973	0.0334345
3.974	0.033153
3.975	0.0328712
3.976	0.032589
3.977	0.0323064
3.978	0.0320235
3.979	0.0317403
3.98	0.0314567
3.981	0.0311727
3.982	0.0308885
3.983	0.0306038
3.984	0.0303189
3.985	0.0300336
3.986	0.0297479
3.987	0.0294619
3.988	0.0291756
3.989	0.0288889
3.99	0.0286019
3.991	0.0283146
3.992	0.0280269
3.993	0.0277389
3.994	0.0274506
3.995	0.0271619
3.996	0.0268729
3.997	0.0265835
3.998	0.0262939
3.999	0.0260039
4	0.0257136
4.001	0.0254229
4.002	0.0251319
4.003	0.0248406
4.004	0.024549
4.005	0.024257
4.006	0.0239648
4.007	0.0236722
4.008	0.0233792
4.009	0.023086
4.01	0.0227924
4.011	0.0224986
4.012	0.0222044
4.013	0.0219098
4.014	0.021615
4.015	0.0213199
4.016	0.0210244
4.017	0.0207286
4.018	0.0204326
4.019	0.0201362
4.02	0.0198395
4.021	0.0195425
4.022	0.0192451
4.023	0.0189475
4.024	0.0186496
4.025	0.0183513
4.026	0.0180528
4.027	0.0177539
4.028	0.0174548
4.029	0.0171553
4.03	0.0168556
4.031	0.0165555
4.032	0.0162552
4.033	0.0159545
4.034	0.0156536
4.035	0.0153523
4.036	0.0150508
4.037	0.014749
4.038	0.0144468
4.039	0.0141444
4.04	0.0138417
4.041	0.0135387
4.042	0.0132354
4.043	0.0129318
4.044	0.012628
4.045	0.0123238
4.046	0.0120194
4.047	0.0117146
4.048	0.0114096
4.049	0.0111043
4.05	0.0107987
4.051	0.0104929
4.052	0.0101867
4.053	0.00988032
4.054	0.00957362
4.055	0.00926665
4.056	0.0089594
4.057	0.00865187
4.058	0.00834407
4.059	0.00803599
4.06	0.00772764
4.061	0.00741902
4.062	0.00711013
4.063	0.00680097
4.064	0.00649153
4.065	0.00618183
4.066	0.00587187
4.067	0.00556164
4.068	0.00525114
4.069	0.00494037
4.07	0.00462935
4.071	0.00431806
4.072	0.00400651
4.073	0.0036947
4.074	0.00338263
4.075	0.0030703
4.076	0.00275772
4.077	0.00244487
4.078	0.00213177
4.079	0.00181842
4.08	0.00150481
4.081	0.00119095
4.082	0.000876842
4.083	0.000562479
4.084	0.000247866
4.085	-6.69954e-05
4.086	-0.000382105
4.087	-0.000697462
4.088	-0.00101307
4.089	-0.00132891
4.09	-0.00164501
4.091	-0.00196134
4.092	-0.00227792
4.093	-0.00259474
4.094	-0.0029118
4.095	-0.0032291
4.096	-0.00354664
4.097	-0.00386441
4.098	-0.00418242
4.099	-0.00450067
4.1	-0.00481915
4.101	-0.00513787
4.102	-0.00545681
4.103	-0.00577599
4.104	-0.0060954
4.105	-0.00641504
4.106	-0.00673491
4.107	-0.007055
4.108	-0.00737533
4.109	-0.00769587
4.11	-0.00801665
4.111	-0.00833764
4.112	-0.00865886
4.113	-0.00898031
4.114	-0.00930197
4.115	-0.00962385
4.116	-0.00994595
4.117	-0.0102683
4.118	-0.0105908
4.119	-0.0109136
4.12	-0.0112365
4.121	-0.0115597
4.122	-0.0118831
4.123	-0.0122067
4.124	-0.0125305
4.125	-0.0128546
4.126	-0.0131788
4.127	-0.0135032
4.128	-0.0138279
4.129	-0.0141527
4.13	-0.0144778
4.131	-0.0148031
4.132	-0.0151285
4.133	-0.0154542
4.134	-0.0157801
4.135	-0.0161062
4.136	-0.0164324
4.137	-0.0167589
4.138	-0.0170856
4.139	-0.0174124
4.14	-0.0177395
4.141	-0.0180667
4.142	-0.0183942
4.143	-0.0187218
4.144	-0.0190497
4.145	-0.0193777
4.146	-0.0197059
4.147	-0.0200343
4.148	-0.0203629
4.149	-0.0206917
4.15	-0.0210206
4.151	-0.0213498
4.152	-0.0216791
4.153	-0.0220086
4.154	-0.0223383
4.155	-0.0226682
4.156	-0.0229982
4.157	-0.0233284
4.158	-0.0236588
4.159	-0.0239894
4.16	-0.0243202
4.161	-0.0246511
4.162	-0.0249822
4.163	-0.0253135
4.164	-0.0256449
4.165	-0.0259765
4.166	-0.0263083
4.167	-0.0266403
4.168	-0.0269724
4.169	-0.0273047
4.17	-0.0276372
4.171	-0.0279698
4.172	-0.0283026
4.173	-0.0286355
4.174	-0.0289686
4.175	-0.0293019
4.176	-0.0296353
4.177	-0.0299689
4.178	-0.0303026
4.179	-0.0306365
4.18	-0.0309706
4.181	-0.0313048
4.182	-0.0316392
4.183	-0.0319737
4.184	-0.0323083
4.185	-0.0326432
4.186	-0.0329781
4.187	-0.0333132
4.188	-0.0336485
4.189	-0.0339839
4.19	-0.0343195
4.191	-0.0346551
4.192	-0.034991
4.193	-0.035327
4.194	-0.0356631
4.195	-0.0359994
4.196	-0.0363358
4.197	-0.0366723
4.198	-0.037009
4.199	-0.0373458
4.2	-0.0376827
4.201	-0.0380198
4.202	-0.038357
4.203	-0.0386944
4.204	-0.0390319
4.205	-0.0393695
4.206	-0.0397072
4.207	-0.0400451
4.208	-0.0403831
4.209	-0.0407212
4.21	-0.0410594
4.211	-0.0413978
4.212	-0.0417363
4.213	-0.0420749
4.214	-0.0424137
4.215	-0.0427525
4.216	-0.0430915
4.217	-0.0434306
4.218	-0.0437698
4.219	-0.0441091
4.22	-0.0444486
4.221	-0.0447881
4.222	-0.0451278
4.223	-0.0454676
4.224	-0.0458075
4.225	-0.0461475
4.226	-0.0464876
4.227	-0.0468278
4.228	-0.0471681
4.229	-0.0475085
4.23	-0.0478491
4.231	-0.0481897
4.232	-0.0485305
4.233	-0.0488713
4.234	-0.0492122
4.235	-0.0495533
4.236	-0.0498944
4.237	-0.0502357
4.238	-0.050577
4.239	-0.0509184
4.24	-0.05126
4.241	-0.0516016
4.242	-0.0519433
4.243	-0.0522851
4.244	-0.052627
4.245	-0.052969
4.246	-0.0533111
4.247	-0.0536532
4.248	-0.0539955
4.249	-0.0543378
4.25	-0.0546802
4.251	-0.0550227
4.252	-0.0553653
4.253	-0.055708
4.254	-0.0560507
4.255	-0.0563936
4.256	-0.0567365
4.257	-0.0570794
4.258	-0.0574225
4.259	-0.0577656
4.26	-0.0581088
4.261	-0.0584521
4.262	-0.0587955
4.263	-0.0591389
4.264	-0.0594824
4.265	-0.059826
4.266	-0.0601696
4.267	-0.0605133
4.268	-0.0608571
4.269	-0.0612009
4.27	-0.0615448
4.271	-0.0618887
4.272	-0.0622328
4.273	-0.0625768
4.274	-0.062921
4.275	-0.0632652
4.276	-0.0636094
4.277	-0.0639538
4.278	-0.0642981
4.279	-0.0646426
4.28	-0.064987
4.281	-0.0653316
4.282	-0.0656762
4.283	-0.0660208
4.284	-0.0663655
4.285	-0.0667102
4.286	-0.067055
4.287	-0.0673998
4.288	-0.0677447
4.289	-0.0680896
4.29	-0.0684346
4.291	-0.0687796
4.292	-0.0691247
4.293	-0.0694697
4.294	-0.0698149
4.295	-0.07016
4.296	-0.0705052
4.297	-0.0708505
4.298	-0.0711958
4.299	-0.0715411
4.3	-0.0718864
4.301	-0.0722318
4.302	-0.0725772
4.303	-0.0729227
4.304	-0.0732681
4.305	-0.0736136
4.306	-0.0739592
4.307	-0.0743047
4.308	-0.0746503
4.309	-0.0749959
4.31	-0.0753415
4.311	-0.0756872
4.312	-0.0760329
4.313	-0.0763786
4.314	-0.0767243
4.315	-0.07707
4.316	-0.0774158
4.317	-0.0777615
4.318	-0.0781073
4.319	-0.0784531
4.32	-0.0787989
4.321	-0.0791447
4.322	-0.0794906
4.323	-0.0798364
4.324	-0.0801823
4.325	-0.0805281
4.326	-0.080874
4.327	-0.0812199
4.328	-0.0815657
4.329	-0.0819116
4.33	-0.0822575
4.331	-0.0826034
4.332	-0.0829493
4.333	-0.0832952
4.334	-0.0836411
4.335	-0.083987
4.336	-0.0843329
4.337	-0.0846787
4.338	-0.0850246
4.339	-0.0853705
4.34	-0.0857164
4.341	-0.0860622
4.342	-0.0864081
4.343	-0.0867539
4.344	-0.0870997
4.345	-0.0874455
4.346	-0.0877913
4.347	-0.0881371
4.348	-0.0884829
4.349	-0.0888287
4.35	-0.0891744
4.351	-0.0895201
4.352	-0.0898658
4.353	-0.0902115
4.354	-0.0905572
4.355	-0.0909028
4.356	-0.0912485
4.357	-0.0915941
4.358	-0.0919396
4.359	-0.0922852
4.36	-0.0926307
4.361	-0.0929762
4.362	-0.0933216
4.363	-0.0936671
4.364	-0.0940125
4.365	-0.0943578
4.366	-0.0947032
4.367	-0.0950485
4.368	-0.0953937
4.369	-0.095739
4.37	-0.0960842
4.371	-0.0964293
4.372	-0.0967744
4.373	-0.0971195
4.374	-0.0974646
4.375	-0.0978096
4.376	-0.0981545
4.377	-0.0984994
4.378	-0.0988443
4.379	-0.0991891
4.38	-0.0995339
4.381	-0.0998786
4.382	-0.100223
4.383	-0.100568
4.384	-0.100912
4.385	-0.101257
4.386	-0.101601
4.387	-0.101946
4.388	-0.10229
4.389	-0.102635
4.39	-0.102979
4.391	-0.103323
4.392	-0.103667
4.393	-0.104011
4.394	-0.104355
4.395	-0.104699
4.396	-0.105043
4.397	-0.105387
4.398	-0.105731
4.399	-0.106074
4.4	-0.106418
4.401	-0.106761
4.402	-0.107105
4.403	-0.107448
4.404	-0.107792
4.405	-0.108135
4.406	-0.108478
4.407	-0.108821
4.408	-0.109164
4.409	-0.109507
4.41	-0.10985
4.411	-0.110193
4.412	-0.110536
4.413	-0.110878
4.414	-0.111221
4.415	-0.111564
4.416	-0.111906
4.417	-0.112248
4.418	-0.112591
4.419	-0.112933
4.42	-0.113275
4.421	-0.113617
4.422	-0.113959
4.423	-0.114301
4.424	-0.114642
4.425	-0.114984
4.426	-0.115325
4.427	-0.115667
4.428	-0.116008
4.429	-0.11635
4.43	-0.116691
4.431	-0.117032
4.432	-0.117373
4.433	-0.117714
4.434	-0.118054
4.435	-0.118395
4.436	-0.118736
4.437	-0.119076
4.438	-0.119416
4.439	-0.119757
4.44	-0.120097
4.441	-0.120437
4.442	-0.120777
4.443	-0.121117
4.444	-0.121456
4.445	-0.121796
4.446	-0.122135
4.447	-0.122475
4.448	-0.122814
4.449	-0.123153
4.45	-0.123492
4.451	-0.123831
4.452	-0.12417
4.453	-0.124509
4.454	-0.124847
4.455	-0.125186
4.456	-0.125524
4.457	-0.125862
4.458	-0.1262
4.459	-0.126538
4.46	-0.126876
4.461	-0.127214
4.462	-0.127551
4.463	-0.127889
4.464	-0.128226
4.465	-0.128563
4.466	-0.1289
4.467	-0.129237
4.468	-0.129574
4.469	-0.129911
4.47	-0.130247
4.471	-0.130584
4.472	-0.13092
4.473	-0.131256
4.474	-0.131592
4.475	-0.131928
4.476	-0.132264
4.477	-0.132599
4.478	-0.132935
4.479	-0.13327
4.48	-0.133605
4.481	-0.13394
4.482	-0.134275
4.483	-0.134609
4.484	-0.134944
4.485	-0.135278
4.486	-0.135613
4.487	-0.135947
4.488	-0.136281
4.489	-0.136614
4.49	-0.136948
4.491	-0.137282
4.492	-0.137615
4.493	-0.137948
4.494	-0.138281
4.495	-0.138614
4.496	-0.138947
4.497	-0.139279
4.498	-0.139611
4.499	-0.139944
4.5	-0.140276
4.501	-0.140608
4.502	-0.140939
4.503	-0.141271
4.504	-0.141602
4.505	-0.141933
4.506	-0.142265
4.507	-0.142595
4.508	-0.142926
4.509	-0.143257
4.51	-0.143587
4.511	-0.143917
4.512	-0.144247
4.513	-0.144577
4.514	-0.144907
4.515	-0.145236
4.516	-0.145566
4.517	-0.145895
4.518	-0.146224
4.519	-0.146552
4.52	-0.146881
4.521	-0.147209
4.522	-0.147538
4.523	-0.147866
4.524	-0.148193
4.525	-0.148521
4.526	-0.148849
4.527	-0.149176
4.528	-0.149503
4.529	-0.14983
4.53	-0.150157
4.531	-0.150483
4.532	-0.15081
4.533	-0.151136
4.534	-0.151462
4.535	-0.151787
4.536	-0.152113
4.537	-0.152438
4.538	-0.152764
4.539	-0.153088
4.54	-0.153413
4.541	-0.153738
4.542	-0.154062
4.543	-0.154386
4.544	-0.15471
4.545	-0.155034
4.546	-0.155358
4.547	-0.155681
4.548	-0.156004
4.549	-0.156327
4.55	-0.15665
4.551	-0.156972
4.552	-0.157295
4.553	-0.157617
4.554	-0.157939
4.555	-0.15826
4.556	-0.158582
4.557	-0.158903
4.558	-0.159224
4.559	-0.159545
4.56	-0.159865
4.561	-0.160186
4.562	-0.160506
4.563	-0.160826
4.564	-0.161145
4.565	-0.161465
4.566	-0.161784
4.567	-0.162103
4.568	-0.162422
4.569	-0.162741
4.57	-0.163059
4.571	-0.163377
4.572	-0.163695
4.573	-0.164013
4.574	-0.16433
4.575	-0.164647
4.576	-0.164964
4.577	-0.165281
4.578	-0.165598
4.579	-0.165914
4.58	-0.16623
4.581	-0.166546
4.582	-0.166861
4.583	-0.167177
4.584	-0.167492
4.585	-0.167807
4.586	-0.168121
4.587	-0.168436
4.588	-0.16875
4.589	-0.169064
4.59	-0.169377
4.591	-0.169691
4.592	-0.170004
4.593	-0.170317
4.594	-0.17063
4.595	-0.170942
4.596	-0.171254
4.597	-0.171566
4.598	-0.171878
4.599	-0.172189
4.6	-0.1725
4.601	-0.172811
4.602	-0.173122
4.603	-0.173432
4.604	-0.173742
4.605	-0.174052
4.606	-0.174362
4.607	-0.174671
4.608	-0.174981
4.609	-0.175289
4.61	-0.175598
4.611	-0.175906
4.612	-0.176214
4.613	-0.176522
4.614	-0.17683
4.615	-0.177137
4.616	-0.177444
4.617	-0.177751
4.618	-0.178057
4.619	-0.178363
4.62	-0.178669
4.621	-0.178975
4.622	-0.179281
4.623	-0.179586
4.624	-0.179891
4.625	-0.180195
4.626	-0.180499
4.627	-0.180803
4.628	-0.181107
4.629	-0.181411
4.63	-0.181714
4.631	-0.182017
4.632	-0.18232
4.633	-0.182622
4.634	-0.182924
4.635	-0.183226
4.636	-0.183527
4.637	-0.183829
4.638	-0.18413
4.639	-0.18443
4.64	-0.184731
4.641	-0.185031
4.642	-0.185331
4.643	-0.18563
4.644	-0.185929
4.645	-0.186228
4.646	-0.186527
4.647	-0.186825
4.648	-0.187123
4.649	-0.187421
4.65	-0.187719
4.651	-0.188016
4.652	-0.188313
4.653	-0.188609
4.654	-0.188906
4.655	-0.189202
4.656	-0.189497
4.657	-0.189793
4.658	-0.190088
4.659	-0.190383
4.66	-0.190677
4.661	-0.190972
4.662	-0.191265
4.663	-0.191559
4.664	-0.191852
4.665	-0.192145
4.666	-0.192438
4.667	-0.19273
4.668	-0.193023
4.669	-0.193314
4.67	-0.193606
4.671	-0.193897
4.672	-0.194188
4.673	-0.194478
4.674	-0.194769
4.675	-0.195058
4.676	-0.195348
4.677	-0.195637
4.678	-0.195926
4.679	-0.196215
4.68	-0.196503
4.681	-0.196791
4.682	-0.197079
4.683	-0.197366
4.684	-0.197653
4.685	-0.19794
4.686	-0.198227
4.687	-0.198513
4.688	-0.198798
4.689	-0.199084
4.69	-0.199369
4.691	-0.199654
4.692	-0.199938
4.693	-0.200222
4.694	-0.200506
4.695	-0.20079
4.696	-0.201073
4.697	-0.201356
4.698	-0.201638
4.699	-0.20192
4.7	-0.202202
4.701	-0.202484
4.702	-0.202765
4.703	-0.203046
4.704	-0.203326
4.705	-0.203606
4.706	-0.203886
4.707	-0.204166
4.708	-0.204445
4.709	-0.204723
4.71	-0.205002
4.711	-0.20528
4.712	-0.205558
4.713	-0.205835
4.714	-0.206112
4.715	-0.206389
4.716	-0.206666
4.717	-0.206942
4.718	-0.207217
4.719	-0.207493
4.72	-0.207768
4.721	-0.208043
4.722	-0.208317
4.723	-0.208591
4.724	-0.208864
4.725	-0.209138
4.726	-0.209411
4.727	-0.209683
4.728	-0.209956
4.729	-0.210227
4.73	-0.210499
4.731	-0.21077
4.732	-0.211041
4.733	-0.211311
4.734	-0.211582
4.735	-0.211851
4.736	-0.212121
4.737	-0.21239
4.738	-0.212658
4.739	-0.212927
4.74	-0.213195
4.741	-0.213462
4.742	-0.213729
4.743	-0.213996
4.744	-0.214263
4.745	-0.214529
4.746	-0.214795
4.747	-0.21506
4.748	-0.215325
4.749	-0.21559
4.75	-0.215854
4.751	-0.216118
4.752	-0.216382
4.753	-0.216645
4.754	-0.216908
4.755	-0.21717
4.756	-0.217432
4.757	-0.217694
4.758	-0.217955
4.759	-0.218216
4.76	-0.218477
4.761	-0.218737
4.762	-0.218997
4.763	-0.219257
4.764	-0.219516
4.765	-0.219774
4.766	-0.220033
4.767	-0.220291
4.768	-0.220548
4.769	-0.220805
4.77	-0.221062
4.771	-0.221319
4.772	-0.221575
4.773	-0.22183
4.774	-0.222086
4.775	-0.222341
4.776	-0.222595
4.777	-0.222849
4.778	-0.223103
4.779	-0.223356
4.78	-0.223609
4.781	-0.223862
4.782	-0.224114
4.783	-0.224366
4.784	-0.224617
4.785	-0.224868
4.786	-0.225119
4.787	-0.225369
4.788	-0.225619
4.789	-0.225868
4.79	-0.226118
4.791	-0.226366
4.792	-0.226614
4.793	-0.226862
4.794	-0.22711
4.795	-0.227357
4.796	-0.227604
4.797	-0.22785
4.798	-0.228096
4.799	-0.228341
4.8	-0.228586
4.801	-0.228831
4.802	-0.229075
4.803	-0.229319
4.804	-0.229563
4.805	-0.229806
4.806	-0.230048
4.807	-0.230291
4.808	-0.230533
4.809	-0.230774
4.81	-0.231015
4.811	-0.231256
4.812	-0.231496
4.813	-0.231736
4.814	-0.231975
4.815	-0.232214
4.816	-0.232453
4.817	-0.232691
4.818	-0.232929
4.819	-0.233166
4.82	-0.233403
4.821	-0.23364
4.822	-0.233876
4.823	-0.234111
4.824	-0.234347
4.825	-0.234582
4.826	-0.234816
4.827	-0.23505
4.828	-0.235284
4.829	-0.235517
4.83	-0.23575
4.831	-0.235982
4.832	-0.236214
4.833	-0.236446
4.834	-0.236677
4.835	-0.236908
4.836	-0.237138
4.837	-0.237368
4.838	-0.237597
4.839	-0.237826
4.84	-0.238055
4.841	-0.238283
4.842	-0.238511
4.843	-0.238738
4.844	-0.238965
4.845	-0.239191
4.846	-0.239417
4.847	-0.239643
4.848	-0.239868
4.849	-0.240093
4.85	-0.240317
4.851	-0.240541
4.852	-0.240765
4.853	-0.240988
4.854	-0.24121
4.855	-0.241432
4.856	-0.241654
4.857	-0.241875
4.858	-0.242096
4.859	-0.242317
4.86	-0.242537
4.861	-0.242756
4.862	-0.242975
4.863	-0.243194
4.864	-0.243412
4.865	-0.24363
4.866	-0.243848
4.867	-0.244064
4.868	-0.244281
4.869	-0.244497
4.87	-0.244713
4.871	-0.244928
4.872	-0.245143
4.873	-0.245357
4.874	-0.245571
4.875	-0.245784
4.876	-0.245997
4.877	-0.24621
4.878	-0.246422
4.879	-0.246633
4.88	-0.246845
4.881	-0.247055
4.882	-0.247266
4.883	-0.247476
4.884	-0.247685
4.885	-0.247894
4.886	-0.248102
4.887	-0.24831
4.888	-0.248518
4.889	-0.248725
4.89	-0.248932
4.891	-0.249138
4.892	-0.249344
4.893	-0.249549
4.894	-0.249754
4.895	-0.249959
4.896	-0.250163
4.897	-0.250366
4.898	-0.250569
4.899	-0.250772
4.9	-0.250974
4.901	-0.251176
4.902	-0.251377
4.903	-0.251578
4.904	-0.251778
4.905	-0.251978
4.906	-0.252178
4.907	-0.252377
4.908	-0.252575
4.909	-0.252773
4.91	-0.252971
4.911	-0.253168
4.912	-0.253365
4.913	-0.253561
4.914	-0.253757
4.915	-0.253952
4.916	-0.254147
4.917	-0.254341
4.918	-0.254535
4.919	-0.254729
4.92	-0.254922
4.921	-0.255114
4.922	-0.255306
4.923	-0.255498
4.924	-0.255689
4.925	-0.25588
4.926	-0.25607
4.927	-0.25626
4.928	-0.256449
4.929	-0.256638
4.93	-0.256826
4.931	-0.257014
4.932	-0.257201
4.933	-0.257388
4.934	-0.257574
4.935	-0.25776
4.936	-0.257946
4.937	-0.258131
4.938	-0.258316
4.939	-0.2585
4.94	-0.258683
4.941	-0.258866
4.942	-0.259049
4.943	-0.259231
4.944	-0.259413
4.945	-0.259594
4.946	-0.259775
4.947	-0.259955
4.948	-0.260135
4.949	-0.260314
4.95	-0.260493
4.951	-0.260672
4.952	-0.260849
4.953	-0.261027
4.954	-0.261204
4.955	-0.26138
4.956	-0.261556
4.957	-0.261732
4.958	-0.261907
4.959	-0.262081
4.96	-0.262255
4.961	-0.262429
4.962	-0.262602
4.963	-0.262775
4.964	-0.262947
4.965	-0.263119
4.966	-0.26329
4.967	-0.26346
4.968	-0.263631
4.969	-0.2638
4.97	-0.26397
4.971	-0.264138
4.972	-0.264307
4.973	-0.264474
4.974	-0.264642
4.975	-0.264808
4.976	-0.264975
4.977	-0.265141
4.978	-0.265306
4.979	-0.265471
4.98	-0.265635
4.981	-0.265799
4.982	-0.265962
4.983	-0.266125
4.984	-0.266288
4.985	-0.26645
4.986	-0.266611
4.987	-0.266772
4.988	-0.266932
4.989	-0.267092
4.99	-0.267252
4.991	-0.267411
4.992	-0.267569
4.993	-0.267727
4.994	-0.267885
4.995	-0.268042
4.996	-0.268198
4.997	-0.268354
4.998	-0.26851
4.999	-0.268665
5	-0.268819
