# mu=0.3
# lamb=0
# N=14
# m=0
# dim=3432
# T=5
# dt=0.001

# t 	 <S_z,1>
0	-0.5
0.001	-0.5
0.002	-0.499998
0.003	-0.499996
0.004	-0.499992
0.005	-0.499988
0.006	-0.499982
0.007	-0.499976
0.008	-0.499968
0.009	-0.49996
0.01	-0.49995
0.011	-0.49994
0.012	-0.499928
0.013	-0.499916
0.014	-0.499902
0.015	-0.499888
0.016	-0.499872
0.017	-0.499856
0.018	-0.499838
0.019	-0.49982
0.02	-0.4998
0.021	-0.49978
0.022	-0.499758
0.023	-0.499736
0.024	-0.499712
0.025	-0.499688
0.026	-0.499662
0.027	-0.499636
0.028	-0.499608
0.029	-0.49958
0.03	-0.49955
0.031	-0.49952
0.032	-0.499488
0.033	-0.499456
0.034	-0.499422
0.035	-0.499388
0.036	-0.499352
0.037	-0.499316
0.038	-0.499278
0.039	-0.49924
0.04	-0.4992
0.041	-0.49916
0.042	-0.499118
0.043	-0.499076
0.044	-0.499032
0.045	-0.498988
0.046	-0.498943
0.047	-0.498896
0.048	-0.498849
0.049	-0.4988
0.05	-0.498751
0.051	-0.4987
0.052	-0.498649
0.053	-0.498597
0.054	-0.498543
0.055	-0.498489
0.056	-0.498433
0.057	-0.498377
0.058	-0.498319
0.059	-0.498261
0.06	-0.498202
0.061	-0.498141
0.062	-0.49808
0.063	-0.498018
0.064	-0.497954
0.065	-0.49789
0.066	-0.497824
0.067	-0.497758
0.068	-0.497691
0.069	-0.497622
0.07	-0.497553
0.071	-0.497483
0.072	-0.497411
0.073	-0.497339
0.074	-0.497266
0.075	-0.497192
0.076	-0.497116
0.077	-0.49704
0.078	-0.496963
0.079	-0.496885
0.08	-0.496805
0.081	-0.496725
0.082	-0.496644
0.083	-0.496562
0.084	-0.496478
0.085	-0.496394
0.086	-0.496309
0.087	-0.496223
0.088	-0.496136
0.089	-0.496048
0.09	-0.495958
0.091	-0.495868
0.092	-0.495777
0.093	-0.495685
0.094	-0.495592
0.095	-0.495498
0.096	-0.495403
0.097	-0.495307
0.098	-0.49521
0.099	-0.495112
0.1	-0.495013
0.101	-0.494913
0.102	-0.494812
0.103	-0.49471
0.104	-0.494607
0.105	-0.494503
0.106	-0.494398
0.107	-0.494292
0.108	-0.494185
0.109	-0.494078
0.11	-0.493969
0.111	-0.493859
0.112	-0.493748
0.113	-0.493636
0.114	-0.493524
0.115	-0.49341
0.116	-0.493295
0.117	-0.49318
0.118	-0.493063
0.119	-0.492945
0.12	-0.492827
0.121	-0.492707
0.122	-0.492586
0.123	-0.492465
0.124	-0.492342
0.125	-0.492219
0.126	-0.492094
0.127	-0.491969
0.128	-0.491842
0.129	-0.491715
0.13	-0.491587
0.131	-0.491457
0.132	-0.491327
0.133	-0.491196
0.134	-0.491063
0.135	-0.49093
0.136	-0.490796
0.137	-0.490661
0.138	-0.490525
0.139	-0.490387
0.14	-0.490249
0.141	-0.49011
0.142	-0.48997
0.143	-0.489829
0.144	-0.489687
0.145	-0.489544
0.146	-0.4894
0.147	-0.489255
0.148	-0.48911
0.149	-0.488963
0.15	-0.488815
0.151	-0.488666
0.152	-0.488517
0.153	-0.488366
0.154	-0.488214
0.155	-0.488062
0.156	-0.487908
0.157	-0.487753
0.158	-0.487598
0.159	-0.487442
0.16	-0.487284
0.161	-0.487126
0.162	-0.486966
0.163	-0.486806
0.164	-0.486645
0.165	-0.486483
0.166	-0.486319
0.167	-0.486155
0.168	-0.48599
0.169	-0.485824
0.17	-0.485657
0.171	-0.485489
0.172	-0.48532
0.173	-0.48515
0.174	-0.48498
0.175	-0.484808
0.176	-0.484635
0.177	-0.484461
0.178	-0.484287
0.179	-0.484111
0.18	-0.483935
0.181	-0.483757
0.182	-0.483579
0.183	-0.483399
0.184	-0.483219
0.185	-0.483038
0.186	-0.482855
0.187	-0.482672
0.188	-0.482488
0.189	-0.482303
0.19	-0.482117
0.191	-0.48193
0.192	-0.481742
0.193	-0.481553
0.194	-0.481364
0.195	-0.481173
0.196	-0.480981
0.197	-0.480789
0.198	-0.480595
0.199	-0.4804
0.2	-0.480205
0.201	-0.480009
0.202	-0.479811
0.203	-0.479613
0.204	-0.479414
0.205	-0.479214
0.206	-0.479013
0.207	-0.478811
0.208	-0.478608
0.209	-0.478404
0.21	-0.478199
0.211	-0.477993
0.212	-0.477787
0.213	-0.477579
0.214	-0.477371
0.215	-0.477161
0.216	-0.476951
0.217	-0.476739
0.218	-0.476527
0.219	-0.476314
0.22	-0.4761
0.221	-0.475885
0.222	-0.475669
0.223	-0.475452
0.224	-0.475234
0.225	-0.475015
0.226	-0.474796
0.227	-0.474575
0.228	-0.474354
0.229	-0.474131
0.23	-0.473908
0.231	-0.473684
0.232	-0.473459
0.233	-0.473233
0.234	-0.473006
0.235	-0.472778
0.236	-0.472549
0.237	-0.472319
0.238	-0.472088
0.239	-0.471857
0.24	-0.471624
0.241	-0.471391
0.242	-0.471157
0.243	-0.470921
0.244	-0.470685
0.245	-0.470448
0.246	-0.47021
0.247	-0.469971
0.248	-0.469731
0.249	-0.469491
0.25	-0.469249
0.251	-0.469007
0.252	-0.468763
0.253	-0.468519
0.254	-0.468274
0.255	-0.468028
0.256	-0.467781
0.257	-0.467533
0.258	-0.467284
0.259	-0.467034
0.26	-0.466784
0.261	-0.466532
0.262	-0.46628
0.263	-0.466026
0.264	-0.465772
0.265	-0.465517
0.266	-0.465261
0.267	-0.465004
0.268	-0.464747
0.269	-0.464488
0.27	-0.464228
0.271	-0.463968
0.272	-0.463707
0.273	-0.463444
0.274	-0.463181
0.275	-0.462917
0.276	-0.462652
0.277	-0.462387
0.278	-0.46212
0.279	-0.461852
0.28	-0.461584
0.281	-0.461315
0.282	-0.461045
0.283	-0.460774
0.284	-0.460502
0.285	-0.460229
0.286	-0.459955
0.287	-0.459681
0.288	-0.459405
0.289	-0.459129
0.29	-0.458852
0.291	-0.458574
0.292	-0.458295
0.293	-0.458015
0.294	-0.457734
0.295	-0.457453
0.296	-0.45717
0.297	-0.456887
0.298	-0.456603
0.299	-0.456318
0.3	-0.456032
0.301	-0.455745
0.302	-0.455457
0.303	-0.455169
0.304	-0.45488
0.305	-0.454589
0.306	-0.454298
0.307	-0.454006
0.308	-0.453714
0.309	-0.45342
0.31	-0.453126
0.311	-0.45283
0.312	-0.452534
0.313	-0.452237
0.314	-0.451939
0.315	-0.45164
0.316	-0.451341
0.317	-0.45104
0.318	-0.450739
0.319	-0.450437
0.32	-0.450134
0.321	-0.44983
0.322	-0.449525
0.323	-0.44922
0.324	-0.448913
0.325	-0.448606
0.326	-0.448298
0.327	-0.447989
0.328	-0.447679
0.329	-0.447369
0.33	-0.447057
0.331	-0.446745
0.332	-0.446432
0.333	-0.446118
0.334	-0.445803
0.335	-0.445488
0.336	-0.445171
0.337	-0.444854
0.338	-0.444536
0.339	-0.444217
0.34	-0.443897
0.341	-0.443577
0.342	-0.443255
0.343	-0.442933
0.344	-0.44261
0.345	-0.442286
0.346	-0.441961
0.347	-0.441636
0.348	-0.441309
0.349	-0.440982
0.35	-0.440654
0.351	-0.440325
0.352	-0.439996
0.353	-0.439665
0.354	-0.439334
0.355	-0.439002
0.356	-0.438669
0.357	-0.438335
0.358	-0.438001
0.359	-0.437666
0.36	-0.43733
0.361	-0.436993
0.362	-0.436655
0.363	-0.436316
0.364	-0.435977
0.365	-0.435637
0.366	-0.435296
0.367	-0.434954
0.368	-0.434612
0.369	-0.434268
0.37	-0.433924
0.371	-0.433579
0.372	-0.433233
0.373	-0.432887
0.374	-0.43254
0.375	-0.432192
0.376	-0.431843
0.377	-0.431493
0.378	-0.431142
0.379	-0.430791
0.38	-0.430439
0.381	-0.430086
0.382	-0.429733
0.383	-0.429378
0.384	-0.429023
0.385	-0.428667
0.386	-0.42831
0.387	-0.427953
0.388	-0.427594
0.389	-0.427235
0.39	-0.426875
0.391	-0.426515
0.392	-0.426153
0.393	-0.425791
0.394	-0.425428
0.395	-0.425064
0.396	-0.4247
0.397	-0.424335
0.398	-0.423969
0.399	-0.423602
0.4	-0.423234
0.401	-0.422866
0.402	-0.422497
0.403	-0.422127
0.404	-0.421756
0.405	-0.421385
0.406	-0.421013
0.407	-0.42064
0.408	-0.420266
0.409	-0.419892
0.41	-0.419516
0.411	-0.419141
0.412	-0.418764
0.413	-0.418386
0.414	-0.418008
0.415	-0.417629
0.416	-0.41725
0.417	-0.416869
0.418	-0.416488
0.419	-0.416106
0.42	-0.415724
0.421	-0.41534
0.422	-0.414956
0.423	-0.414571
0.424	-0.414185
0.425	-0.413799
0.426	-0.413412
0.427	-0.413024
0.428	-0.412636
0.429	-0.412246
0.43	-0.411856
0.431	-0.411466
0.432	-0.411074
0.433	-0.410682
0.434	-0.410289
0.435	-0.409895
0.436	-0.409501
0.437	-0.409106
0.438	-0.40871
0.439	-0.408314
0.44	-0.407916
0.441	-0.407518
0.442	-0.40712
0.443	-0.40672
0.444	-0.40632
0.445	-0.405919
0.446	-0.405518
0.447	-0.405116
0.448	-0.404713
0.449	-0.404309
0.45	-0.403905
0.451	-0.403499
0.452	-0.403094
0.453	-0.402687
0.454	-0.40228
0.455	-0.401872
0.456	-0.401463
0.457	-0.401054
0.458	-0.400644
0.459	-0.400234
0.46	-0.399822
0.461	-0.39941
0.462	-0.398997
0.463	-0.398584
0.464	-0.39817
0.465	-0.397755
0.466	-0.397339
0.467	-0.396923
0.468	-0.396506
0.469	-0.396089
0.47	-0.39567
0.471	-0.395252
0.472	-0.394832
0.473	-0.394412
0.474	-0.393991
0.475	-0.393569
0.476	-0.393147
0.477	-0.392724
0.478	-0.3923
0.479	-0.391876
0.48	-0.391451
0.481	-0.391025
0.482	-0.390599
0.483	-0.390172
0.484	-0.389744
0.485	-0.389316
0.486	-0.388887
0.487	-0.388457
0.488	-0.388027
0.489	-0.387596
0.49	-0.387164
0.491	-0.386732
0.492	-0.386299
0.493	-0.385866
0.494	-0.385431
0.495	-0.384996
0.496	-0.384561
0.497	-0.384125
0.498	-0.383688
0.499	-0.383251
0.5	-0.382812
0.501	-0.382374
0.502	-0.381934
0.503	-0.381494
0.504	-0.381054
0.505	-0.380612
0.506	-0.38017
0.507	-0.379728
0.508	-0.379285
0.509	-0.378841
0.51	-0.378396
0.511	-0.377951
0.512	-0.377506
0.513	-0.377059
0.514	-0.376612
0.515	-0.376165
0.516	-0.375716
0.517	-0.375268
0.518	-0.374818
0.519	-0.374368
0.52	-0.373917
0.521	-0.373466
0.522	-0.373014
0.523	-0.372562
0.524	-0.372109
0.525	-0.371655
0.526	-0.371201
0.527	-0.370746
0.528	-0.37029
0.529	-0.369834
0.53	-0.369377
0.531	-0.36892
0.532	-0.368462
0.533	-0.368003
0.534	-0.367544
0.535	-0.367084
0.536	-0.366624
0.537	-0.366163
0.538	-0.365702
0.539	-0.365239
0.54	-0.364777
0.541	-0.364313
0.542	-0.36385
0.543	-0.363385
0.544	-0.36292
0.545	-0.362454
0.546	-0.361988
0.547	-0.361521
0.548	-0.361054
0.549	-0.360586
0.55	-0.360118
0.551	-0.359648
0.552	-0.359179
0.553	-0.358709
0.554	-0.358238
0.555	-0.357766
0.556	-0.357295
0.557	-0.356822
0.558	-0.356349
0.559	-0.355875
0.56	-0.355401
0.561	-0.354926
0.562	-0.354451
0.563	-0.353975
0.564	-0.353499
0.565	-0.353022
0.566	-0.352544
0.567	-0.352066
0.568	-0.351588
0.569	-0.351109
0.57	-0.350629
0.571	-0.350149
0.572	-0.349668
0.573	-0.349187
0.574	-0.348705
0.575	-0.348222
0.576	-0.347739
0.577	-0.347256
0.578	-0.346772
0.579	-0.346287
0.58	-0.345802
0.581	-0.345317
0.582	-0.34483
0.583	-0.344344
0.584	-0.343857
0.585	-0.343369
0.586	-0.342881
0.587	-0.342392
0.588	-0.341903
0.589	-0.341413
0.59	-0.340922
0.591	-0.340432
0.592	-0.33994
0.593	-0.339448
0.594	-0.338956
0.595	-0.338463
0.596	-0.33797
0.597	-0.337476
0.598	-0.336982
0.599	-0.336487
0.6	-0.335991
0.601	-0.335495
0.602	-0.334999
0.603	-0.334502
0.604	-0.334005
0.605	-0.333507
0.606	-0.333008
0.607	-0.33251
0.608	-0.33201
0.609	-0.33151
0.61	-0.33101
0.611	-0.330509
0.612	-0.330008
0.613	-0.329506
0.614	-0.329004
0.615	-0.328501
0.616	-0.327998
0.617	-0.327494
0.618	-0.32699
0.619	-0.326485
0.62	-0.32598
0.621	-0.325475
0.622	-0.324969
0.623	-0.324462
0.624	-0.323955
0.625	-0.323448
0.626	-0.32294
0.627	-0.322431
0.628	-0.321922
0.629	-0.321413
0.63	-0.320903
0.631	-0.320393
0.632	-0.319882
0.633	-0.319371
0.634	-0.31886
0.635	-0.318348
0.636	-0.317835
0.637	-0.317322
0.638	-0.316809
0.639	-0.316295
0.64	-0.315781
0.641	-0.315266
0.642	-0.314751
0.643	-0.314236
0.644	-0.31372
0.645	-0.313203
0.646	-0.312686
0.647	-0.312169
0.648	-0.311651
0.649	-0.311133
0.65	-0.310615
0.651	-0.310096
0.652	-0.309576
0.653	-0.309056
0.654	-0.308536
0.655	-0.308015
0.656	-0.307494
0.657	-0.306973
0.658	-0.306451
0.659	-0.305929
0.66	-0.305406
0.661	-0.304883
0.662	-0.304359
0.663	-0.303835
0.664	-0.303311
0.665	-0.302786
0.666	-0.302261
0.667	-0.301735
0.668	-0.301209
0.669	-0.300683
0.67	-0.300156
0.671	-0.299629
0.672	-0.299101
0.673	-0.298573
0.674	-0.298045
0.675	-0.297516
0.676	-0.296987
0.677	-0.296458
0.678	-0.295928
0.679	-0.295398
0.68	-0.294867
0.681	-0.294336
0.682	-0.293805
0.683	-0.293273
0.684	-0.292741
0.685	-0.292208
0.686	-0.291675
0.687	-0.291142
0.688	-0.290608
0.689	-0.290074
0.69	-0.28954
0.691	-0.289005
0.692	-0.28847
0.693	-0.287935
0.694	-0.287399
0.695	-0.286863
0.696	-0.286326
0.697	-0.28579
0.698	-0.285252
0.699	-0.284715
0.7	-0.284177
0.701	-0.283639
0.702	-0.2831
0.703	-0.282561
0.704	-0.282022
0.705	-0.281482
0.706	-0.280942
0.707	-0.280402
0.708	-0.279862
0.709	-0.279321
0.71	-0.278779
0.711	-0.278238
0.712	-0.277696
0.713	-0.277153
0.714	-0.276611
0.715	-0.276068
0.716	-0.275525
0.717	-0.274981
0.718	-0.274437
0.719	-0.273893
0.72	-0.273349
0.721	-0.272804
0.722	-0.272259
0.723	-0.271713
0.724	-0.271167
0.725	-0.270621
0.726	-0.270075
0.727	-0.269528
0.728	-0.268981
0.729	-0.268434
0.73	-0.267887
0.731	-0.267339
0.732	-0.26679
0.733	-0.266242
0.734	-0.265693
0.735	-0.265144
0.736	-0.264595
0.737	-0.264045
0.738	-0.263495
0.739	-0.262945
0.74	-0.262395
0.741	-0.261844
0.742	-0.261293
0.743	-0.260741
0.744	-0.26019
0.745	-0.259638
0.746	-0.259086
0.747	-0.258533
0.748	-0.257981
0.749	-0.257428
0.75	-0.256875
0.751	-0.256321
0.752	-0.255767
0.753	-0.255213
0.754	-0.254659
0.755	-0.254104
0.756	-0.25355
0.757	-0.252995
0.758	-0.252439
0.759	-0.251884
0.76	-0.251328
0.761	-0.250772
0.762	-0.250216
0.763	-0.249659
0.764	-0.249102
0.765	-0.248545
0.766	-0.247988
0.767	-0.24743
0.768	-0.246873
0.769	-0.246315
0.77	-0.245756
0.771	-0.245198
0.772	-0.244639
0.773	-0.24408
0.774	-0.243521
0.775	-0.242962
0.776	-0.242402
0.777	-0.241842
0.778	-0.241282
0.779	-0.240722
0.78	-0.240162
0.781	-0.239601
0.782	-0.23904
0.783	-0.238479
0.784	-0.237917
0.785	-0.237356
0.786	-0.236794
0.787	-0.236232
0.788	-0.23567
0.789	-0.235108
0.79	-0.234545
0.791	-0.233982
0.792	-0.233419
0.793	-0.232856
0.794	-0.232293
0.795	-0.231729
0.796	-0.231165
0.797	-0.230601
0.798	-0.230037
0.799	-0.229473
0.8	-0.228908
0.801	-0.228344
0.802	-0.227779
0.803	-0.227214
0.804	-0.226649
0.805	-0.226083
0.806	-0.225518
0.807	-0.224952
0.808	-0.224386
0.809	-0.22382
0.81	-0.223254
0.811	-0.222687
0.812	-0.222121
0.813	-0.221554
0.814	-0.220987
0.815	-0.22042
0.816	-0.219852
0.817	-0.219285
0.818	-0.218718
0.819	-0.21815
0.82	-0.217582
0.821	-0.217014
0.822	-0.216446
0.823	-0.215877
0.824	-0.215309
0.825	-0.21474
0.826	-0.214172
0.827	-0.213603
0.828	-0.213034
0.829	-0.212465
0.83	-0.211895
0.831	-0.211326
0.832	-0.210756
0.833	-0.210187
0.834	-0.209617
0.835	-0.209047
0.836	-0.208477
0.837	-0.207906
0.838	-0.207336
0.839	-0.206766
0.84	-0.206195
0.841	-0.205624
0.842	-0.205054
0.843	-0.204483
0.844	-0.203912
0.845	-0.203341
0.846	-0.202769
0.847	-0.202198
0.848	-0.201626
0.849	-0.201055
0.85	-0.200483
0.851	-0.199911
0.852	-0.19934
0.853	-0.198768
0.854	-0.198195
0.855	-0.197623
0.856	-0.197051
0.857	-0.196479
0.858	-0.195906
0.859	-0.195334
0.86	-0.194761
0.861	-0.194188
0.862	-0.193616
0.863	-0.193043
0.864	-0.19247
0.865	-0.191897
0.866	-0.191324
0.867	-0.190751
0.868	-0.190177
0.869	-0.189604
0.87	-0.189031
0.871	-0.188457
0.872	-0.187884
0.873	-0.18731
0.874	-0.186736
0.875	-0.186163
0.876	-0.185589
0.877	-0.185015
0.878	-0.184441
0.879	-0.183867
0.88	-0.183293
0.881	-0.182719
0.882	-0.182145
0.883	-0.181571
0.884	-0.180997
0.885	-0.180423
0.886	-0.179848
0.887	-0.179274
0.888	-0.1787
0.889	-0.178125
0.89	-0.177551
0.891	-0.176976
0.892	-0.176402
0.893	-0.175827
0.894	-0.175253
0.895	-0.174678
0.896	-0.174103
0.897	-0.173529
0.898	-0.172954
0.899	-0.172379
0.9	-0.171805
0.901	-0.17123
0.902	-0.170655
0.903	-0.17008
0.904	-0.169506
0.905	-0.168931
0.906	-0.168356
0.907	-0.167781
0.908	-0.167206
0.909	-0.166632
0.91	-0.166057
0.911	-0.165482
0.912	-0.164907
0.913	-0.164332
0.914	-0.163757
0.915	-0.163183
0.916	-0.162608
0.917	-0.162033
0.918	-0.161458
0.919	-0.160883
0.92	-0.160308
0.921	-0.159734
0.922	-0.159159
0.923	-0.158584
0.924	-0.15801
0.925	-0.157435
0.926	-0.15686
0.927	-0.156285
0.928	-0.155711
0.929	-0.155136
0.93	-0.154562
0.931	-0.153987
0.932	-0.153413
0.933	-0.152838
0.934	-0.152264
0.935	-0.151689
0.936	-0.151115
0.937	-0.150541
0.938	-0.149966
0.939	-0.149392
0.94	-0.148818
0.941	-0.148244
0.942	-0.14767
0.943	-0.147096
0.944	-0.146522
0.945	-0.145948
0.946	-0.145374
0.947	-0.1448
0.948	-0.144226
0.949	-0.143652
0.95	-0.143079
0.951	-0.142505
0.952	-0.141932
0.953	-0.141358
0.954	-0.140785
0.955	-0.140211
0.956	-0.139638
0.957	-0.139065
0.958	-0.138492
0.959	-0.137919
0.96	-0.137346
0.961	-0.136773
0.962	-0.1362
0.963	-0.135627
0.964	-0.135055
0.965	-0.134482
0.966	-0.13391
0.967	-0.133337
0.968	-0.132765
0.969	-0.132193
0.97	-0.131621
0.971	-0.131049
0.972	-0.130477
0.973	-0.129905
0.974	-0.129333
0.975	-0.128762
0.976	-0.12819
0.977	-0.127619
0.978	-0.127048
0.979	-0.126476
0.98	-0.125905
0.981	-0.125334
0.982	-0.124764
0.983	-0.124193
0.984	-0.123622
0.985	-0.123052
0.986	-0.122481
0.987	-0.121911
0.988	-0.121341
0.989	-0.120771
0.99	-0.120201
0.991	-0.119631
0.992	-0.119062
0.993	-0.118492
0.994	-0.117923
0.995	-0.117353
0.996	-0.116784
0.997	-0.116215
0.998	-0.115647
0.999	-0.115078
1	-0.114509
1.001	-0.113941
1.002	-0.113373
1.003	-0.112805
1.004	-0.112237
1.005	-0.111669
1.006	-0.111101
1.007	-0.110534
1.008	-0.109966
1.009	-0.109399
1.01	-0.108832
1.011	-0.108265
1.012	-0.107698
1.013	-0.107132
1.014	-0.106565
1.015	-0.105999
1.016	-0.105433
1.017	-0.104867
1.018	-0.104301
1.019	-0.103736
1.02	-0.10317
1.021	-0.102605
1.022	-0.10204
1.023	-0.101475
1.024	-0.100911
1.025	-0.100346
1.026	-0.0997818
1.027	-0.0992177
1.028	-0.0986537
1.029	-0.09809
1.03	-0.0975264
1.031	-0.096963
1.032	-0.0963998
1.033	-0.0958368
1.034	-0.095274
1.035	-0.0947114
1.036	-0.094149
1.037	-0.0935867
1.038	-0.0930247
1.039	-0.0924629
1.04	-0.0919013
1.041	-0.0913399
1.042	-0.0907787
1.043	-0.0902177
1.044	-0.089657
1.045	-0.0890964
1.046	-0.0885361
1.047	-0.0879759
1.048	-0.087416
1.049	-0.0868563
1.05	-0.0862968
1.051	-0.0857376
1.052	-0.0851785
1.053	-0.0846197
1.054	-0.0840611
1.055	-0.0835028
1.056	-0.0829446
1.057	-0.0823867
1.058	-0.0818291
1.059	-0.0812716
1.06	-0.0807144
1.061	-0.0801575
1.062	-0.0796007
1.063	-0.0790442
1.064	-0.078488
1.065	-0.077932
1.066	-0.0773762
1.067	-0.0768207
1.068	-0.0762654
1.069	-0.0757104
1.07	-0.0751556
1.071	-0.0746011
1.072	-0.0740469
1.073	-0.0734929
1.074	-0.0729391
1.075	-0.0723856
1.076	-0.0718324
1.077	-0.0712794
1.078	-0.0707267
1.079	-0.0701742
1.08	-0.069622
1.081	-0.0690701
1.082	-0.0685185
1.083	-0.0679671
1.084	-0.067416
1.085	-0.0668651
1.086	-0.0663146
1.087	-0.0657643
1.088	-0.0652143
1.089	-0.0646645
1.09	-0.0641151
1.091	-0.0635659
1.092	-0.063017
1.093	-0.0624684
1.094	-0.0619201
1.095	-0.0613721
1.096	-0.0608243
1.097	-0.0602769
1.098	-0.0597297
1.099	-0.0591828
1.1	-0.0586363
1.101	-0.05809
1.102	-0.057544
1.103	-0.0569983
1.104	-0.056453
1.105	-0.0559079
1.106	-0.0553631
1.107	-0.0548187
1.108	-0.0542745
1.109	-0.0537307
1.11	-0.0531871
1.111	-0.0526439
1.112	-0.052101
1.113	-0.0515584
1.114	-0.0510161
1.115	-0.0504741
1.116	-0.0499325
1.117	-0.0493911
1.118	-0.0488501
1.119	-0.0483094
1.12	-0.0477691
1.121	-0.047229
1.122	-0.0466893
1.123	-0.0461499
1.124	-0.0456109
1.125	-0.0450721
1.126	-0.0445338
1.127	-0.0439957
1.128	-0.043458
1.129	-0.0429206
1.13	-0.0423836
1.131	-0.0418469
1.132	-0.0413105
1.133	-0.0407745
1.134	-0.0402388
1.135	-0.0397035
1.136	-0.0391685
1.137	-0.0386339
1.138	-0.0380996
1.139	-0.0375657
1.14	-0.0370321
1.141	-0.0364988
1.142	-0.035966
1.143	-0.0354335
1.144	-0.0349013
1.145	-0.0343695
1.146	-0.0338381
1.147	-0.033307
1.148	-0.0327763
1.149	-0.032246
1.15	-0.031716
1.151	-0.0311864
1.152	-0.0306572
1.153	-0.0301283
1.154	-0.0295998
1.155	-0.0290717
1.156	-0.028544
1.157	-0.0280166
1.158	-0.0274896
1.159	-0.026963
1.16	-0.0264368
1.161	-0.025911
1.162	-0.0253855
1.163	-0.0248604
1.164	-0.0243357
1.165	-0.0238114
1.166	-0.0232875
1.167	-0.022764
1.168	-0.0222409
1.169	-0.0217182
1.17	-0.0211958
1.171	-0.0206739
1.172	-0.0201523
1.173	-0.0196312
1.174	-0.0191104
1.175	-0.0185901
1.176	-0.0180702
1.177	-0.0175506
1.178	-0.0170315
1.179	-0.0165128
1.18	-0.0159945
1.181	-0.0154765
1.182	-0.0149591
1.183	-0.014442
1.184	-0.0139253
1.185	-0.0134091
1.186	-0.0128932
1.187	-0.0123778
1.188	-0.0118628
1.189	-0.0113482
1.19	-0.0108341
1.191	-0.0103203
1.192	-0.00980703
1.193	-0.00929415
1.194	-0.00878169
1.195	-0.00826967
1.196	-0.00775807
1.197	-0.00724691
1.198	-0.00673617
1.199	-0.00622588
1.2	-0.00571601
1.201	-0.00520659
1.202	-0.0046976
1.203	-0.00418905
1.204	-0.00368094
1.205	-0.00317327
1.206	-0.00266605
1.207	-0.00215927
1.208	-0.00165294
1.209	-0.00114705
1.21	-0.000641611
1.211	-0.000136622
1.212	0.000367915
1.213	0.000872
1.214	0.00137563
1.215	0.00187881
1.216	0.00238153
1.217	0.00288379
1.218	0.0033856
1.219	0.00388694
1.22	0.00438782
1.221	0.00488824
1.222	0.0053882
1.223	0.00588769
1.224	0.00638672
1.225	0.00688527
1.226	0.00738336
1.227	0.00788098
1.228	0.00837813
1.229	0.0088748
1.23	0.009371
1.231	0.00986672
1.232	0.010362
1.233	0.0108567
1.234	0.011351
1.235	0.0118448
1.236	0.0123382
1.237	0.012831
1.238	0.0133234
1.239	0.0138153
1.24	0.0143066
1.241	0.0147975
1.242	0.015288
1.243	0.0157779
1.244	0.0162673
1.245	0.0167562
1.246	0.0172447
1.247	0.0177326
1.248	0.0182201
1.249	0.018707
1.25	0.0191935
1.251	0.0196794
1.252	0.0201649
1.253	0.0206498
1.254	0.0211343
1.255	0.0216182
1.256	0.0221017
1.257	0.0225846
1.258	0.023067
1.259	0.0235489
1.26	0.0240303
1.261	0.0245112
1.262	0.0249916
1.263	0.0254714
1.264	0.0259508
1.265	0.0264296
1.266	0.0269079
1.267	0.0273857
1.268	0.0278629
1.269	0.0283397
1.27	0.0288159
1.271	0.0292916
1.272	0.0297668
1.273	0.0302414
1.274	0.0307155
1.275	0.0311891
1.276	0.0316622
1.277	0.0321347
1.278	0.0326067
1.279	0.0330781
1.28	0.033549
1.281	0.0340194
1.282	0.0344893
1.283	0.0349586
1.284	0.0354274
1.285	0.0358956
1.286	0.0363633
1.287	0.0368304
1.288	0.037297
1.289	0.0377631
1.29	0.0382286
1.291	0.0386935
1.292	0.0391579
1.293	0.0396218
1.294	0.0400851
1.295	0.0405479
1.296	0.0410101
1.297	0.0414717
1.298	0.0419328
1.299	0.0423934
1.3	0.0428533
1.301	0.0433128
1.302	0.0437716
1.303	0.0442299
1.304	0.0446876
1.305	0.0451448
1.306	0.0456014
1.307	0.0460575
1.308	0.0465129
1.309	0.0469678
1.31	0.0474222
1.311	0.047876
1.312	0.0483292
1.313	0.0487818
1.314	0.0492338
1.315	0.0496853
1.316	0.0501362
1.317	0.0505865
1.318	0.0510363
1.319	0.0514854
1.32	0.051934
1.321	0.052382
1.322	0.0528295
1.323	0.0532763
1.324	0.0537225
1.325	0.0541682
1.326	0.0546133
1.327	0.0550578
1.328	0.0555017
1.329	0.055945
1.33	0.0563877
1.331	0.0568299
1.332	0.0572714
1.333	0.0577124
1.334	0.0581527
1.335	0.0585925
1.336	0.0590316
1.337	0.0594702
1.338	0.0599082
1.339	0.0603455
1.34	0.0607823
1.341	0.0612185
1.342	0.061654
1.343	0.062089
1.344	0.0625233
1.345	0.0629571
1.346	0.0633902
1.347	0.0638227
1.348	0.0642546
1.349	0.0646859
1.35	0.0651166
1.351	0.0655467
1.352	0.0659762
1.353	0.066405
1.354	0.0668333
1.355	0.0672609
1.356	0.0676879
1.357	0.0681143
1.358	0.06854
1.359	0.0689652
1.36	0.0693897
1.361	0.0698136
1.362	0.0702369
1.363	0.0706595
1.364	0.0710816
1.365	0.071503
1.366	0.0719237
1.367	0.0723439
1.368	0.0727634
1.369	0.0731823
1.37	0.0736005
1.371	0.0740181
1.372	0.0744351
1.373	0.0748515
1.374	0.0752672
1.375	0.0756823
1.376	0.0760967
1.377	0.0765105
1.378	0.0769237
1.379	0.0773362
1.38	0.0777481
1.381	0.0781594
1.382	0.07857
1.383	0.0789799
1.384	0.0793892
1.385	0.0797979
1.386	0.0802059
1.387	0.0806133
1.388	0.08102
1.389	0.0814261
1.39	0.0818315
1.391	0.0822363
1.392	0.0826404
1.393	0.0830439
1.394	0.0834467
1.395	0.0838489
1.396	0.0842504
1.397	0.0846512
1.398	0.0850514
1.399	0.085451
1.4	0.0858498
1.401	0.086248
1.402	0.0866456
1.403	0.0870425
1.404	0.0874387
1.405	0.0878343
1.406	0.0882292
1.407	0.0886234
1.408	0.089017
1.409	0.0894099
1.41	0.0898021
1.411	0.0901937
1.412	0.0905846
1.413	0.0909748
1.414	0.0913643
1.415	0.0917532
1.416	0.0921414
1.417	0.092529
1.418	0.0929158
1.419	0.093302
1.42	0.0936875
1.421	0.0940723
1.422	0.0944565
1.423	0.0948399
1.424	0.0952227
1.425	0.0956048
1.426	0.0959863
1.427	0.096367
1.428	0.0967471
1.429	0.0971264
1.43	0.0975051
1.431	0.0978831
1.432	0.0982604
1.433	0.0986371
1.434	0.099013
1.435	0.0993883
1.436	0.0997628
1.437	0.100137
1.438	0.10051
1.439	0.100882
1.44	0.101254
1.441	0.101625
1.442	0.101996
1.443	0.102365
1.444	0.102734
1.445	0.103103
1.446	0.10347
1.447	0.103837
1.448	0.104203
1.449	0.104569
1.45	0.104934
1.451	0.105298
1.452	0.105661
1.453	0.106024
1.454	0.106386
1.455	0.106747
1.456	0.107108
1.457	0.107468
1.458	0.107827
1.459	0.108185
1.46	0.108543
1.461	0.1089
1.462	0.109257
1.463	0.109612
1.464	0.109967
1.465	0.110321
1.466	0.110675
1.467	0.111028
1.468	0.11138
1.469	0.111731
1.47	0.112082
1.471	0.112432
1.472	0.112781
1.473	0.113129
1.474	0.113477
1.475	0.113824
1.476	0.114171
1.477	0.114516
1.478	0.114861
1.479	0.115205
1.48	0.115549
1.481	0.115891
1.482	0.116233
1.483	0.116575
1.484	0.116915
1.485	0.117255
1.486	0.117594
1.487	0.117932
1.488	0.11827
1.489	0.118607
1.49	0.118943
1.491	0.119278
1.492	0.119613
1.493	0.119947
1.494	0.12028
1.495	0.120613
1.496	0.120945
1.497	0.121276
1.498	0.121606
1.499	0.121936
1.5	0.122264
1.501	0.122593
1.502	0.12292
1.503	0.123247
1.504	0.123572
1.505	0.123898
1.506	0.124222
1.507	0.124546
1.508	0.124869
1.509	0.125191
1.51	0.125512
1.511	0.125833
1.512	0.126153
1.513	0.126472
1.514	0.12679
1.515	0.127108
1.516	0.127425
1.517	0.127741
1.518	0.128057
1.519	0.128372
1.52	0.128686
1.521	0.128999
1.522	0.129311
1.523	0.129623
1.524	0.129934
1.525	0.130244
1.526	0.130554
1.527	0.130862
1.528	0.13117
1.529	0.131477
1.53	0.131784
1.531	0.13209
1.532	0.132395
1.533	0.132699
1.534	0.133002
1.535	0.133305
1.536	0.133607
1.537	0.133908
1.538	0.134208
1.539	0.134508
1.54	0.134807
1.541	0.135105
1.542	0.135402
1.543	0.135699
1.544	0.135995
1.545	0.13629
1.546	0.136584
1.547	0.136878
1.548	0.13717
1.549	0.137462
1.55	0.137754
1.551	0.138044
1.552	0.138334
1.553	0.138623
1.554	0.138911
1.555	0.139198
1.556	0.139485
1.557	0.139771
1.558	0.140056
1.559	0.14034
1.56	0.140624
1.561	0.140907
1.562	0.141189
1.563	0.14147
1.564	0.141751
1.565	0.14203
1.566	0.142309
1.567	0.142587
1.568	0.142865
1.569	0.143141
1.57	0.143417
1.571	0.143692
1.572	0.143966
1.573	0.14424
1.574	0.144513
1.575	0.144785
1.576	0.145056
1.577	0.145326
1.578	0.145596
1.579	0.145865
1.58	0.146133
1.581	0.1464
1.582	0.146667
1.583	0.146932
1.584	0.147197
1.585	0.147461
1.586	0.147725
1.587	0.147987
1.588	0.148249
1.589	0.14851
1.59	0.14877
1.591	0.14903
1.592	0.149289
1.593	0.149546
1.594	0.149804
1.595	0.15006
1.596	0.150315
1.597	0.15057
1.598	0.150824
1.599	0.151077
1.6	0.15133
1.601	0.151581
1.602	0.151832
1.603	0.152082
1.604	0.152331
1.605	0.15258
1.606	0.152827
1.607	0.153074
1.608	0.15332
1.609	0.153566
1.61	0.15381
1.611	0.154054
1.612	0.154297
1.613	0.154539
1.614	0.15478
1.615	0.155021
1.616	0.15526
1.617	0.155499
1.618	0.155738
1.619	0.155975
1.62	0.156211
1.621	0.156447
1.622	0.156682
1.623	0.156916
1.624	0.15715
1.625	0.157382
1.626	0.157614
1.627	0.157845
1.628	0.158075
1.629	0.158305
1.63	0.158533
1.631	0.158761
1.632	0.158988
1.633	0.159214
1.634	0.15944
1.635	0.159664
1.636	0.159888
1.637	0.160111
1.638	0.160333
1.639	0.160555
1.64	0.160775
1.641	0.160995
1.642	0.161214
1.643	0.161432
1.644	0.16165
1.645	0.161866
1.646	0.162082
1.647	0.162297
1.648	0.162511
1.649	0.162725
1.65	0.162937
1.651	0.163149
1.652	0.16336
1.653	0.16357
1.654	0.16378
1.655	0.163988
1.656	0.164196
1.657	0.164403
1.658	0.164609
1.659	0.164815
1.66	0.165019
1.661	0.165223
1.662	0.165426
1.663	0.165628
1.664	0.165829
1.665	0.16603
1.666	0.16623
1.667	0.166428
1.668	0.166627
1.669	0.166824
1.67	0.16702
1.671	0.167216
1.672	0.167411
1.673	0.167605
1.674	0.167798
1.675	0.167991
1.676	0.168182
1.677	0.168373
1.678	0.168563
1.679	0.168752
1.68	0.168941
1.681	0.169128
1.682	0.169315
1.683	0.169501
1.684	0.169686
1.685	0.169871
1.686	0.170054
1.687	0.170237
1.688	0.170419
1.689	0.1706
1.69	0.17078
1.691	0.17096
1.692	0.171139
1.693	0.171316
1.694	0.171494
1.695	0.17167
1.696	0.171845
1.697	0.17202
1.698	0.172194
1.699	0.172367
1.7	0.172539
1.701	0.17271
1.702	0.172881
1.703	0.173051
1.704	0.17322
1.705	0.173388
1.706	0.173555
1.707	0.173722
1.708	0.173887
1.709	0.174052
1.71	0.174216
1.711	0.17438
1.712	0.174542
1.713	0.174704
1.714	0.174865
1.715	0.175025
1.716	0.175184
1.717	0.175342
1.718	0.1755
1.719	0.175657
1.72	0.175813
1.721	0.175968
1.722	0.176122
1.723	0.176276
1.724	0.176428
1.725	0.17658
1.726	0.176731
1.727	0.176882
1.728	0.177031
1.729	0.17718
1.73	0.177327
1.731	0.177475
1.732	0.177621
1.733	0.177766
1.734	0.177911
1.735	0.178054
1.736	0.178197
1.737	0.17834
1.738	0.178481
1.739	0.178621
1.74	0.178761
1.741	0.1789
1.742	0.179038
1.743	0.179175
1.744	0.179312
1.745	0.179447
1.746	0.179582
1.747	0.179716
1.748	0.179849
1.749	0.179982
1.75	0.180113
1.751	0.180244
1.752	0.180374
1.753	0.180503
1.754	0.180632
1.755	0.180759
1.756	0.180886
1.757	0.181012
1.758	0.181137
1.759	0.181261
1.76	0.181384
1.761	0.181507
1.762	0.181629
1.763	0.18175
1.764	0.18187
1.765	0.181989
1.766	0.182108
1.767	0.182226
1.768	0.182343
1.769	0.182459
1.77	0.182574
1.771	0.182689
1.772	0.182802
1.773	0.182915
1.774	0.183027
1.775	0.183139
1.776	0.183249
1.777	0.183359
1.778	0.183467
1.779	0.183576
1.78	0.183683
1.781	0.183789
1.782	0.183895
1.783	0.183999
1.784	0.184103
1.785	0.184207
1.786	0.184309
1.787	0.18441
1.788	0.184511
1.789	0.184611
1.79	0.18471
1.791	0.184809
1.792	0.184906
1.793	0.185003
1.794	0.185099
1.795	0.185194
1.796	0.185288
1.797	0.185381
1.798	0.185474
1.799	0.185566
1.8	0.185657
1.801	0.185747
1.802	0.185836
1.803	0.185925
1.804	0.186013
1.805	0.1861
1.806	0.186186
1.807	0.186271
1.808	0.186356
1.809	0.18644
1.81	0.186523
1.811	0.186605
1.812	0.186686
1.813	0.186767
1.814	0.186846
1.815	0.186925
1.816	0.187003
1.817	0.187081
1.818	0.187157
1.819	0.187233
1.82	0.187308
1.821	0.187382
1.822	0.187455
1.823	0.187528
1.824	0.187599
1.825	0.18767
1.826	0.18774
1.827	0.18781
1.828	0.187878
1.829	0.187946
1.83	0.188013
1.831	0.188079
1.832	0.188144
1.833	0.188209
1.834	0.188272
1.835	0.188335
1.836	0.188397
1.837	0.188458
1.838	0.188519
1.839	0.188579
1.84	0.188637
1.841	0.188696
1.842	0.188753
1.843	0.188809
1.844	0.188865
1.845	0.18892
1.846	0.188974
1.847	0.189027
1.848	0.18908
1.849	0.189131
1.85	0.189182
1.851	0.189232
1.852	0.189282
1.853	0.18933
1.854	0.189378
1.855	0.189425
1.856	0.189471
1.857	0.189516
1.858	0.189561
1.859	0.189605
1.86	0.189648
1.861	0.18969
1.862	0.189731
1.863	0.189772
1.864	0.189811
1.865	0.18985
1.866	0.189889
1.867	0.189926
1.868	0.189963
1.869	0.189998
1.87	0.190033
1.871	0.190068
1.872	0.190101
1.873	0.190134
1.874	0.190166
1.875	0.190197
1.876	0.190227
1.877	0.190257
1.878	0.190285
1.879	0.190313
1.88	0.190341
1.881	0.190367
1.882	0.190392
1.883	0.190417
1.884	0.190441
1.885	0.190465
1.886	0.190487
1.887	0.190509
1.888	0.19053
1.889	0.19055
1.89	0.190569
1.891	0.190587
1.892	0.190605
1.893	0.190622
1.894	0.190638
1.895	0.190654
1.896	0.190668
1.897	0.190682
1.898	0.190695
1.899	0.190708
1.9	0.190719
1.901	0.19073
1.902	0.19074
1.903	0.190749
1.904	0.190758
1.905	0.190765
1.906	0.190772
1.907	0.190778
1.908	0.190783
1.909	0.190788
1.91	0.190792
1.911	0.190795
1.912	0.190797
1.913	0.190798
1.914	0.190799
1.915	0.190799
1.916	0.190798
1.917	0.190796
1.918	0.190794
1.919	0.190791
1.92	0.190787
1.921	0.190782
1.922	0.190777
1.923	0.19077
1.924	0.190763
1.925	0.190756
1.926	0.190747
1.927	0.190738
1.928	0.190728
1.929	0.190717
1.93	0.190705
1.931	0.190693
1.932	0.19068
1.933	0.190666
1.934	0.190651
1.935	0.190636
1.936	0.190619
1.937	0.190602
1.938	0.190585
1.939	0.190566
1.94	0.190547
1.941	0.190527
1.942	0.190506
1.943	0.190485
1.944	0.190462
1.945	0.190439
1.946	0.190416
1.947	0.190391
1.948	0.190366
1.949	0.19034
1.95	0.190313
1.951	0.190285
1.952	0.190257
1.953	0.190228
1.954	0.190198
1.955	0.190168
1.956	0.190136
1.957	0.190104
1.958	0.190072
1.959	0.190038
1.96	0.190004
1.961	0.189969
1.962	0.189933
1.963	0.189896
1.964	0.189859
1.965	0.189821
1.966	0.189782
1.967	0.189743
1.968	0.189702
1.969	0.189661
1.97	0.18962
1.971	0.189577
1.972	0.189534
1.973	0.18949
1.974	0.189445
1.975	0.1894
1.976	0.189353
1.977	0.189306
1.978	0.189259
1.979	0.18921
1.98	0.189161
1.981	0.189111
1.982	0.189061
1.983	0.189009
1.984	0.188957
1.985	0.188904
1.986	0.188851
1.987	0.188797
1.988	0.188742
1.989	0.188686
1.99	0.188629
1.991	0.188572
1.992	0.188514
1.993	0.188455
1.994	0.188396
1.995	0.188336
1.996	0.188275
1.997	0.188213
1.998	0.188151
1.999	0.188088
2	0.188024
2.001	0.18796
2.002	0.187895
2.003	0.187829
2.004	0.187762
2.005	0.187695
2.006	0.187627
2.007	0.187558
2.008	0.187488
2.009	0.187418
2.01	0.187347
2.011	0.187275
2.012	0.187203
2.013	0.18713
2.014	0.187056
2.015	0.186982
2.016	0.186906
2.017	0.18683
2.018	0.186754
2.019	0.186676
2.02	0.186598
2.021	0.186519
2.022	0.18644
2.023	0.18636
2.024	0.186279
2.025	0.186197
2.026	0.186115
2.027	0.186032
2.028	0.185948
2.029	0.185864
2.03	0.185778
2.031	0.185693
2.032	0.185606
2.033	0.185519
2.034	0.185431
2.035	0.185342
2.036	0.185253
2.037	0.185163
2.038	0.185072
2.039	0.18498
2.04	0.184888
2.041	0.184795
2.042	0.184702
2.043	0.184608
2.044	0.184513
2.045	0.184417
2.046	0.184321
2.047	0.184224
2.048	0.184126
2.049	0.184028
2.05	0.183929
2.051	0.183829
2.052	0.183728
2.053	0.183627
2.054	0.183526
2.055	0.183423
2.056	0.18332
2.057	0.183216
2.058	0.183111
2.059	0.183006
2.06	0.1829
2.061	0.182794
2.062	0.182686
2.063	0.182578
2.064	0.18247
2.065	0.182361
2.066	0.182251
2.067	0.18214
2.068	0.182029
2.069	0.181917
2.07	0.181804
2.071	0.181691
2.072	0.181577
2.073	0.181462
2.074	0.181347
2.075	0.18123
2.076	0.181114
2.077	0.180996
2.078	0.180878
2.079	0.18076
2.08	0.18064
2.081	0.18052
2.082	0.1804
2.083	0.180278
2.084	0.180156
2.085	0.180034
2.086	0.17991
2.087	0.179786
2.088	0.179662
2.089	0.179536
2.09	0.17941
2.091	0.179284
2.092	0.179157
2.093	0.179029
2.094	0.1789
2.095	0.178771
2.096	0.178641
2.097	0.17851
2.098	0.178379
2.099	0.178247
2.1	0.178115
2.101	0.177982
2.102	0.177848
2.103	0.177714
2.104	0.177579
2.105	0.177443
2.106	0.177307
2.107	0.17717
2.108	0.177032
2.109	0.176894
2.11	0.176755
2.111	0.176615
2.112	0.176475
2.113	0.176334
2.114	0.176193
2.115	0.176051
2.116	0.175908
2.117	0.175765
2.118	0.175621
2.119	0.175476
2.12	0.175331
2.121	0.175185
2.122	0.175038
2.123	0.174891
2.124	0.174744
2.125	0.174595
2.126	0.174446
2.127	0.174296
2.128	0.174146
2.129	0.173995
2.13	0.173844
2.131	0.173692
2.132	0.173539
2.133	0.173386
2.134	0.173232
2.135	0.173077
2.136	0.172922
2.137	0.172766
2.138	0.17261
2.139	0.172453
2.14	0.172295
2.141	0.172137
2.142	0.171978
2.143	0.171818
2.144	0.171658
2.145	0.171497
2.146	0.171336
2.147	0.171174
2.148	0.171012
2.149	0.170849
2.15	0.170685
2.151	0.170521
2.152	0.170356
2.153	0.17019
2.154	0.170024
2.155	0.169857
2.156	0.16969
2.157	0.169522
2.158	0.169353
2.159	0.169184
2.16	0.169015
2.161	0.168844
2.162	0.168674
2.163	0.168502
2.164	0.16833
2.165	0.168157
2.166	0.167984
2.167	0.16781
2.168	0.167636
2.169	0.167461
2.17	0.167285
2.171	0.167109
2.172	0.166932
2.173	0.166755
2.174	0.166577
2.175	0.166399
2.176	0.16622
2.177	0.16604
2.178	0.16586
2.179	0.165679
2.18	0.165498
2.181	0.165316
2.182	0.165133
2.183	0.16495
2.184	0.164767
2.185	0.164582
2.186	0.164398
2.187	0.164212
2.188	0.164026
2.189	0.16384
2.19	0.163653
2.191	0.163465
2.192	0.163277
2.193	0.163088
2.194	0.162899
2.195	0.162709
2.196	0.162519
2.197	0.162328
2.198	0.162137
2.199	0.161944
2.2	0.161752
2.201	0.161559
2.202	0.161365
2.203	0.161171
2.204	0.160976
2.205	0.160781
2.206	0.160585
2.207	0.160388
2.208	0.160191
2.209	0.159994
2.21	0.159796
2.211	0.159597
2.212	0.159398
2.213	0.159198
2.214	0.158998
2.215	0.158797
2.216	0.158596
2.217	0.158394
2.218	0.158192
2.219	0.157989
2.22	0.157785
2.221	0.157581
2.222	0.157377
2.223	0.157172
2.224	0.156966
2.225	0.15676
2.226	0.156553
2.227	0.156346
2.228	0.156139
2.229	0.15593
2.23	0.155722
2.231	0.155513
2.232	0.155303
2.233	0.155092
2.234	0.154882
2.235	0.15467
2.236	0.154459
2.237	0.154246
2.238	0.154033
2.239	0.15382
2.24	0.153606
2.241	0.153392
2.242	0.153177
2.243	0.152962
2.244	0.152746
2.245	0.152529
2.246	0.152312
2.247	0.152095
2.248	0.151877
2.249	0.151659
2.25	0.15144
2.251	0.15122
2.252	0.151
2.253	0.15078
2.254	0.150559
2.255	0.150338
2.256	0.150116
2.257	0.149893
2.258	0.149671
2.259	0.149447
2.26	0.149223
2.261	0.148999
2.262	0.148774
2.263	0.148549
2.264	0.148323
2.265	0.148097
2.266	0.14787
2.267	0.147643
2.268	0.147415
2.269	0.147187
2.27	0.146958
2.271	0.146729
2.272	0.146499
2.273	0.146269
2.274	0.146039
2.275	0.145808
2.276	0.145576
2.277	0.145344
2.278	0.145112
2.279	0.144879
2.28	0.144645
2.281	0.144412
2.282	0.144177
2.283	0.143942
2.284	0.143707
2.285	0.143472
2.286	0.143235
2.287	0.142999
2.288	0.142762
2.289	0.142524
2.29	0.142286
2.291	0.142048
2.292	0.141809
2.293	0.141569
2.294	0.14133
2.295	0.141089
2.296	0.140849
2.297	0.140608
2.298	0.140366
2.299	0.140124
2.3	0.139881
2.301	0.139639
2.302	0.139395
2.303	0.139151
2.304	0.138907
2.305	0.138662
2.306	0.138417
2.307	0.138172
2.308	0.137926
2.309	0.137679
2.31	0.137433
2.311	0.137185
2.312	0.136938
2.313	0.136689
2.314	0.136441
2.315	0.136192
2.316	0.135942
2.317	0.135693
2.318	0.135442
2.319	0.135192
2.32	0.134941
2.321	0.134689
2.322	0.134437
2.323	0.134185
2.324	0.133932
2.325	0.133679
2.326	0.133425
2.327	0.133171
2.328	0.132917
2.329	0.132662
2.33	0.132407
2.331	0.132151
2.332	0.131895
2.333	0.131639
2.334	0.131382
2.335	0.131124
2.336	0.130867
2.337	0.130609
2.338	0.13035
2.339	0.130091
2.34	0.129832
2.341	0.129573
2.342	0.129312
2.343	0.129052
2.344	0.128791
2.345	0.12853
2.346	0.128268
2.347	0.128006
2.348	0.127744
2.349	0.127481
2.35	0.127218
2.351	0.126955
2.352	0.126691
2.353	0.126426
2.354	0.126162
2.355	0.125897
2.356	0.125631
2.357	0.125365
2.358	0.125099
2.359	0.124833
2.36	0.124566
2.361	0.124298
2.362	0.124031
2.363	0.123763
2.364	0.123494
2.365	0.123225
2.366	0.122956
2.367	0.122687
2.368	0.122417
2.369	0.122147
2.37	0.121876
2.371	0.121605
2.372	0.121334
2.373	0.121062
2.374	0.12079
2.375	0.120518
2.376	0.120245
2.377	0.119972
2.378	0.119699
2.379	0.119425
2.38	0.119151
2.381	0.118876
2.382	0.118601
2.383	0.118326
2.384	0.118051
2.385	0.117775
2.386	0.117499
2.387	0.117222
2.388	0.116945
2.389	0.116668
2.39	0.116391
2.391	0.116113
2.392	0.115835
2.393	0.115556
2.394	0.115277
2.395	0.114998
2.396	0.114718
2.397	0.114439
2.398	0.114158
2.399	0.113878
2.4	0.113597
2.401	0.113316
2.402	0.113034
2.403	0.112753
2.404	0.112471
2.405	0.112188
2.406	0.111905
2.407	0.111622
2.408	0.111339
2.409	0.111055
2.41	0.110771
2.411	0.110487
2.412	0.110202
2.413	0.109917
2.414	0.109632
2.415	0.109347
2.416	0.109061
2.417	0.108775
2.418	0.108488
2.419	0.108202
2.42	0.107914
2.421	0.107627
2.422	0.10734
2.423	0.107052
2.424	0.106763
2.425	0.106475
2.426	0.106186
2.427	0.105897
2.428	0.105608
2.429	0.105318
2.43	0.105028
2.431	0.104738
2.432	0.104447
2.433	0.104156
2.434	0.103865
2.435	0.103574
2.436	0.103282
2.437	0.10299
2.438	0.102698
2.439	0.102406
2.44	0.102113
2.441	0.10182
2.442	0.101527
2.443	0.101233
2.444	0.100939
2.445	0.100645
2.446	0.100351
2.447	0.100056
2.448	0.0997615
2.449	0.0994663
2.45	0.0991709
2.451	0.0988752
2.452	0.0985793
2.453	0.0982831
2.454	0.0979867
2.455	0.09769
2.456	0.0973931
2.457	0.0970959
2.458	0.0967984
2.459	0.0965007
2.46	0.0962028
2.461	0.0959046
2.462	0.0956062
2.463	0.0953075
2.464	0.0950085
2.465	0.0947094
2.466	0.09441
2.467	0.0941103
2.468	0.0938104
2.469	0.0935103
2.47	0.09321
2.471	0.0929094
2.472	0.0926086
2.473	0.0923075
2.474	0.0920062
2.475	0.0917047
2.476	0.091403
2.477	0.091101
2.478	0.0907988
2.479	0.0904964
2.48	0.0901937
2.481	0.0898909
2.482	0.0895878
2.483	0.0892845
2.484	0.088981
2.485	0.0886772
2.486	0.0883733
2.487	0.0880691
2.488	0.0877647
2.489	0.0874601
2.49	0.0871553
2.491	0.0868503
2.492	0.0865451
2.493	0.0862397
2.494	0.0859341
2.495	0.0856282
2.496	0.0853222
2.497	0.085016
2.498	0.0847095
2.499	0.0844029
2.5	0.0840961
2.501	0.083789
2.502	0.0834818
2.503	0.0831744
2.504	0.0828668
2.505	0.082559
2.506	0.082251
2.507	0.0819428
2.508	0.0816345
2.509	0.0813259
2.51	0.0810172
2.511	0.0807083
2.512	0.0803992
2.513	0.0800899
2.514	0.0797804
2.515	0.0794708
2.516	0.079161
2.517	0.078851
2.518	0.0785408
2.519	0.0782305
2.52	0.07792
2.521	0.0776093
2.522	0.0772984
2.523	0.0769874
2.524	0.0766762
2.525	0.0763649
2.526	0.0760534
2.527	0.0757417
2.528	0.0754299
2.529	0.0751179
2.53	0.0748057
2.531	0.0744934
2.532	0.0741809
2.533	0.0738683
2.534	0.0735555
2.535	0.0732426
2.536	0.0729295
2.537	0.0726163
2.538	0.0723029
2.539	0.0719893
2.54	0.0716757
2.541	0.0713618
2.542	0.0710479
2.543	0.0707338
2.544	0.0704195
2.545	0.0701051
2.546	0.0697906
2.547	0.0694759
2.548	0.0691611
2.549	0.0688462
2.55	0.0685311
2.551	0.0682159
2.552	0.0679006
2.553	0.0675851
2.554	0.0672695
2.555	0.0669538
2.556	0.066638
2.557	0.066322
2.558	0.0660059
2.559	0.0656897
2.56	0.0653733
2.561	0.0650569
2.562	0.0647403
2.563	0.0644236
2.564	0.0641068
2.565	0.0637899
2.566	0.0634729
2.567	0.0631557
2.568	0.0628385
2.569	0.0625211
2.57	0.0622036
2.571	0.061886
2.572	0.0615684
2.573	0.0612506
2.574	0.0609327
2.575	0.0606147
2.576	0.0602966
2.577	0.0599784
2.578	0.0596601
2.579	0.0593417
2.58	0.0590232
2.581	0.0587047
2.582	0.058386
2.583	0.0580672
2.584	0.0577484
2.585	0.0574294
2.586	0.0571104
2.587	0.0567913
2.588	0.0564721
2.589	0.0561528
2.59	0.0558334
2.591	0.055514
2.592	0.0551945
2.593	0.0548749
2.594	0.0545552
2.595	0.0542354
2.596	0.0539156
2.597	0.0535957
2.598	0.0532757
2.599	0.0529556
2.6	0.0526355
2.601	0.0523153
2.602	0.0519951
2.603	0.0516747
2.604	0.0513543
2.605	0.0510339
2.606	0.0507134
2.607	0.0503928
2.608	0.0500722
2.609	0.0497515
2.61	0.0494307
2.611	0.0491099
2.612	0.048789
2.613	0.0484681
2.614	0.0481472
2.615	0.0478261
2.616	0.0475051
2.617	0.047184
2.618	0.0468628
2.619	0.0465416
2.62	0.0462203
2.621	0.045899
2.622	0.0455777
2.623	0.0452563
2.624	0.0449349
2.625	0.0446134
2.626	0.0442919
2.627	0.0439704
2.628	0.0436488
2.629	0.0433272
2.63	0.0430056
2.631	0.0426839
2.632	0.0423622
2.633	0.0420405
2.634	0.0417188
2.635	0.041397
2.636	0.0410752
2.637	0.0407534
2.638	0.0404315
2.639	0.0401097
2.64	0.0397878
2.641	0.0394659
2.642	0.039144
2.643	0.038822
2.644	0.0385001
2.645	0.0381781
2.646	0.0378561
2.647	0.0375342
2.648	0.0372122
2.649	0.0368902
2.65	0.0365681
2.651	0.0362461
2.652	0.0359241
2.653	0.0356021
2.654	0.03528
2.655	0.034958
2.656	0.034636
2.657	0.034314
2.658	0.0339919
2.659	0.0336699
2.66	0.0333479
2.661	0.0330259
2.662	0.0327039
2.663	0.0323819
2.664	0.0320599
2.665	0.031738
2.666	0.031416
2.667	0.0310941
2.668	0.0307721
2.669	0.0304502
2.67	0.0301283
2.671	0.0298065
2.672	0.0294846
2.673	0.0291628
2.674	0.028841
2.675	0.0285192
2.676	0.0281974
2.677	0.0278757
2.678	0.027554
2.679	0.0272323
2.68	0.0269107
2.681	0.0265891
2.682	0.0262675
2.683	0.0259459
2.684	0.0256244
2.685	0.0253029
2.686	0.0249815
2.687	0.0246601
2.688	0.0243387
2.689	0.0240174
2.69	0.0236961
2.691	0.0233749
2.692	0.0230537
2.693	0.0227325
2.694	0.0224115
2.695	0.0220904
2.696	0.0217694
2.697	0.0214485
2.698	0.0211276
2.699	0.0208067
2.7	0.0204859
2.701	0.0201652
2.702	0.0198445
2.703	0.0195239
2.704	0.0192033
2.705	0.0188828
2.706	0.0185624
2.707	0.018242
2.708	0.0179217
2.709	0.0176015
2.71	0.0172813
2.711	0.0169612
2.712	0.0166411
2.713	0.0163212
2.714	0.0160013
2.715	0.0156814
2.716	0.0153617
2.717	0.015042
2.718	0.0147224
2.719	0.0144029
2.72	0.0140834
2.721	0.0137641
2.722	0.0134448
2.723	0.0131256
2.724	0.0128064
2.725	0.0124874
2.726	0.0121685
2.727	0.0118496
2.728	0.0115308
2.729	0.0112121
2.73	0.0108935
2.731	0.010575
2.732	0.0102566
2.733	0.00993831
2.734	0.00962008
2.735	0.00930196
2.736	0.00898393
2.737	0.008666
2.738	0.00834817
2.739	0.00803044
2.74	0.00771282
2.741	0.0073953
2.742	0.00707788
2.743	0.00676057
2.744	0.00644336
2.745	0.00612627
2.746	0.00580928
2.747	0.00549241
2.748	0.00517564
2.749	0.00485899
2.75	0.00454245
2.751	0.00422603
2.752	0.00390973
2.753	0.00359354
2.754	0.00327747
2.755	0.00296152
2.756	0.00264569
2.757	0.00232999
2.758	0.0020144
2.759	0.00169895
2.76	0.00138361
2.761	0.00106841
2.762	0.000753333
2.763	0.000438385
2.764	0.000123568
2.765	-0.000191117
2.766	-0.00050567
2.767	-0.000820089
2.768	-0.00113437
2.769	-0.00144852
2.77	-0.00176253
2.771	-0.0020764
2.772	-0.00239013
2.773	-0.00270373
2.774	-0.00301718
2.775	-0.00333048
2.776	-0.00364364
2.777	-0.00395666
2.778	-0.00426953
2.779	-0.00458225
2.78	-0.00489483
2.781	-0.00520725
2.782	-0.00551952
2.783	-0.00583164
2.784	-0.00614361
2.785	-0.00645542
2.786	-0.00676708
2.787	-0.00707858
2.788	-0.00738992
2.789	-0.0077011
2.79	-0.00801212
2.791	-0.00832299
2.792	-0.00863368
2.793	-0.00894422
2.794	-0.00925459
2.795	-0.0095648
2.796	-0.00987483
2.797	-0.0101847
2.798	-0.0104944
2.799	-0.0108039
2.8	-0.0111133
2.801	-0.0114225
2.802	-0.0117315
2.803	-0.0120403
2.804	-0.012349
2.805	-0.0126575
2.806	-0.0129658
2.807	-0.0132739
2.808	-0.0135819
2.809	-0.0138896
2.81	-0.0141972
2.811	-0.0145046
2.812	-0.0148118
2.813	-0.0151188
2.814	-0.0154257
2.815	-0.0157323
2.816	-0.0160388
2.817	-0.0163451
2.818	-0.0166512
2.819	-0.016957
2.82	-0.0172627
2.821	-0.0175682
2.822	-0.0178736
2.823	-0.0181787
2.824	-0.0184836
2.825	-0.0187883
2.826	-0.0190928
2.827	-0.0193971
2.828	-0.0197012
2.829	-0.0200051
2.83	-0.0203088
2.831	-0.0206123
2.832	-0.0209156
2.833	-0.0212187
2.834	-0.0215215
2.835	-0.0218242
2.836	-0.0221267
2.837	-0.0224289
2.838	-0.0227309
2.839	-0.0230327
2.84	-0.0233343
2.841	-0.0236357
2.842	-0.0239369
2.843	-0.0242378
2.844	-0.0245385
2.845	-0.024839
2.846	-0.0251393
2.847	-0.0254394
2.848	-0.0257392
2.849	-0.0260388
2.85	-0.0263382
2.851	-0.0266374
2.852	-0.0269363
2.853	-0.027235
2.854	-0.0275335
2.855	-0.0278317
2.856	-0.0281297
2.857	-0.0284275
2.858	-0.028725
2.859	-0.0290223
2.86	-0.0293194
2.861	-0.0296162
2.862	-0.0299128
2.863	-0.0302091
2.864	-0.0305052
2.865	-0.0308011
2.866	-0.0310967
2.867	-0.0313921
2.868	-0.0316873
2.869	-0.0319821
2.87	-0.0322768
2.871	-0.0325712
2.872	-0.0328653
2.873	-0.0331592
2.874	-0.0334529
2.875	-0.0337463
2.876	-0.0340394
2.877	-0.0343323
2.878	-0.0346249
2.879	-0.0349173
2.88	-0.0352094
2.881	-0.0355013
2.882	-0.0357929
2.883	-0.0360842
2.884	-0.0363753
2.885	-0.0366661
2.886	-0.0369567
2.887	-0.0372469
2.888	-0.037537
2.889	-0.0378267
2.89	-0.0381162
2.891	-0.0384054
2.892	-0.0386944
2.893	-0.0389831
2.894	-0.0392715
2.895	-0.0395596
2.896	-0.0398475
2.897	-0.0401351
2.898	-0.0404224
2.899	-0.0407094
2.9	-0.0409962
2.901	-0.0412827
2.902	-0.0415689
2.903	-0.0418548
2.904	-0.0421404
2.905	-0.0424258
2.906	-0.0427109
2.907	-0.0429957
2.908	-0.0432802
2.909	-0.0435644
2.91	-0.0438483
2.911	-0.044132
2.912	-0.0444153
2.913	-0.0446984
2.914	-0.0449812
2.915	-0.0452637
2.916	-0.0455459
2.917	-0.0458278
2.918	-0.0461094
2.919	-0.0463907
2.92	-0.0466717
2.921	-0.0469524
2.922	-0.0472328
2.923	-0.0475129
2.924	-0.0477927
2.925	-0.0480722
2.926	-0.0483515
2.927	-0.0486304
2.928	-0.048909
2.929	-0.0491873
2.93	-0.0494652
2.931	-0.0497429
2.932	-0.0500203
2.933	-0.0502974
2.934	-0.0505741
2.935	-0.0508506
2.936	-0.0511267
2.937	-0.0514025
2.938	-0.051678
2.939	-0.0519532
2.94	-0.0522281
2.941	-0.0525026
2.942	-0.0527769
2.943	-0.0530508
2.944	-0.0533244
2.945	-0.0535977
2.946	-0.0538707
2.947	-0.0541433
2.948	-0.0544156
2.949	-0.0546876
2.95	-0.0549593
2.951	-0.0552306
2.952	-0.0555016
2.953	-0.0557723
2.954	-0.0560427
2.955	-0.0563127
2.956	-0.0565824
2.957	-0.0568518
2.958	-0.0571208
2.959	-0.0573895
2.96	-0.0576579
2.961	-0.0579259
2.962	-0.0581936
2.963	-0.058461
2.964	-0.058728
2.965	-0.0589947
2.966	-0.059261
2.967	-0.059527
2.968	-0.0597927
2.969	-0.060058
2.97	-0.060323
2.971	-0.0605876
2.972	-0.0608519
2.973	-0.0611159
2.974	-0.0613795
2.975	-0.0616427
2.976	-0.0619056
2.977	-0.0621682
2.978	-0.0624304
2.979	-0.0626922
2.98	-0.0629537
2.981	-0.0632149
2.982	-0.0634757
2.983	-0.0637361
2.984	-0.0639962
2.985	-0.0642559
2.986	-0.0645153
2.987	-0.0647743
2.988	-0.065033
2.989	-0.0652913
2.99	-0.0655492
2.991	-0.0658068
2.992	-0.066064
2.993	-0.0663209
2.994	-0.0665773
2.995	-0.0668335
2.996	-0.0670892
2.997	-0.0673446
2.998	-0.0675996
2.999	-0.0678543
3	-0.0681086
3.001	-0.0683625
3.002	-0.0686161
3.003	-0.0688692
3.004	-0.0691221
3.005	-0.0693745
3.006	-0.0696266
3.007	-0.0698782
3.008	-0.0701296
3.009	-0.0703805
3.01	-0.070631
3.011	-0.0708812
3.012	-0.071131
3.013	-0.0713805
3.014	-0.0716295
3.015	-0.0718782
3.016	-0.0721264
3.017	-0.0723743
3.018	-0.0726219
3.019	-0.072869
3.02	-0.0731157
3.021	-0.0733621
3.022	-0.0736081
3.023	-0.0738537
3.024	-0.0740989
3.025	-0.0743437
3.026	-0.0745881
3.027	-0.0748321
3.028	-0.0750758
3.029	-0.075319
3.03	-0.0755619
3.031	-0.0758043
3.032	-0.0760464
3.033	-0.0762881
3.034	-0.0765293
3.035	-0.0767702
3.036	-0.0770107
3.037	-0.0772508
3.038	-0.0774905
3.039	-0.0777298
3.04	-0.0779686
3.041	-0.0782071
3.042	-0.0784452
3.043	-0.0786829
3.044	-0.0789202
3.045	-0.079157
3.046	-0.0793935
3.047	-0.0796296
3.048	-0.0798652
3.049	-0.0801005
3.05	-0.0803353
3.051	-0.0805697
3.052	-0.0808038
3.053	-0.0810374
3.054	-0.0812706
3.055	-0.0815034
3.056	-0.0817357
3.057	-0.0819677
3.058	-0.0821992
3.059	-0.0824304
3.06	-0.0826611
3.061	-0.0828914
3.062	-0.0831213
3.063	-0.0833508
3.064	-0.0835798
3.065	-0.0838084
3.066	-0.0840367
3.067	-0.0842644
3.068	-0.0844918
3.069	-0.0847188
3.07	-0.0849453
3.071	-0.0851714
3.072	-0.0853971
3.073	-0.0856223
3.074	-0.0858472
3.075	-0.0860716
3.076	-0.0862956
3.077	-0.0865191
3.078	-0.0867422
3.079	-0.0869649
3.08	-0.0871872
3.081	-0.087409
3.082	-0.0876304
3.083	-0.0878514
3.084	-0.0880719
3.085	-0.0882921
3.086	-0.0885117
3.087	-0.088731
3.088	-0.0889498
3.089	-0.0891681
3.09	-0.0893861
3.091	-0.0896036
3.092	-0.0898206
3.093	-0.0900373
3.094	-0.0902534
3.095	-0.0904692
3.096	-0.0906845
3.097	-0.0908994
3.098	-0.0911138
3.099	-0.0913278
3.1	-0.0915413
3.101	-0.0917544
3.102	-0.091967
3.103	-0.0921793
3.104	-0.092391
3.105	-0.0926023
3.106	-0.0928132
3.107	-0.0930236
3.108	-0.0932336
3.109	-0.0934431
3.11	-0.0936522
3.111	-0.0938608
3.112	-0.094069
3.113	-0.0942767
3.114	-0.094484
3.115	-0.0946908
3.116	-0.0948972
3.117	-0.0951031
3.118	-0.0953086
3.119	-0.0955136
3.12	-0.0957181
3.121	-0.0959222
3.122	-0.0961258
3.123	-0.096329
3.124	-0.0965317
3.125	-0.096734
3.126	-0.0969358
3.127	-0.0971372
3.128	-0.0973381
3.129	-0.0975385
3.13	-0.0977384
3.131	-0.0979379
3.132	-0.098137
3.133	-0.0983356
3.134	-0.0985337
3.135	-0.0987313
3.136	-0.0989285
3.137	-0.0991252
3.138	-0.0993215
3.139	-0.0995173
3.14	-0.0997126
3.141	-0.0999075
3.142	-0.100102
3.143	-0.100296
3.144	-0.100489
3.145	-0.100682
3.146	-0.100875
3.147	-0.101067
3.148	-0.101258
3.149	-0.101449
3.15	-0.10164
3.151	-0.10183
3.152	-0.10202
3.153	-0.102209
3.154	-0.102398
3.155	-0.102586
3.156	-0.102774
3.157	-0.102961
3.158	-0.103148
3.159	-0.103334
3.16	-0.10352
3.161	-0.103705
3.162	-0.10389
3.163	-0.104075
3.164	-0.104259
3.165	-0.104442
3.166	-0.104625
3.167	-0.104808
3.168	-0.10499
3.169	-0.105171
3.17	-0.105352
3.171	-0.105533
3.172	-0.105713
3.173	-0.105893
3.174	-0.106072
3.175	-0.10625
3.176	-0.106428
3.177	-0.106606
3.178	-0.106783
3.179	-0.10696
3.18	-0.107136
3.181	-0.107312
3.182	-0.107487
3.183	-0.107662
3.184	-0.107836
3.185	-0.10801
3.186	-0.108183
3.187	-0.108356
3.188	-0.108528
3.189	-0.1087
3.19	-0.108871
3.191	-0.109042
3.192	-0.109212
3.193	-0.109382
3.194	-0.109551
3.195	-0.10972
3.196	-0.109889
3.197	-0.110056
3.198	-0.110224
3.199	-0.11039
3.2	-0.110557
3.201	-0.110723
3.202	-0.110888
3.203	-0.111053
3.204	-0.111217
3.205	-0.111381
3.206	-0.111544
3.207	-0.111707
3.208	-0.11187
3.209	-0.112031
3.21	-0.112193
3.211	-0.112354
3.212	-0.112514
3.213	-0.112674
3.214	-0.112833
3.215	-0.112992
3.216	-0.11315
3.217	-0.113308
3.218	-0.113465
3.219	-0.113622
3.22	-0.113778
3.221	-0.113934
3.222	-0.114089
3.223	-0.114244
3.224	-0.114398
3.225	-0.114552
3.226	-0.114705
3.227	-0.114858
3.228	-0.11501
3.229	-0.115162
3.23	-0.115313
3.231	-0.115464
3.232	-0.115614
3.233	-0.115764
3.234	-0.115913
3.235	-0.116062
3.236	-0.11621
3.237	-0.116357
3.238	-0.116505
3.239	-0.116651
3.24	-0.116797
3.241	-0.116943
3.242	-0.117088
3.243	-0.117232
3.244	-0.117376
3.245	-0.11752
3.246	-0.117663
3.247	-0.117805
3.248	-0.117947
3.249	-0.118089
3.25	-0.11823
3.251	-0.11837
3.252	-0.11851
3.253	-0.118649
3.254	-0.118788
3.255	-0.118927
3.256	-0.119064
3.257	-0.119202
3.258	-0.119338
3.259	-0.119475
3.26	-0.11961
3.261	-0.119746
3.262	-0.11988
3.263	-0.120014
3.264	-0.120148
3.265	-0.120281
3.266	-0.120414
3.267	-0.120546
3.268	-0.120678
3.269	-0.120809
3.27	-0.120939
3.271	-0.121069
3.272	-0.121198
3.273	-0.121327
3.274	-0.121456
3.275	-0.121584
3.276	-0.121711
3.277	-0.121838
3.278	-0.121964
3.279	-0.12209
3.28	-0.122215
3.281	-0.12234
3.282	-0.122464
3.283	-0.122588
3.284	-0.122711
3.285	-0.122834
3.286	-0.122956
3.287	-0.123077
3.288	-0.123198
3.289	-0.123319
3.29	-0.123439
3.291	-0.123558
3.292	-0.123677
3.293	-0.123795
3.294	-0.123913
3.295	-0.124031
3.296	-0.124147
3.297	-0.124264
3.298	-0.124379
3.299	-0.124495
3.3	-0.124609
3.301	-0.124723
3.302	-0.124837
3.303	-0.12495
3.304	-0.125063
3.305	-0.125175
3.306	-0.125286
3.307	-0.125397
3.308	-0.125507
3.309	-0.125617
3.31	-0.125727
3.311	-0.125835
3.312	-0.125944
3.313	-0.126051
3.314	-0.126159
3.315	-0.126265
3.316	-0.126371
3.317	-0.126477
3.318	-0.126582
3.319	-0.126686
3.32	-0.12679
3.321	-0.126894
3.322	-0.126997
3.323	-0.127099
3.324	-0.127201
3.325	-0.127302
3.326	-0.127403
3.327	-0.127503
3.328	-0.127603
3.329	-0.127702
3.33	-0.127801
3.331	-0.127899
3.332	-0.127996
3.333	-0.128093
3.334	-0.12819
3.335	-0.128286
3.336	-0.128381
3.337	-0.128476
3.338	-0.12857
3.339	-0.128664
3.34	-0.128757
3.341	-0.12885
3.342	-0.128942
3.343	-0.129033
3.344	-0.129124
3.345	-0.129215
3.346	-0.129305
3.347	-0.129394
3.348	-0.129483
3.349	-0.129572
3.35	-0.129659
3.351	-0.129747
3.352	-0.129833
3.353	-0.129919
3.354	-0.130005
3.355	-0.13009
3.356	-0.130175
3.357	-0.130259
3.358	-0.130342
3.359	-0.130425
3.36	-0.130508
3.361	-0.130589
3.362	-0.130671
3.363	-0.130751
3.364	-0.130832
3.365	-0.130911
3.366	-0.13099
3.367	-0.131069
3.368	-0.131147
3.369	-0.131224
3.37	-0.131301
3.371	-0.131378
3.372	-0.131454
3.373	-0.131529
3.374	-0.131604
3.375	-0.131678
3.376	-0.131752
3.377	-0.131825
3.378	-0.131897
3.379	-0.131969
3.38	-0.132041
3.381	-0.132112
3.382	-0.132182
3.383	-0.132252
3.384	-0.132322
3.385	-0.13239
3.386	-0.132459
3.387	-0.132526
3.388	-0.132593
3.389	-0.13266
3.39	-0.132726
3.391	-0.132792
3.392	-0.132857
3.393	-0.132921
3.394	-0.132985
3.395	-0.133048
3.396	-0.133111
3.397	-0.133173
3.398	-0.133235
3.399	-0.133296
3.4	-0.133357
3.401	-0.133417
3.402	-0.133476
3.403	-0.133535
3.404	-0.133594
3.405	-0.133651
3.406	-0.133709
3.407	-0.133766
3.408	-0.133822
3.409	-0.133877
3.41	-0.133933
3.411	-0.133987
3.412	-0.134041
3.413	-0.134095
3.414	-0.134148
3.415	-0.1342
3.416	-0.134252
3.417	-0.134303
3.418	-0.134354
3.419	-0.134404
3.42	-0.134454
3.421	-0.134503
3.422	-0.134552
3.423	-0.1346
3.424	-0.134647
3.425	-0.134694
3.426	-0.134741
3.427	-0.134787
3.428	-0.134832
3.429	-0.134877
3.43	-0.134921
3.431	-0.134965
3.432	-0.135008
3.433	-0.13505
3.434	-0.135092
3.435	-0.135134
3.436	-0.135175
3.437	-0.135215
3.438	-0.135255
3.439	-0.135294
3.44	-0.135333
3.441	-0.135371
3.442	-0.135409
3.443	-0.135446
3.444	-0.135483
3.445	-0.135519
3.446	-0.135554
3.447	-0.135589
3.448	-0.135624
3.449	-0.135658
3.45	-0.135691
3.451	-0.135724
3.452	-0.135756
3.453	-0.135788
3.454	-0.135819
3.455	-0.135849
3.456	-0.135879
3.457	-0.135909
3.458	-0.135938
3.459	-0.135966
3.46	-0.135994
3.461	-0.136022
3.462	-0.136048
3.463	-0.136075
3.464	-0.1361
3.465	-0.136125
3.466	-0.13615
3.467	-0.136174
3.468	-0.136198
3.469	-0.136221
3.47	-0.136243
3.471	-0.136265
3.472	-0.136286
3.473	-0.136307
3.474	-0.136328
3.475	-0.136347
3.476	-0.136366
3.477	-0.136385
3.478	-0.136403
3.479	-0.136421
3.48	-0.136438
3.481	-0.136454
3.482	-0.13647
3.483	-0.136486
3.484	-0.136501
3.485	-0.136515
3.486	-0.136529
3.487	-0.136542
3.488	-0.136555
3.489	-0.136567
3.49	-0.136578
3.491	-0.136589
3.492	-0.1366
3.493	-0.13661
3.494	-0.136619
3.495	-0.136628
3.496	-0.136637
3.497	-0.136645
3.498	-0.136652
3.499	-0.136659
3.5	-0.136665
3.501	-0.136671
3.502	-0.136676
3.503	-0.13668
3.504	-0.136684
3.505	-0.136688
3.506	-0.136691
3.507	-0.136693
3.508	-0.136695
3.509	-0.136697
3.51	-0.136698
3.511	-0.136698
3.512	-0.136698
3.513	-0.136697
3.514	-0.136696
3.515	-0.136694
3.516	-0.136691
3.517	-0.136689
3.518	-0.136685
3.519	-0.136681
3.52	-0.136677
3.521	-0.136672
3.522	-0.136666
3.523	-0.13666
3.524	-0.136653
3.525	-0.136646
3.526	-0.136638
3.527	-0.13663
3.528	-0.136621
3.529	-0.136612
3.53	-0.136602
3.531	-0.136592
3.532	-0.136581
3.533	-0.13657
3.534	-0.136558
3.535	-0.136545
3.536	-0.136532
3.537	-0.136519
3.538	-0.136504
3.539	-0.13649
3.54	-0.136475
3.541	-0.136459
3.542	-0.136443
3.543	-0.136426
3.544	-0.136409
3.545	-0.136391
3.546	-0.136373
3.547	-0.136354
3.548	-0.136334
3.549	-0.136314
3.55	-0.136294
3.551	-0.136273
3.552	-0.136252
3.553	-0.13623
3.554	-0.136207
3.555	-0.136184
3.556	-0.13616
3.557	-0.136136
3.558	-0.136111
3.559	-0.136086
3.56	-0.136061
3.561	-0.136034
3.562	-0.136008
3.563	-0.13598
3.564	-0.135953
3.565	-0.135924
3.566	-0.135895
3.567	-0.135866
3.568	-0.135836
3.569	-0.135806
3.57	-0.135775
3.571	-0.135743
3.572	-0.135711
3.573	-0.135679
3.574	-0.135646
3.575	-0.135612
3.576	-0.135578
3.577	-0.135544
3.578	-0.135509
3.579	-0.135473
3.58	-0.135437
3.581	-0.1354
3.582	-0.135363
3.583	-0.135325
3.584	-0.135287
3.585	-0.135248
3.586	-0.135209
3.587	-0.135169
3.588	-0.135129
3.589	-0.135088
3.59	-0.135047
3.591	-0.135005
3.592	-0.134963
3.593	-0.13492
3.594	-0.134877
3.595	-0.134833
3.596	-0.134788
3.597	-0.134743
3.598	-0.134698
3.599	-0.134652
3.6	-0.134606
3.601	-0.134559
3.602	-0.134511
3.603	-0.134463
3.604	-0.134415
3.605	-0.134366
3.606	-0.134316
3.607	-0.134266
3.608	-0.134216
3.609	-0.134165
3.61	-0.134113
3.611	-0.134061
3.612	-0.134008
3.613	-0.133955
3.614	-0.133902
3.615	-0.133848
3.616	-0.133793
3.617	-0.133738
3.618	-0.133682
3.619	-0.133626
3.62	-0.13357
3.621	-0.133513
3.622	-0.133455
3.623	-0.133397
3.624	-0.133338
3.625	-0.133279
3.626	-0.133219
3.627	-0.133159
3.628	-0.133099
3.629	-0.133038
3.63	-0.132976
3.631	-0.132914
3.632	-0.132851
3.633	-0.132788
3.634	-0.132724
3.635	-0.13266
3.636	-0.132596
3.637	-0.132531
3.638	-0.132465
3.639	-0.132399
3.64	-0.132332
3.641	-0.132265
3.642	-0.132197
3.643	-0.132129
3.644	-0.132061
3.645	-0.131992
3.646	-0.131922
3.647	-0.131852
3.648	-0.131781
3.649	-0.13171
3.65	-0.131639
3.651	-0.131567
3.652	-0.131494
3.653	-0.131421
3.654	-0.131348
3.655	-0.131274
3.656	-0.131199
3.657	-0.131124
3.658	-0.131049
3.659	-0.130973
3.66	-0.130896
3.661	-0.130819
3.662	-0.130742
3.663	-0.130664
3.664	-0.130586
3.665	-0.130507
3.666	-0.130427
3.667	-0.130348
3.668	-0.130267
3.669	-0.130186
3.67	-0.130105
3.671	-0.130023
3.672	-0.129941
3.673	-0.129858
3.674	-0.129775
3.675	-0.129691
3.676	-0.129607
3.677	-0.129523
3.678	-0.129437
3.679	-0.129352
3.68	-0.129266
3.681	-0.129179
3.682	-0.129092
3.683	-0.129005
3.684	-0.128917
3.685	-0.128828
3.686	-0.128739
3.687	-0.12865
3.688	-0.12856
3.689	-0.128469
3.69	-0.128379
3.691	-0.128287
3.692	-0.128195
3.693	-0.128103
3.694	-0.12801
3.695	-0.127917
3.696	-0.127823
3.697	-0.127729
3.698	-0.127635
3.699	-0.12754
3.7	-0.127444
3.701	-0.127348
3.702	-0.127252
3.703	-0.127155
3.704	-0.127057
3.705	-0.126959
3.706	-0.126861
3.707	-0.126762
3.708	-0.126663
3.709	-0.126563
3.71	-0.126463
3.711	-0.126362
3.712	-0.126261
3.713	-0.12616
3.714	-0.126058
3.715	-0.125955
3.716	-0.125852
3.717	-0.125749
3.718	-0.125645
3.719	-0.12554
3.72	-0.125436
3.721	-0.12533
3.722	-0.125225
3.723	-0.125119
3.724	-0.125012
3.725	-0.124905
3.726	-0.124797
3.727	-0.124689
3.728	-0.124581
3.729	-0.124472
3.73	-0.124363
3.731	-0.124253
3.732	-0.124143
3.733	-0.124032
3.734	-0.123921
3.735	-0.123809
3.736	-0.123697
3.737	-0.123585
3.738	-0.123472
3.739	-0.123358
3.74	-0.123245
3.741	-0.12313
3.742	-0.123016
3.743	-0.122901
3.744	-0.122785
3.745	-0.122669
3.746	-0.122552
3.747	-0.122436
3.748	-0.122318
3.749	-0.1222
3.75	-0.122082
3.751	-0.121963
3.752	-0.121844
3.753	-0.121725
3.754	-0.121605
3.755	-0.121484
3.756	-0.121364
3.757	-0.121242
3.758	-0.12112
3.759	-0.120998
3.76	-0.120876
3.761	-0.120753
3.762	-0.120629
3.763	-0.120505
3.764	-0.120381
3.765	-0.120256
3.766	-0.120131
3.767	-0.120005
3.768	-0.119879
3.769	-0.119753
3.77	-0.119626
3.771	-0.119499
3.772	-0.119371
3.773	-0.119243
3.774	-0.119114
3.775	-0.118985
3.776	-0.118856
3.777	-0.118726
3.778	-0.118595
3.779	-0.118465
3.78	-0.118334
3.781	-0.118202
3.782	-0.11807
3.783	-0.117938
3.784	-0.117805
3.785	-0.117672
3.786	-0.117538
3.787	-0.117404
3.788	-0.117269
3.789	-0.117134
3.79	-0.116999
3.791	-0.116863
3.792	-0.116727
3.793	-0.116591
3.794	-0.116454
3.795	-0.116316
3.796	-0.116179
3.797	-0.11604
3.798	-0.115902
3.799	-0.115763
3.8	-0.115623
3.801	-0.115484
3.802	-0.115343
3.803	-0.115203
3.804	-0.115062
3.805	-0.11492
3.806	-0.114778
3.807	-0.114636
3.808	-0.114493
3.809	-0.11435
3.81	-0.114207
3.811	-0.114063
3.812	-0.113919
3.813	-0.113774
3.814	-0.113629
3.815	-0.113483
3.816	-0.113338
3.817	-0.113191
3.818	-0.113045
3.819	-0.112898
3.82	-0.11275
3.821	-0.112602
3.822	-0.112454
3.823	-0.112305
3.824	-0.112156
3.825	-0.112007
3.826	-0.111857
3.827	-0.111707
3.828	-0.111556
3.829	-0.111406
3.83	-0.111254
3.831	-0.111102
3.832	-0.11095
3.833	-0.110798
3.834	-0.110645
3.835	-0.110492
3.836	-0.110338
3.837	-0.110184
3.838	-0.11003
3.839	-0.109875
3.84	-0.10972
3.841	-0.109564
3.842	-0.109408
3.843	-0.109252
3.844	-0.109095
3.845	-0.108938
3.846	-0.10878
3.847	-0.108623
3.848	-0.108464
3.849	-0.108306
3.85	-0.108147
3.851	-0.107988
3.852	-0.107828
3.853	-0.107668
3.854	-0.107507
3.855	-0.107347
3.856	-0.107185
3.857	-0.107024
3.858	-0.106862
3.859	-0.1067
3.86	-0.106537
3.861	-0.106374
3.862	-0.106211
3.863	-0.106047
3.864	-0.105883
3.865	-0.105718
3.866	-0.105554
3.867	-0.105388
3.868	-0.105223
3.869	-0.105057
3.87	-0.104891
3.871	-0.104724
3.872	-0.104557
3.873	-0.10439
3.874	-0.104222
3.875	-0.104054
3.876	-0.103886
3.877	-0.103717
3.878	-0.103548
3.879	-0.103378
3.88	-0.103209
3.881	-0.103038
3.882	-0.102868
3.883	-0.102697
3.884	-0.102526
3.885	-0.102354
3.886	-0.102182
3.887	-0.10201
3.888	-0.101838
3.889	-0.101665
3.89	-0.101491
3.891	-0.101318
3.892	-0.101144
3.893	-0.100969
3.894	-0.100795
3.895	-0.10062
3.896	-0.100445
3.897	-0.100269
3.898	-0.100093
3.899	-0.0999166
3.9	-0.0997399
3.901	-0.0995629
3.902	-0.0993856
3.903	-0.0992079
3.904	-0.0990299
3.905	-0.0988516
3.906	-0.098673
3.907	-0.098494
3.908	-0.0983147
3.909	-0.098135
3.91	-0.097955
3.911	-0.0977747
3.912	-0.0975941
3.913	-0.0974132
3.914	-0.0972319
3.915	-0.0970503
3.916	-0.0968683
3.917	-0.0966861
3.918	-0.0965035
3.919	-0.0963206
3.92	-0.0961374
3.921	-0.0959539
3.922	-0.0957701
3.923	-0.0955859
3.924	-0.0954014
3.925	-0.0952166
3.926	-0.0950315
3.927	-0.0948461
3.928	-0.0946603
3.929	-0.0944743
3.93	-0.0942879
3.931	-0.0941013
3.932	-0.0939143
3.933	-0.093727
3.934	-0.0935394
3.935	-0.0933515
3.936	-0.0931633
3.937	-0.0929747
3.938	-0.0927859
3.939	-0.0925968
3.94	-0.0924073
3.941	-0.0922176
3.942	-0.0920275
3.943	-0.0918372
3.944	-0.0916466
3.945	-0.0914556
3.946	-0.0912644
3.947	-0.0910728
3.948	-0.090881
3.949	-0.0906889
3.95	-0.0904964
3.951	-0.0903037
3.952	-0.0901107
3.953	-0.0899174
3.954	-0.0897238
3.955	-0.0895299
3.956	-0.0893357
3.957	-0.0891412
3.958	-0.0889464
3.959	-0.0887514
3.96	-0.088556
3.961	-0.0883604
3.962	-0.0881645
3.963	-0.0879683
3.964	-0.0877718
3.965	-0.087575
3.966	-0.087378
3.967	-0.0871807
3.968	-0.0869831
3.969	-0.0867852
3.97	-0.086587
3.971	-0.0863885
3.972	-0.0861898
3.973	-0.0859908
3.974	-0.0857915
3.975	-0.085592
3.976	-0.0853922
3.977	-0.0851921
3.978	-0.0849917
3.979	-0.084791
3.98	-0.0845901
3.981	-0.0843889
3.982	-0.0841875
3.983	-0.0839858
3.984	-0.0837838
3.985	-0.0835815
3.986	-0.083379
3.987	-0.0831762
3.988	-0.0829732
3.989	-0.0827699
3.99	-0.0825663
3.991	-0.0823624
3.992	-0.0821583
3.993	-0.081954
3.994	-0.0817494
3.995	-0.0815445
3.996	-0.0813394
3.997	-0.081134
3.998	-0.0809283
3.999	-0.0807224
4	-0.0805163
4.001	-0.0803099
4.002	-0.0801032
4.003	-0.0798963
4.004	-0.0796892
4.005	-0.0794818
4.006	-0.0792741
4.007	-0.0790662
4.008	-0.0788581
4.009	-0.0786497
4.01	-0.078441
4.011	-0.0782321
4.012	-0.078023
4.013	-0.0778136
4.014	-0.077604
4.015	-0.0773942
4.016	-0.0771841
4.017	-0.0769737
4.018	-0.0767632
4.019	-0.0765524
4.02	-0.0763413
4.021	-0.07613
4.022	-0.0759185
4.023	-0.0757068
4.024	-0.0754948
4.025	-0.0752826
4.026	-0.0750701
4.027	-0.0748574
4.028	-0.0746445
4.029	-0.0744314
4.03	-0.074218
4.031	-0.0740044
4.032	-0.0737906
4.033	-0.0735766
4.034	-0.0733623
4.035	-0.0731478
4.036	-0.0729331
4.037	-0.0727182
4.038	-0.072503
4.039	-0.0722877
4.04	-0.0720721
4.041	-0.0718563
4.042	-0.0716402
4.043	-0.071424
4.044	-0.0712075
4.045	-0.0709908
4.046	-0.0707739
4.047	-0.0705568
4.048	-0.0703395
4.049	-0.070122
4.05	-0.0699043
4.051	-0.0696863
4.052	-0.0694682
4.053	-0.0692498
4.054	-0.0690312
4.055	-0.0688125
4.056	-0.0685935
4.057	-0.0683743
4.058	-0.0681549
4.059	-0.0679353
4.06	-0.0677155
4.061	-0.0674955
4.062	-0.0672753
4.063	-0.067055
4.064	-0.0668344
4.065	-0.0666136
4.066	-0.0663926
4.067	-0.0661714
4.068	-0.0659501
4.069	-0.0657285
4.07	-0.0655067
4.071	-0.0652848
4.072	-0.0650626
4.073	-0.0648403
4.074	-0.0646178
4.075	-0.0643951
4.076	-0.0641722
4.077	-0.0639491
4.078	-0.0637258
4.079	-0.0635024
4.08	-0.0632788
4.081	-0.0630549
4.082	-0.0628309
4.083	-0.0626068
4.084	-0.0623824
4.085	-0.0621579
4.086	-0.0619331
4.087	-0.0617082
4.088	-0.0614832
4.089	-0.0612579
4.09	-0.0610325
4.091	-0.0608069
4.092	-0.0605811
4.093	-0.0603552
4.094	-0.0601291
4.095	-0.0599028
4.096	-0.0596763
4.097	-0.0594497
4.098	-0.0592229
4.099	-0.058996
4.1	-0.0587688
4.101	-0.0585416
4.102	-0.0583141
4.103	-0.0580865
4.104	-0.0578587
4.105	-0.0576308
4.106	-0.0574027
4.107	-0.0571744
4.108	-0.056946
4.109	-0.0567174
4.11	-0.0564887
4.111	-0.0562598
4.112	-0.0560308
4.113	-0.0558016
4.114	-0.0555722
4.115	-0.0553427
4.116	-0.0551131
4.117	-0.0548833
4.118	-0.0546533
4.119	-0.0544232
4.12	-0.0541929
4.121	-0.0539625
4.122	-0.053732
4.123	-0.0535013
4.124	-0.0532705
4.125	-0.0530395
4.126	-0.0528084
4.127	-0.0525771
4.128	-0.0523457
4.129	-0.0521142
4.13	-0.0518825
4.131	-0.0516507
4.132	-0.0514187
4.133	-0.0511866
4.134	-0.0509544
4.135	-0.050722
4.136	-0.0504896
4.137	-0.0502569
4.138	-0.0500242
4.139	-0.0497913
4.14	-0.0495583
4.141	-0.0493251
4.142	-0.0490918
4.143	-0.0488584
4.144	-0.0486249
4.145	-0.0483913
4.146	-0.0481575
4.147	-0.0479236
4.148	-0.0476895
4.149	-0.0474554
4.15	-0.0472211
4.151	-0.0469867
4.152	-0.0467522
4.153	-0.0465176
4.154	-0.0462829
4.155	-0.046048
4.156	-0.045813
4.157	-0.045578
4.158	-0.0453428
4.159	-0.0451074
4.16	-0.044872
4.161	-0.0446365
4.162	-0.0444008
4.163	-0.0441651
4.164	-0.0439292
4.165	-0.0436932
4.166	-0.0434572
4.167	-0.043221
4.168	-0.0429847
4.169	-0.0427483
4.17	-0.0425118
4.171	-0.0422752
4.172	-0.0420385
4.173	-0.0418017
4.174	-0.0415648
4.175	-0.0413279
4.176	-0.0410908
4.177	-0.0408536
4.178	-0.0406163
4.179	-0.0403789
4.18	-0.0401414
4.181	-0.0399039
4.182	-0.0396662
4.183	-0.0394285
4.184	-0.0391907
4.185	-0.0389527
4.186	-0.0387147
4.187	-0.0384766
4.188	-0.0382384
4.189	-0.0380002
4.19	-0.0377618
4.191	-0.0375234
4.192	-0.0372848
4.193	-0.0370462
4.194	-0.0368076
4.195	-0.0365688
4.196	-0.03633
4.197	-0.036091
4.198	-0.035852
4.199	-0.035613
4.2	-0.0353738
4.201	-0.0351346
4.202	-0.0348953
4.203	-0.0346559
4.204	-0.0344165
4.205	-0.0341769
4.206	-0.0339374
4.207	-0.0336977
4.208	-0.033458
4.209	-0.0332182
4.21	-0.0329783
4.211	-0.0327384
4.212	-0.0324984
4.213	-0.0322584
4.214	-0.0320183
4.215	-0.0317781
4.216	-0.0315379
4.217	-0.0312976
4.218	-0.0310572
4.219	-0.0308168
4.22	-0.0305763
4.221	-0.0303358
4.222	-0.0300952
4.223	-0.0298546
4.224	-0.0296139
4.225	-0.0293731
4.226	-0.0291323
4.227	-0.0288915
4.228	-0.0286506
4.229	-0.0284096
4.23	-0.0281686
4.231	-0.0279276
4.232	-0.0276865
4.233	-0.0274454
4.234	-0.0272042
4.235	-0.026963
4.236	-0.0267217
4.237	-0.0264804
4.238	-0.026239
4.239	-0.0259976
4.24	-0.0257562
4.241	-0.0255147
4.242	-0.0252732
4.243	-0.0250317
4.244	-0.0247901
4.245	-0.0245485
4.246	-0.0243069
4.247	-0.0240652
4.248	-0.0238235
4.249	-0.0235817
4.25	-0.0233399
4.251	-0.0230981
4.252	-0.0228563
4.253	-0.0226144
4.254	-0.0223725
4.255	-0.0221306
4.256	-0.0218887
4.257	-0.0216467
4.258	-0.0214047
4.259	-0.0211627
4.26	-0.0209207
4.261	-0.0206786
4.262	-0.0204366
4.263	-0.0201945
4.264	-0.0199524
4.265	-0.0197102
4.266	-0.0194681
4.267	-0.0192259
4.268	-0.0189838
4.269	-0.0187416
4.27	-0.0184994
4.271	-0.0182572
4.272	-0.018015
4.273	-0.0177727
4.274	-0.0175305
4.275	-0.0172882
4.276	-0.017046
4.277	-0.0168037
4.278	-0.0165615
4.279	-0.0163192
4.28	-0.0160769
4.281	-0.0158346
4.282	-0.0155923
4.283	-0.0153501
4.284	-0.0151078
4.285	-0.0148655
4.286	-0.0146232
4.287	-0.0143809
4.288	-0.0141387
4.289	-0.0138964
4.29	-0.0136541
4.291	-0.0134119
4.292	-0.0131696
4.293	-0.0129274
4.294	-0.0126851
4.295	-0.0124429
4.296	-0.0122007
4.297	-0.0119585
4.298	-0.0117163
4.299	-0.0114741
4.3	-0.011232
4.301	-0.0109898
4.302	-0.0107477
4.303	-0.0105055
4.304	-0.0102634
4.305	-0.0100214
4.306	-0.00977929
4.307	-0.00953725
4.308	-0.00929522
4.309	-0.00905322
4.31	-0.00881124
4.311	-0.00856929
4.312	-0.00832735
4.313	-0.00808545
4.314	-0.00784357
4.315	-0.00760171
4.316	-0.00735989
4.317	-0.00711809
4.318	-0.00687632
4.319	-0.00663459
4.32	-0.00639288
4.321	-0.00615121
4.322	-0.00590957
4.323	-0.00566796
4.324	-0.00542639
4.325	-0.00518485
4.326	-0.00494335
4.327	-0.00470189
4.328	-0.00446046
4.329	-0.00421908
4.33	-0.00397773
4.331	-0.00373643
4.332	-0.00349517
4.333	-0.00325394
4.334	-0.00301277
4.335	-0.00277164
4.336	-0.00253055
4.337	-0.00228951
4.338	-0.00204851
4.339	-0.00180756
4.34	-0.00156667
4.341	-0.00132582
4.342	-0.00108502
4.343	-0.000844269
4.344	-0.000603573
4.345	-0.00036293
4.346	-0.00012234
4.347	0.000118195
4.348	0.000358674
4.349	0.000599098
4.35	0.000839464
4.351	0.00107977
4.352	0.00132002
4.353	0.00156021
4.354	0.00180034
4.355	0.00204041
4.356	0.00228042
4.357	0.00252036
4.358	0.00276024
4.359	0.00300005
4.36	0.0032398
4.361	0.00347948
4.362	0.0037191
4.363	0.00395865
4.364	0.00419813
4.365	0.00443753
4.366	0.00467687
4.367	0.00491614
4.368	0.00515533
4.369	0.00539445
4.37	0.0056335
4.371	0.00587247
4.372	0.00611137
4.373	0.00635019
4.374	0.00658893
4.375	0.0068276
4.376	0.00706618
4.377	0.00730469
4.378	0.00754311
4.379	0.00778146
4.38	0.00801972
4.381	0.0082579
4.382	0.00849599
4.383	0.008734
4.384	0.00897193
4.385	0.00920976
4.386	0.00944751
4.387	0.00968517
4.388	0.00992275
4.389	0.0101602
4.39	0.0103976
4.391	0.0106349
4.392	0.0108721
4.393	0.0111093
4.394	0.0113463
4.395	0.0115832
4.396	0.01182
4.397	0.0120568
4.398	0.0122934
4.399	0.0125299
4.4	0.0127664
4.401	0.0130027
4.402	0.013239
4.403	0.0134751
4.404	0.0137111
4.405	0.0139471
4.406	0.0141829
4.407	0.0144186
4.408	0.0146543
4.409	0.0148898
4.41	0.0151252
4.411	0.0153605
4.412	0.0155957
4.413	0.0158308
4.414	0.0160657
4.415	0.0163006
4.416	0.0165354
4.417	0.01677
4.418	0.0170045
4.419	0.0172389
4.42	0.0174732
4.421	0.0177074
4.422	0.0179415
4.423	0.0181754
4.424	0.0184092
4.425	0.0186429
4.426	0.0188765
4.427	0.01911
4.428	0.0193433
4.429	0.0195766
4.43	0.0198097
4.431	0.0200426
4.432	0.0202755
4.433	0.0205082
4.434	0.0207408
4.435	0.0209733
4.436	0.0212056
4.437	0.0214379
4.438	0.02167
4.439	0.0219019
4.44	0.0221337
4.441	0.0223654
4.442	0.022597
4.443	0.0228284
4.444	0.0230597
4.445	0.0232909
4.446	0.0235219
4.447	0.0237528
4.448	0.0239836
4.449	0.0242142
4.45	0.0244446
4.451	0.024675
4.452	0.0249052
4.453	0.0251352
4.454	0.0253652
4.455	0.0255949
4.456	0.0258246
4.457	0.026054
4.458	0.0262834
4.459	0.0265126
4.46	0.0267416
4.461	0.0269705
4.462	0.0271993
4.463	0.0274279
4.464	0.0276563
4.465	0.0278846
4.466	0.0281128
4.467	0.0283408
4.468	0.0285686
4.469	0.0287963
4.47	0.0290239
4.471	0.0292513
4.472	0.0294785
4.473	0.0297056
4.474	0.0299325
4.475	0.0301592
4.476	0.0303858
4.477	0.0306123
4.478	0.0308386
4.479	0.0310647
4.48	0.0312906
4.481	0.0315164
4.482	0.0317421
4.483	0.0319675
4.484	0.0321929
4.485	0.032418
4.486	0.032643
4.487	0.0328678
4.488	0.0330924
4.489	0.0333169
4.49	0.0335412
4.491	0.0337653
4.492	0.0339893
4.493	0.0342131
4.494	0.0344367
4.495	0.0346602
4.496	0.0348834
4.497	0.0351065
4.498	0.0353295
4.499	0.0355522
4.5	0.0357748
4.501	0.0359972
4.502	0.0362194
4.503	0.0364414
4.504	0.0366633
4.505	0.036885
4.506	0.0371065
4.507	0.0373278
4.508	0.0375489
4.509	0.0377699
4.51	0.0379907
4.511	0.0382112
4.512	0.0384316
4.513	0.0386519
4.514	0.0388719
4.515	0.0390917
4.516	0.0393114
4.517	0.0395308
4.518	0.0397501
4.519	0.0399692
4.52	0.0401881
4.521	0.0404068
4.522	0.0406253
4.523	0.0408436
4.524	0.0410618
4.525	0.0412797
4.526	0.0414974
4.527	0.041715
4.528	0.0419323
4.529	0.0421495
4.53	0.0423664
4.531	0.0425832
4.532	0.0427997
4.533	0.0430161
4.534	0.0432322
4.535	0.0434482
4.536	0.0436639
4.537	0.0438795
4.538	0.0440948
4.539	0.04431
4.54	0.0445249
4.541	0.0447396
4.542	0.0449542
4.543	0.0451685
4.544	0.0453826
4.545	0.0455965
4.546	0.0458102
4.547	0.0460237
4.548	0.0462369
4.549	0.04645
4.55	0.0466629
4.551	0.0468755
4.552	0.0470879
4.553	0.0473001
4.554	0.0475121
4.555	0.0477239
4.556	0.0479355
4.557	0.0481468
4.558	0.048358
4.559	0.0485689
4.56	0.0487796
4.561	0.0489901
4.562	0.0492003
4.563	0.0494104
4.564	0.0496202
4.565	0.0498298
4.566	0.0500392
4.567	0.0502484
4.568	0.0504573
4.569	0.050666
4.57	0.0508745
4.571	0.0510827
4.572	0.0512908
4.573	0.0514986
4.574	0.0517062
4.575	0.0519135
4.576	0.0521206
4.577	0.0523275
4.578	0.0525342
4.579	0.0527406
4.58	0.0529468
4.581	0.0531528
4.582	0.0533585
4.583	0.053564
4.584	0.0537693
4.585	0.0539743
4.586	0.0541791
4.587	0.0543837
4.588	0.054588
4.589	0.0547921
4.59	0.054996
4.591	0.0551996
4.592	0.055403
4.593	0.0556061
4.594	0.055809
4.595	0.0560117
4.596	0.0562141
4.597	0.0564163
4.598	0.0566182
4.599	0.0568199
4.6	0.0570214
4.601	0.0572226
4.602	0.0574235
4.603	0.0576242
4.604	0.0578247
4.605	0.0580249
4.606	0.0582249
4.607	0.0584246
4.608	0.0586241
4.609	0.0588233
4.61	0.0590223
4.611	0.059221
4.612	0.0594195
4.613	0.0596177
4.614	0.0598157
4.615	0.0600134
4.616	0.0602109
4.617	0.0604081
4.618	0.0606051
4.619	0.0608018
4.62	0.0609982
4.621	0.0611944
4.622	0.0613903
4.623	0.061586
4.624	0.0617814
4.625	0.0619766
4.626	0.0621715
4.627	0.0623661
4.628	0.0625605
4.629	0.0627547
4.63	0.0629485
4.631	0.0631421
4.632	0.0633354
4.633	0.0635285
4.634	0.0637213
4.635	0.0639139
4.636	0.0641061
4.637	0.0642982
4.638	0.0644899
4.639	0.0646814
4.64	0.0648726
4.641	0.0650635
4.642	0.0652542
4.643	0.0654446
4.644	0.0656348
4.645	0.0658246
4.646	0.0660142
4.647	0.0662035
4.648	0.0663926
4.649	0.0665814
4.65	0.0667699
4.651	0.0669581
4.652	0.0671461
4.653	0.0673338
4.654	0.0675212
4.655	0.0677083
4.656	0.0678952
4.657	0.0680818
4.658	0.0682681
4.659	0.0684541
4.66	0.0686399
4.661	0.0688253
4.662	0.0690105
4.663	0.0691954
4.664	0.0693801
4.665	0.0695644
4.666	0.0697485
4.667	0.0699323
4.668	0.0701158
4.669	0.070299
4.67	0.070482
4.671	0.0706646
4.672	0.070847
4.673	0.0710291
4.674	0.0712109
4.675	0.0713924
4.676	0.0715736
4.677	0.0717546
4.678	0.0719352
4.679	0.0721156
4.68	0.0722957
4.681	0.0724755
4.682	0.072655
4.683	0.0728342
4.684	0.0730131
4.685	0.0731917
4.686	0.07337
4.687	0.0735481
4.688	0.0737258
4.689	0.0739033
4.69	0.0740804
4.691	0.0742573
4.692	0.0744339
4.693	0.0746102
4.694	0.0747861
4.695	0.0749618
4.696	0.0751372
4.697	0.0753123
4.698	0.0754871
4.699	0.0756616
4.7	0.0758358
4.701	0.0760097
4.702	0.0761833
4.703	0.0763566
4.704	0.0765296
4.705	0.0767023
4.706	0.0768747
4.707	0.0770468
4.708	0.0772186
4.709	0.0773901
4.71	0.0775613
4.711	0.0777322
4.712	0.0779027
4.713	0.078073
4.714	0.078243
4.715	0.0784126
4.716	0.078582
4.717	0.078751
4.718	0.0789198
4.719	0.0790882
4.72	0.0792564
4.721	0.0794242
4.722	0.0795917
4.723	0.0797589
4.724	0.0799258
4.725	0.0800924
4.726	0.0802586
4.727	0.0804246
4.728	0.0805902
4.729	0.0807556
4.73	0.0809206
4.731	0.0810853
4.732	0.0812497
4.733	0.0814138
4.734	0.0815776
4.735	0.081741
4.736	0.0819042
4.737	0.082067
4.738	0.0822295
4.739	0.0823917
4.74	0.0825536
4.741	0.0827151
4.742	0.0828764
4.743	0.0830373
4.744	0.0831979
4.745	0.0833582
4.746	0.0835181
4.747	0.0836778
4.748	0.0838371
4.749	0.0839961
4.75	0.0841548
4.751	0.0843132
4.752	0.0844712
4.753	0.084629
4.754	0.0847864
4.755	0.0849434
4.756	0.0851002
4.757	0.0852566
4.758	0.0854127
4.759	0.0855685
4.76	0.085724
4.761	0.0858791
4.762	0.0860339
4.763	0.0861884
4.764	0.0863425
4.765	0.0864963
4.766	0.0866498
4.767	0.086803
4.768	0.0869559
4.769	0.0871084
4.77	0.0872606
4.771	0.0874124
4.772	0.0875639
4.773	0.0877151
4.774	0.087866
4.775	0.0880166
4.776	0.0881668
4.777	0.0883166
4.778	0.0884662
4.779	0.0886154
4.78	0.0887643
4.781	0.0889128
4.782	0.089061
4.783	0.0892089
4.784	0.0893564
4.785	0.0895037
4.786	0.0896505
4.787	0.0897971
4.788	0.0899433
4.789	0.0900892
4.79	0.0902347
4.791	0.0903799
4.792	0.0905247
4.793	0.0906693
4.794	0.0908135
4.795	0.0909573
4.796	0.0911008
4.797	0.091244
4.798	0.0913868
4.799	0.0915293
4.8	0.0916715
4.801	0.0918133
4.802	0.0919548
4.803	0.0920959
4.804	0.0922367
4.805	0.0923771
4.806	0.0925173
4.807	0.092657
4.808	0.0927965
4.809	0.0929355
4.81	0.0930743
4.811	0.0932127
4.812	0.0933507
4.813	0.0934885
4.814	0.0936258
4.815	0.0937628
4.816	0.0938995
4.817	0.0940359
4.818	0.0941719
4.819	0.0943075
4.82	0.0944428
4.821	0.0945777
4.822	0.0947124
4.823	0.0948466
4.824	0.0949805
4.825	0.0951141
4.826	0.0952473
4.827	0.0953802
4.828	0.0955127
4.829	0.0956449
4.83	0.0957767
4.831	0.0959082
4.832	0.0960393
4.833	0.0961701
4.834	0.0963005
4.835	0.0964306
4.836	0.0965603
4.837	0.0966897
4.838	0.0968187
4.839	0.0969474
4.84	0.0970757
4.841	0.0972037
4.842	0.0973313
4.843	0.0974586
4.844	0.0975855
4.845	0.097712
4.846	0.0978382
4.847	0.0979641
4.848	0.0980896
4.849	0.0982147
4.85	0.0983395
4.851	0.098464
4.852	0.098588
4.853	0.0987118
4.854	0.0988351
4.855	0.0989582
4.856	0.0990808
4.857	0.0992031
4.858	0.0993251
4.859	0.0994467
4.86	0.0995679
4.861	0.0996888
4.862	0.0998093
4.863	0.0999295
4.864	0.100049
4.865	0.100169
4.866	0.100288
4.867	0.100407
4.868	0.100525
4.869	0.100643
4.87	0.100761
4.871	0.100878
4.872	0.100995
4.873	0.101111
4.874	0.101228
4.875	0.101343
4.876	0.101459
4.877	0.101574
4.878	0.101689
4.879	0.101803
4.88	0.101917
4.881	0.102031
4.882	0.102144
4.883	0.102257
4.884	0.10237
4.885	0.102482
4.886	0.102594
4.887	0.102706
4.888	0.102817
4.889	0.102928
4.89	0.103038
4.891	0.103148
4.892	0.103258
4.893	0.103367
4.894	0.103476
4.895	0.103585
4.896	0.103693
4.897	0.103801
4.898	0.103908
4.899	0.104015
4.9	0.104122
4.901	0.104229
4.902	0.104335
4.903	0.10444
4.904	0.104546
4.905	0.104651
4.906	0.104755
4.907	0.10486
4.908	0.104963
4.909	0.105067
4.91	0.10517
4.911	0.105273
4.912	0.105375
4.913	0.105477
4.914	0.105579
4.915	0.10568
4.916	0.105781
4.917	0.105882
4.918	0.105982
4.919	0.106082
4.92	0.106181
4.921	0.10628
4.922	0.106379
4.923	0.106477
4.924	0.106575
4.925	0.106673
4.926	0.10677
4.927	0.106867
4.928	0.106963
4.929	0.10706
4.93	0.107155
4.931	0.107251
4.932	0.107346
4.933	0.10744
4.934	0.107535
4.935	0.107629
4.936	0.107722
4.937	0.107815
4.938	0.107908
4.939	0.108001
4.94	0.108093
4.941	0.108184
4.942	0.108276
4.943	0.108367
4.944	0.108457
4.945	0.108547
4.946	0.108637
4.947	0.108727
4.948	0.108816
4.949	0.108904
4.95	0.108993
4.951	0.109081
4.952	0.109168
4.953	0.109255
4.954	0.109342
4.955	0.109429
4.956	0.109515
4.957	0.109601
4.958	0.109686
4.959	0.109771
4.96	0.109856
4.961	0.10994
4.962	0.110024
4.963	0.110107
4.964	0.11019
4.965	0.110273
4.966	0.110355
4.967	0.110437
4.968	0.110519
4.969	0.1106
4.97	0.110681
4.971	0.110762
4.972	0.110842
4.973	0.110922
4.974	0.111001
4.975	0.11108
4.976	0.111159
4.977	0.111237
4.978	0.111315
4.979	0.111392
4.98	0.11147
4.981	0.111546
4.982	0.111623
4.983	0.111699
4.984	0.111774
4.985	0.11185
4.986	0.111924
4.987	0.111999
4.988	0.112073
4.989	0.112147
4.99	0.11222
4.991	0.112293
4.992	0.112366
4.993	0.112438
4.994	0.11251
4.995	0.112582
4.996	0.112653
4.997	0.112724
4.998	0.112794
4.999	0.112864
5	0.112934
