# mu=0.3
# lamb=0
# N=4
# m=0
# dim=6
# T=10
# dt=0.01
# n=1

#<S_z*S_z+n>
-0.25	-0.25	-0.25	-0.25	
-0.249975	-0.249975	-0.249975	-0.249975	
-0.2499	-0.2499	-0.2499	-0.2499	
-0.249775	-0.249775	-0.249775	-0.249775	
-0.2496	-0.2496	-0.2496	-0.2496	
-0.249376	-0.249376	-0.249376	-0.249376	
-0.249102	-0.249102	-0.249102	-0.249102	
-0.248779	-0.248779	-0.248779	-0.248779	
-0.248407	-0.248407	-0.248407	-0.248407	
-0.247986	-0.247986	-0.247986	-0.247986	
-0.247517	-0.247517	-0.247517	-0.247517	
-0.247	-0.247	-0.247	-0.247	
-0.246435	-0.246435	-0.246435	-0.246435	
-0.245823	-0.245823	-0.245823	-0.245823	
-0.245164	-0.245164	-0.245164	-0.245164	
-0.24446	-0.24446	-0.24446	-0.24446	
-0.24371	-0.24371	-0.24371	-0.24371	
-0.242915	-0.242915	-0.242915	-0.242915	
-0.242075	-0.242075	-0.242075	-0.242075	
-0.241193	-0.241193	-0.241193	-0.241193	
-0.240267	-0.240267	-0.240267	-0.240267	
-0.239299	-0.239299	-0.239299	-0.239299	
-0.23829	-0.23829	-0.23829	-0.23829	
-0.23724	-0.23724	-0.23724	-0.23724	
-0.236151	-0.236151	-0.236151	-0.236151	
-0.235022	-0.235022	-0.235022	-0.235022	
-0.233856	-0.233856	-0.233856	-0.233856	
-0.232653	-0.232653	-0.232653	-0.232653	
-0.231414	-0.231414	-0.231414	-0.231414	
-0.23014	-0.23014	-0.23014	-0.23014	
-0.228832	-0.228832	-0.228832	-0.228832	
-0.227492	-0.227492	-0.227492	-0.227492	
-0.226119	-0.226119	-0.226119	-0.226119	
-0.224716	-0.224716	-0.224716	-0.224716	
-0.223283	-0.223283	-0.223283	-0.223283	
-0.221822	-0.221822	-0.221822	-0.221822	
-0.220334	-0.220334	-0.220334	-0.220334	
-0.218819	-0.218819	-0.218819	-0.218819	
-0.21728	-0.21728	-0.21728	-0.21728	
-0.215718	-0.215718	-0.215718	-0.215718	
-0.214133	-0.214133	-0.214133	-0.214133	
-0.212527	-0.212527	-0.212527	-0.212527	
-0.210901	-0.210901	-0.210901	-0.210901	
-0.209257	-0.209257	-0.209257	-0.209257	
-0.207596	-0.207596	-0.207596	-0.207596	
-0.20592	-0.20592	-0.20592	-0.20592	
-0.204229	-0.204229	-0.204229	-0.204229	
-0.202525	-0.202525	-0.202525	-0.202525	
-0.200809	-0.200809	-0.200809	-0.200809	
-0.199083	-0.199083	-0.199083	-0.199083	
-0.197349	-0.197349	-0.197349	-0.197349	
-0.195607	-0.195607	-0.195607	-0.195607	
-0.193859	-0.193859	-0.193859	-0.193859	
-0.192106	-0.192106	-0.192106	-0.192106	
-0.190351	-0.190351	-0.190351	-0.190351	
-0.188593	-0.188593	-0.188593	-0.188593	
-0.186835	-0.186835	-0.186835	-0.186835	
-0.185079	-0.185079	-0.185079	-0.185079	
-0.183324	-0.183324	-0.183324	-0.183324	
-0.181574	-0.181574	-0.181574	-0.181574	
-0.179829	-0.179829	-0.179829	-0.179829	
-0.178091	-0.178091	-0.178091	-0.178091	
-0.176361	-0.176361	-0.176361	-0.176361	
-0.174641	-0.174641	-0.174641	-0.174641	
-0.172931	-0.172931	-0.172931	-0.172931	
-0.171234	-0.171234	-0.171234	-0.171234	
-0.169551	-0.169551	-0.169551	-0.169551	
-0.167883	-0.167883	-0.167883	-0.167883	
-0.166231	-0.166231	-0.166231	-0.166231	
-0.164597	-0.164597	-0.164597	-0.164597	
-0.162982	-0.162982	-0.162982	-0.162982	
-0.161387	-0.161387	-0.161387	-0.161387	
-0.159815	-0.159815	-0.159815	-0.159815	
-0.158265	-0.158265	-0.158265	-0.158265	
-0.156739	-0.156739	-0.156739	-0.156739	
-0.155239	-0.155239	-0.155239	-0.155239	
-0.153765	-0.153765	-0.153765	-0.153765	
-0.152319	-0.152319	-0.152319	-0.152319	
-0.150903	-0.150903	-0.150903	-0.150903	
-0.149516	-0.149516	-0.149516	-0.149516	
-0.148161	-0.148161	-0.148161	-0.148161	
-0.146838	-0.146838	-0.146838	-0.146838	
-0.145549	-0.145549	-0.145549	-0.145549	
-0.144294	-0.144294	-0.144294	-0.144294	
-0.143074	-0.143074	-0.143074	-0.143074	
-0.141891	-0.141891	-0.141891	-0.141891	
-0.140746	-0.140746	-0.140746	-0.140746	
-0.139639	-0.139639	-0.139639	-0.139639	
-0.138571	-0.138571	-0.138571	-0.138571	
-0.137543	-0.137543	-0.137543	-0.137543	
-0.136557	-0.136557	-0.136557	-0.136557	
-0.135612	-0.135612	-0.135612	-0.135612	
-0.134709	-0.134709	-0.134709	-0.134709	
-0.13385	-0.13385	-0.13385	-0.13385	
-0.133035	-0.133035	-0.133035	-0.133035	
-0.132265	-0.132265	-0.132265	-0.132265	
-0.131539	-0.131539	-0.131539	-0.131539	
-0.13086	-0.13086	-0.13086	-0.13086	
-0.130227	-0.130227	-0.130227	-0.130227	
-0.129641	-0.129641	-0.129641	-0.129641	
-0.129102	-0.129102	-0.129102	-0.129102	
-0.128611	-0.128611	-0.128611	-0.128611	
-0.128168	-0.128168	-0.128168	-0.128168	
-0.127774	-0.127774	-0.127774	-0.127774	
-0.127429	-0.127429	-0.127429	-0.127429	
-0.127132	-0.127132	-0.127132	-0.127132	
-0.126886	-0.126886	-0.126886	-0.126886	
-0.126688	-0.126688	-0.126688	-0.126688	
-0.126541	-0.126541	-0.126541	-0.126541	
-0.126443	-0.126443	-0.126443	-0.126443	
-0.126396	-0.126396	-0.126396	-0.126396	
-0.126398	-0.126398	-0.126398	-0.126398	
-0.12645	-0.12645	-0.12645	-0.12645	
-0.126553	-0.126553	-0.126553	-0.126553	
-0.126705	-0.126705	-0.126705	-0.126705	
-0.126907	-0.126907	-0.126907	-0.126907	
-0.127158	-0.127158	-0.127158	-0.127158	
-0.127459	-0.127459	-0.127459	-0.127459	
-0.127809	-0.127809	-0.127809	-0.127809	
-0.128208	-0.128208	-0.128208	-0.128208	
-0.128655	-0.128655	-0.128655	-0.128655	
-0.129151	-0.129151	-0.129151	-0.129151	
-0.129694	-0.129694	-0.129694	-0.129694	
-0.130285	-0.130285	-0.130285	-0.130285	
-0.130922	-0.130922	-0.130922	-0.130922	
-0.131606	-0.131606	-0.131606	-0.131606	
-0.132336	-0.132336	-0.132336	-0.132336	
-0.133111	-0.133111	-0.133111	-0.133111	
-0.13393	-0.13393	-0.13393	-0.13393	
-0.134793	-0.134793	-0.134793	-0.134793	
-0.1357	-0.1357	-0.1357	-0.1357	
-0.136649	-0.136649	-0.136649	-0.136649	
-0.137639	-0.137639	-0.137639	-0.137639	
-0.138671	-0.138671	-0.138671	-0.138671	
-0.139742	-0.139742	-0.139742	-0.139742	
-0.140853	-0.140853	-0.140853	-0.140853	
-0.142002	-0.142002	-0.142002	-0.142002	
-0.143188	-0.143188	-0.143188	-0.143188	
-0.144411	-0.144411	-0.144411	-0.144411	
-0.14567	-0.14567	-0.14567	-0.14567	
-0.146962	-0.146962	-0.146962	-0.146962	
-0.148288	-0.148288	-0.148288	-0.148288	
-0.149646	-0.149646	-0.149646	-0.149646	
-0.151036	-0.151036	-0.151036	-0.151036	
-0.152455	-0.152455	-0.152455	-0.152455	
-0.153904	-0.153904	-0.153904	-0.153904	
-0.15538	-0.15538	-0.15538	-0.15538	
-0.156883	-0.156883	-0.156883	-0.156883	
-0.158411	-0.158411	-0.158411	-0.158411	
-0.159963	-0.159963	-0.159963	-0.159963	
-0.161538	-0.161538	-0.161538	-0.161538	
-0.163135	-0.163135	-0.163135	-0.163135	
-0.164751	-0.164751	-0.164751	-0.164751	
-0.166387	-0.166387	-0.166387	-0.166387	
-0.168041	-0.168041	-0.168041	-0.168041	
-0.16971	-0.16971	-0.16971	-0.16971	
-0.171395	-0.171395	-0.171395	-0.171395	
-0.173093	-0.173093	-0.173093	-0.173093	
-0.174804	-0.174804	-0.174804	-0.174804	
-0.176525	-0.176525	-0.176525	-0.176525	
-0.178256	-0.178256	-0.178256	-0.178256	
-0.179995	-0.179995	-0.179995	-0.179995	
-0.18174	-0.18174	-0.18174	-0.18174	
-0.183491	-0.183491	-0.183491	-0.183491	
-0.185245	-0.185245	-0.185245	-0.185245	
-0.187002	-0.187002	-0.187002	-0.187002	
-0.18876	-0.18876	-0.18876	-0.18876	
-0.190517	-0.190517	-0.190517	-0.190517	
-0.192273	-0.192273	-0.192273	-0.192273	
-0.194025	-0.194025	-0.194025	-0.194025	
-0.195773	-0.195773	-0.195773	-0.195773	
-0.197514	-0.197514	-0.197514	-0.197514	
-0.199248	-0.199248	-0.199248	-0.199248	
-0.200973	-0.200973	-0.200973	-0.200973	
-0.202687	-0.202687	-0.202687	-0.202687	
-0.20439	-0.20439	-0.20439	-0.20439	
-0.20608	-0.20608	-0.20608	-0.20608	
-0.207755	-0.207755	-0.207755	-0.207755	
-0.209414	-0.209414	-0.209414	-0.209414	
-0.211056	-0.211056	-0.211056	-0.211056	
-0.21268	-0.21268	-0.21268	-0.21268	
-0.214284	-0.214284	-0.214284	-0.214284	
-0.215867	-0.215867	-0.215867	-0.215867	
-0.217427	-0.217427	-0.217427	-0.217427	
-0.218964	-0.218964	-0.218964	-0.218964	
-0.220476	-0.220476	-0.220476	-0.220476	
-0.221962	-0.221962	-0.221962	-0.221962	
-0.223421	-0.223421	-0.223421	-0.223421	
-0.224851	-0.224851	-0.224851	-0.224851	
-0.226251	-0.226251	-0.226251	-0.226251	
-0.22762	-0.22762	-0.22762	-0.22762	
-0.228958	-0.228958	-0.228958	-0.228958	
-0.230263	-0.230263	-0.230263	-0.230263	
-0.231533	-0.231533	-0.231533	-0.231533	
-0.232769	-0.232769	-0.232769	-0.232769	
-0.233969	-0.233969	-0.233969	-0.233969	
-0.235131	-0.235131	-0.235131	-0.235131	
-0.236256	-0.236256	-0.236256	-0.236256	
-0.237341	-0.237341	-0.237341	-0.237341	
-0.238387	-0.238387	-0.238387	-0.238387	
-0.239393	-0.239393	-0.239393	-0.239393	
-0.240357	-0.240357	-0.240357	-0.240357	
-0.241278	-0.241278	-0.241278	-0.241278	
-0.242157	-0.242157	-0.242157	-0.242157	
-0.242992	-0.242992	-0.242992	-0.242992	
-0.243783	-0.243783	-0.243783	-0.243783	
-0.244529	-0.244529	-0.244529	-0.244529	
-0.245229	-0.245229	-0.245229	-0.245229	
-0.245883	-0.245883	-0.245883	-0.245883	
-0.24649	-0.24649	-0.24649	-0.24649	
-0.247051	-0.247051	-0.247051	-0.247051	
-0.247563	-0.247563	-0.247563	-0.247563	
-0.248028	-0.248028	-0.248028	-0.248028	
-0.248444	-0.248444	-0.248444	-0.248444	
-0.248812	-0.248812	-0.248812	-0.248812	
-0.24913	-0.24913	-0.24913	-0.24913	
-0.249399	-0.249399	-0.249399	-0.249399	
-0.249619	-0.249619	-0.249619	-0.249619	
-0.249789	-0.249789	-0.249789	-0.249789	
-0.249909	-0.249909	-0.249909	-0.249909	
-0.24998	-0.24998	-0.24998	-0.24998	
-0.25	-0.25	-0.25	-0.25	
-0.24997	-0.24997	-0.24997	-0.24997	
-0.24989	-0.24989	-0.24989	-0.24989	
-0.249761	-0.249761	-0.249761	-0.249761	
-0.249581	-0.249581	-0.249581	-0.249581	
-0.249352	-0.249352	-0.249352	-0.249352	
-0.249074	-0.249074	-0.249074	-0.249074	
-0.248746	-0.248746	-0.248746	-0.248746	
-0.248369	-0.248369	-0.248369	-0.248369	
-0.247944	-0.247944	-0.247944	-0.247944	
-0.24747	-0.24747	-0.24747	-0.24747	
-0.246948	-0.246948	-0.246948	-0.246948	
-0.246379	-0.246379	-0.246379	-0.246379	
-0.245762	-0.245762	-0.245762	-0.245762	
-0.245099	-0.245099	-0.245099	-0.245099	
-0.244391	-0.244391	-0.244391	-0.244391	
-0.243636	-0.243636	-0.243636	-0.243636	
-0.242837	-0.242837	-0.242837	-0.242837	
-0.241993	-0.241993	-0.241993	-0.241993	
-0.241106	-0.241106	-0.241106	-0.241106	
-0.240177	-0.240177	-0.240177	-0.240177	
-0.239205	-0.239205	-0.239205	-0.239205	
-0.238192	-0.238192	-0.238192	-0.238192	
-0.237138	-0.237138	-0.237138	-0.237138	
-0.236045	-0.236045	-0.236045	-0.236045	
-0.234913	-0.234913	-0.234913	-0.234913	
-0.233744	-0.233744	-0.233744	-0.233744	
-0.232537	-0.232537	-0.232537	-0.232537	
-0.231295	-0.231295	-0.231295	-0.231295	
-0.230018	-0.230018	-0.230018	-0.230018	
-0.228707	-0.228707	-0.228707	-0.228707	
-0.227363	-0.227363	-0.227363	-0.227363	
-0.225987	-0.225987	-0.225987	-0.225987	
-0.224581	-0.224581	-0.224581	-0.224581	
-0.223146	-0.223146	-0.223146	-0.223146	
-0.221682	-0.221682	-0.221682	-0.221682	
-0.220191	-0.220191	-0.220191	-0.220191	
-0.218674	-0.218674	-0.218674	-0.218674	
-0.217133	-0.217133	-0.217133	-0.217133	
-0.215568	-0.215568	-0.215568	-0.215568	
-0.213981	-0.213981	-0.213981	-0.213981	
-0.212373	-0.212373	-0.212373	-0.212373	
-0.210746	-0.210746	-0.210746	-0.210746	
-0.2091	-0.2091	-0.2091	-0.2091	
-0.207438	-0.207438	-0.207438	-0.207438	
-0.20576	-0.20576	-0.20576	-0.20576	
-0.204067	-0.204067	-0.204067	-0.204067	
-0.202362	-0.202362	-0.202362	-0.202362	
-0.200646	-0.200646	-0.200646	-0.200646	
-0.198919	-0.198919	-0.198919	-0.198919	
-0.197184	-0.197184	-0.197184	-0.197184	
-0.195441	-0.195441	-0.195441	-0.195441	
-0.193693	-0.193693	-0.193693	-0.193693	
-0.19194	-0.19194	-0.19194	-0.19194	
-0.190184	-0.190184	-0.190184	-0.190184	
-0.188426	-0.188426	-0.188426	-0.188426	
-0.186668	-0.186668	-0.186668	-0.186668	
-0.184912	-0.184912	-0.184912	-0.184912	
-0.183158	-0.183158	-0.183158	-0.183158	
-0.181408	-0.181408	-0.181408	-0.181408	
-0.179664	-0.179664	-0.179664	-0.179664	
-0.177927	-0.177927	-0.177927	-0.177927	
-0.176197	-0.176197	-0.176197	-0.176197	
-0.174478	-0.174478	-0.174478	-0.174478	
-0.17277	-0.17277	-0.17277	-0.17277	
-0.171074	-0.171074	-0.171074	-0.171074	
-0.169392	-0.169392	-0.169392	-0.169392	
-0.167725	-0.167725	-0.167725	-0.167725	
-0.166075	-0.166075	-0.166075	-0.166075	
-0.164443	-0.164443	-0.164443	-0.164443	
-0.16283	-0.16283	-0.16283	-0.16283	
-0.161237	-0.161237	-0.161237	-0.161237	
-0.159666	-0.159666	-0.159666	-0.159666	
-0.158119	-0.158119	-0.158119	-0.158119	
-0.156595	-0.156595	-0.156595	-0.156595	
-0.155098	-0.155098	-0.155098	-0.155098	
-0.153627	-0.153627	-0.153627	-0.153627	
-0.152184	-0.152184	-0.152184	-0.152184	
-0.15077	-0.15077	-0.15077	-0.15077	
-0.149386	-0.149386	-0.149386	-0.149386	
-0.148034	-0.148034	-0.148034	-0.148034	
-0.146714	-0.146714	-0.146714	-0.146714	
-0.145428	-0.145428	-0.145428	-0.145428	
-0.144176	-0.144176	-0.144176	-0.144176	
-0.14296	-0.14296	-0.14296	-0.14296	
-0.141781	-0.141781	-0.141781	-0.141781	
-0.140639	-0.140639	-0.140639	-0.140639	
-0.139536	-0.139536	-0.139536	-0.139536	
-0.138472	-0.138472	-0.138472	-0.138472	
-0.137448	-0.137448	-0.137448	-0.137448	
-0.136465	-0.136465	-0.136465	-0.136465	
-0.135524	-0.135524	-0.135524	-0.135524	
-0.134626	-0.134626	-0.134626	-0.134626	
-0.133771	-0.133771	-0.133771	-0.133771	
-0.13296	-0.13296	-0.13296	-0.13296	
-0.132194	-0.132194	-0.132194	-0.132194	
-0.131473	-0.131473	-0.131473	-0.131473	
-0.130798	-0.130798	-0.130798	-0.130798	
-0.130169	-0.130169	-0.130169	-0.130169	
-0.129588	-0.129588	-0.129588	-0.129588	
-0.129053	-0.129053	-0.129053	-0.129053	
-0.128567	-0.128567	-0.128567	-0.128567	
-0.128129	-0.128129	-0.128129	-0.128129	
-0.127739	-0.127739	-0.127739	-0.127739	
-0.127398	-0.127398	-0.127398	-0.127398	
-0.127107	-0.127107	-0.127107	-0.127107	
-0.126865	-0.126865	-0.126865	-0.126865	
-0.126672	-0.126672	-0.126672	-0.126672	
-0.12653	-0.12653	-0.12653	-0.12653	
-0.126437	-0.126437	-0.126437	-0.126437	
-0.126394	-0.126394	-0.126394	-0.126394	
-0.126401	-0.126401	-0.126401	-0.126401	
-0.126458	-0.126458	-0.126458	-0.126458	
-0.126565	-0.126565	-0.126565	-0.126565	
-0.126722	-0.126722	-0.126722	-0.126722	
-0.126929	-0.126929	-0.126929	-0.126929	
-0.127185	-0.127185	-0.127185	-0.127185	
-0.12749	-0.12749	-0.12749	-0.12749	
-0.127845	-0.127845	-0.127845	-0.127845	
-0.128249	-0.128249	-0.128249	-0.128249	
-0.1287	-0.1287	-0.1287	-0.1287	
-0.129201	-0.129201	-0.129201	-0.129201	
-0.129748	-0.129748	-0.129748	-0.129748	
-0.130344	-0.130344	-0.130344	-0.130344	
-0.130985	-0.130985	-0.130985	-0.130985	
-0.131674	-0.131674	-0.131674	-0.131674	
-0.132408	-0.132408	-0.132408	-0.132408	
-0.133187	-0.133187	-0.133187	-0.133187	
-0.13401	-0.13401	-0.13401	-0.13401	
-0.134877	-0.134877	-0.134877	-0.134877	
-0.135788	-0.135788	-0.135788	-0.135788	
-0.136741	-0.136741	-0.136741	-0.136741	
-0.137735	-0.137735	-0.137735	-0.137735	
-0.138771	-0.138771	-0.138771	-0.138771	
-0.139846	-0.139846	-0.139846	-0.139846	
-0.14096	-0.14096	-0.14096	-0.14096	
-0.142113	-0.142113	-0.142113	-0.142113	
-0.143303	-0.143303	-0.143303	-0.143303	
-0.144529	-0.144529	-0.144529	-0.144529	
-0.145791	-0.145791	-0.145791	-0.145791	
-0.147087	-0.147087	-0.147087	-0.147087	
-0.148416	-0.148416	-0.148416	-0.148416	
-0.149777	-0.149777	-0.149777	-0.149777	
-0.151169	-0.151169	-0.151169	-0.151169	
-0.152592	-0.152592	-0.152592	-0.152592	
-0.154043	-0.154043	-0.154043	-0.154043	
-0.155522	-0.155522	-0.155522	-0.155522	
-0.157027	-0.157027	-0.157027	-0.157027	
-0.158557	-0.158557	-0.158557	-0.158557	
-0.160112	-0.160112	-0.160112	-0.160112	
-0.161689	-0.161689	-0.161689	-0.161689	
-0.163287	-0.163287	-0.163287	-0.163287	
-0.164906	-0.164906	-0.164906	-0.164906	
-0.166543	-0.166543	-0.166543	-0.166543	
-0.168198	-0.168198	-0.168198	-0.168198	
-0.16987	-0.16987	-0.16987	-0.16987	
-0.171556	-0.171556	-0.171556	-0.171556	
-0.173255	-0.173255	-0.173255	-0.173255	
-0.174967	-0.174967	-0.174967	-0.174967	
-0.176689	-0.176689	-0.176689	-0.176689	
-0.178421	-0.178421	-0.178421	-0.178421	
-0.18016	-0.18016	-0.18016	-0.18016	
-0.181906	-0.181906	-0.181906	-0.181906	
-0.183657	-0.183657	-0.183657	-0.183657	
-0.185412	-0.185412	-0.185412	-0.185412	
-0.187169	-0.187169	-0.187169	-0.187169	
-0.188927	-0.188927	-0.188927	-0.188927	
-0.190684	-0.190684	-0.190684	-0.190684	
-0.192439	-0.192439	-0.192439	-0.192439	
-0.194191	-0.194191	-0.194191	-0.194191	
-0.195938	-0.195938	-0.195938	-0.195938	
-0.197679	-0.197679	-0.197679	-0.197679	
-0.199412	-0.199412	-0.199412	-0.199412	
-0.201136	-0.201136	-0.201136	-0.201136	
-0.202849	-0.202849	-0.202849	-0.202849	
-0.204551	-0.204551	-0.204551	-0.204551	
-0.206239	-0.206239	-0.206239	-0.206239	
-0.207913	-0.207913	-0.207913	-0.207913	
-0.209571	-0.209571	-0.209571	-0.209571	
-0.211211	-0.211211	-0.211211	-0.211211	
-0.212833	-0.212833	-0.212833	-0.212833	
-0.214435	-0.214435	-0.214435	-0.214435	
-0.216016	-0.216016	-0.216016	-0.216016	
-0.217574	-0.217574	-0.217574	-0.217574	
-0.219109	-0.219109	-0.219109	-0.219109	
-0.220618	-0.220618	-0.220618	-0.220618	
-0.222102	-0.222102	-0.222102	-0.222102	
-0.223558	-0.223558	-0.223558	-0.223558	
-0.224985	-0.224985	-0.224985	-0.224985	
-0.226382	-0.226382	-0.226382	-0.226382	
-0.227749	-0.227749	-0.227749	-0.227749	
-0.229083	-0.229083	-0.229083	-0.229083	
-0.230385	-0.230385	-0.230385	-0.230385	
-0.231652	-0.231652	-0.231652	-0.231652	
-0.232885	-0.232885	-0.232885	-0.232885	
-0.234081	-0.234081	-0.234081	-0.234081	
-0.23524	-0.23524	-0.23524	-0.23524	
-0.23636	-0.23636	-0.23636	-0.23636	
-0.237442	-0.237442	-0.237442	-0.237442	
-0.238485	-0.238485	-0.238485	-0.238485	
-0.239486	-0.239486	-0.239486	-0.239486	
-0.240446	-0.240446	-0.240446	-0.240446	
-0.241364	-0.241364	-0.241364	-0.241364	
-0.242238	-0.242238	-0.242238	-0.242238	
-0.243069	-0.243069	-0.243069	-0.243069	
-0.243856	-0.243856	-0.243856	-0.243856	
-0.244597	-0.244597	-0.244597	-0.244597	
-0.245293	-0.245293	-0.245293	-0.245293	
-0.245943	-0.245943	-0.245943	-0.245943	
-0.246546	-0.246546	-0.246546	-0.246546	
-0.247102	-0.247102	-0.247102	-0.247102	
-0.24761	-0.24761	-0.24761	-0.24761	
-0.24807	-0.24807	-0.24807	-0.24807	
-0.248481	-0.248481	-0.248481	-0.248481	
-0.248844	-0.248844	-0.248844	-0.248844	
-0.249158	-0.249158	-0.249158	-0.249158	
-0.249422	-0.249422	-0.249422	-0.249422	
-0.249637	-0.249637	-0.249637	-0.249637	
-0.249803	-0.249803	-0.249803	-0.249803	
-0.249918	-0.249918	-0.249918	-0.249918	
-0.249984	-0.249984	-0.249984	-0.249984	
-0.249999	-0.249999	-0.249999	-0.249999	
-0.249965	-0.249965	-0.249965	-0.249965	
-0.24988	-0.24988	-0.24988	-0.24988	
-0.249746	-0.249746	-0.249746	-0.249746	
-0.249562	-0.249562	-0.249562	-0.249562	
-0.249328	-0.249328	-0.249328	-0.249328	
-0.249045	-0.249045	-0.249045	-0.249045	
-0.248712	-0.248712	-0.248712	-0.248712	
-0.248331	-0.248331	-0.248331	-0.248331	
-0.247901	-0.247901	-0.247901	-0.247901	
-0.247422	-0.247422	-0.247422	-0.247422	
-0.246896	-0.246896	-0.246896	-0.246896	
-0.246322	-0.246322	-0.246322	-0.246322	
-0.245701	-0.245701	-0.245701	-0.245701	
-0.245034	-0.245034	-0.245034	-0.245034	
-0.244321	-0.244321	-0.244321	-0.244321	
-0.243562	-0.243562	-0.243562	-0.243562	
-0.242759	-0.242759	-0.242759	-0.242759	
-0.241911	-0.241911	-0.241911	-0.241911	
-0.24102	-0.24102	-0.24102	-0.24102	
-0.240086	-0.240086	-0.240086	-0.240086	
-0.23911	-0.23911	-0.23911	-0.23911	
-0.238093	-0.238093	-0.238093	-0.238093	
-0.237036	-0.237036	-0.237036	-0.237036	
-0.235939	-0.235939	-0.235939	-0.235939	
-0.234804	-0.234804	-0.234804	-0.234804	
-0.233631	-0.233631	-0.233631	-0.233631	
-0.232421	-0.232421	-0.232421	-0.232421	
-0.231175	-0.231175	-0.231175	-0.231175	
-0.229895	-0.229895	-0.229895	-0.229895	
-0.22858	-0.22858	-0.22858	-0.22858	
-0.227233	-0.227233	-0.227233	-0.227233	
-0.225855	-0.225855	-0.225855	-0.225855	
-0.224446	-0.224446	-0.224446	-0.224446	
-0.223008	-0.223008	-0.223008	-0.223008	
-0.221541	-0.221541	-0.221541	-0.221541	
-0.220048	-0.220048	-0.220048	-0.220048	
-0.218529	-0.218529	-0.218529	-0.218529	
-0.216985	-0.216985	-0.216985	-0.216985	
-0.215418	-0.215418	-0.215418	-0.215418	
-0.213829	-0.213829	-0.213829	-0.213829	
-0.21222	-0.21222	-0.21222	-0.21222	
-0.21059	-0.21059	-0.21059	-0.21059	
-0.208943	-0.208943	-0.208943	-0.208943	
-0.207279	-0.207279	-0.207279	-0.207279	
-0.2056	-0.2056	-0.2056	-0.2056	
-0.203906	-0.203906	-0.203906	-0.203906	
-0.2022	-0.2022	-0.2022	-0.2022	
-0.200482	-0.200482	-0.200482	-0.200482	
-0.198755	-0.198755	-0.198755	-0.198755	
-0.197018	-0.197018	-0.197018	-0.197018	
-0.195275	-0.195275	-0.195275	-0.195275	
-0.193526	-0.193526	-0.193526	-0.193526	
-0.191773	-0.191773	-0.191773	-0.191773	
-0.190017	-0.190017	-0.190017	-0.190017	
-0.188259	-0.188259	-0.188259	-0.188259	
-0.186501	-0.186501	-0.186501	-0.186501	
-0.184745	-0.184745	-0.184745	-0.184745	
-0.182992	-0.182992	-0.182992	-0.182992	
-0.181242	-0.181242	-0.181242	-0.181242	
-0.179499	-0.179499	-0.179499	-0.179499	
-0.177762	-0.177762	-0.177762	-0.177762	
-0.176034	-0.176034	-0.176034	-0.176034	
-0.174315	-0.174315	-0.174315	-0.174315	
-0.172608	-0.172608	-0.172608	-0.172608	
-0.170914	-0.170914	-0.170914	-0.170914	
-0.169233	-0.169233	-0.169233	-0.169233	
-0.167568	-0.167568	-0.167568	-0.167568	
-0.165919	-0.165919	-0.165919	-0.165919	
-0.164289	-0.164289	-0.164289	-0.164289	
-0.162678	-0.162678	-0.162678	-0.162678	
-0.161087	-0.161087	-0.161087	-0.161087	
-0.159518	-0.159518	-0.159518	-0.159518	
-0.157973	-0.157973	-0.157973	-0.157973	
-0.156452	-0.156452	-0.156452	-0.156452	
-0.154957	-0.154957	-0.154957	-0.154957	
-0.153488	-0.153488	-0.153488	-0.153488	
-0.152048	-0.152048	-0.152048	-0.152048	
-0.150637	-0.150637	-0.150637	-0.150637	
-0.149256	-0.149256	-0.149256	-0.149256	
-0.147907	-0.147907	-0.147907	-0.147907	
-0.14659	-0.14659	-0.14659	-0.14659	
-0.145307	-0.145307	-0.145307	-0.145307	
-0.144059	-0.144059	-0.144059	-0.144059	
-0.142847	-0.142847	-0.142847	-0.142847	
-0.141671	-0.141671	-0.141671	-0.141671	
-0.140533	-0.140533	-0.140533	-0.140533	
-0.139433	-0.139433	-0.139433	-0.139433	
-0.138373	-0.138373	-0.138373	-0.138373	
-0.137353	-0.137353	-0.137353	-0.137353	
-0.136374	-0.136374	-0.136374	-0.136374	
-0.135437	-0.135437	-0.135437	-0.135437	
-0.134543	-0.134543	-0.134543	-0.134543	
-0.133692	-0.133692	-0.133692	-0.133692	
-0.132885	-0.132885	-0.132885	-0.132885	
-0.132123	-0.132123	-0.132123	-0.132123	
-0.131407	-0.131407	-0.131407	-0.131407	
-0.130736	-0.130736	-0.130736	-0.130736	
-0.130112	-0.130112	-0.130112	-0.130112	
-0.129535	-0.129535	-0.129535	-0.129535	
-0.129005	-0.129005	-0.129005	-0.129005	
-0.128523	-0.128523	-0.128523	-0.128523	
-0.12809	-0.12809	-0.12809	-0.12809	
-0.127705	-0.127705	-0.127705	-0.127705	
-0.127369	-0.127369	-0.127369	-0.127369	
-0.127082	-0.127082	-0.127082	-0.127082	
-0.126844	-0.126844	-0.126844	-0.126844	
-0.126657	-0.126657	-0.126657	-0.126657	
-0.126519	-0.126519	-0.126519	-0.126519	
-0.12643	-0.12643	-0.12643	-0.12643	
-0.126392	-0.126392	-0.126392	-0.126392	
-0.126404	-0.126404	-0.126404	-0.126404	
-0.126466	-0.126466	-0.126466	-0.126466	
-0.126578	-0.126578	-0.126578	-0.126578	
-0.126739	-0.126739	-0.126739	-0.126739	
-0.126951	-0.126951	-0.126951	-0.126951	
-0.127212	-0.127212	-0.127212	-0.127212	
-0.127522	-0.127522	-0.127522	-0.127522	
-0.127881	-0.127881	-0.127881	-0.127881	
-0.128289	-0.128289	-0.128289	-0.128289	
-0.128746	-0.128746	-0.128746	-0.128746	
-0.129251	-0.129251	-0.129251	-0.129251	
-0.129803	-0.129803	-0.129803	-0.129803	
-0.130402	-0.130402	-0.130402	-0.130402	
-0.131049	-0.131049	-0.131049	-0.131049	
-0.131741	-0.131741	-0.131741	-0.131741	
-0.13248	-0.13248	-0.13248	-0.13248	
-0.133263	-0.133263	-0.133263	-0.133263	
-0.134091	-0.134091	-0.134091	-0.134091	
-0.134962	-0.134962	-0.134962	-0.134962	
-0.135877	-0.135877	-0.135877	-0.135877	
-0.136834	-0.136834	-0.136834	-0.136834	
-0.137832	-0.137832	-0.137832	-0.137832	
-0.138871	-0.138871	-0.138871	-0.138871	
-0.13995	-0.13995	-0.13995	-0.13995	
-0.141068	-0.141068	-0.141068	-0.141068	
-0.142225	-0.142225	-0.142225	-0.142225	
-0.143418	-0.143418	-0.143418	-0.143418	
-0.144648	-0.144648	-0.144648	-0.144648	
-0.145912	-0.145912	-0.145912	-0.145912	
-0.147211	-0.147211	-0.147211	-0.147211	
-0.148544	-0.148544	-0.148544	-0.148544	
-0.149908	-0.149908	-0.149908	-0.149908	
-0.151303	-0.151303	-0.151303	-0.151303	
-0.152728	-0.152728	-0.152728	-0.152728	
-0.154182	-0.154182	-0.154182	-0.154182	
-0.155663	-0.155663	-0.155663	-0.155663	
-0.157171	-0.157171	-0.157171	-0.157171	
-0.158704	-0.158704	-0.158704	-0.158704	
-0.16026	-0.16026	-0.16026	-0.16026	
-0.16184	-0.16184	-0.16184	-0.16184	
-0.16344	-0.16344	-0.16344	-0.16344	
-0.165061	-0.165061	-0.165061	-0.165061	
-0.1667	-0.1667	-0.1667	-0.1667	
-0.168357	-0.168357	-0.168357	-0.168357	
-0.170029	-0.170029	-0.170029	-0.170029	
-0.171717	-0.171717	-0.171717	-0.171717	
-0.173417	-0.173417	-0.173417	-0.173417	
-0.17513	-0.17513	-0.17513	-0.17513	
-0.176853	-0.176853	-0.176853	-0.176853	
-0.178586	-0.178586	-0.178586	-0.178586	
-0.180326	-0.180326	-0.180326	-0.180326	
-0.182072	-0.182072	-0.182072	-0.182072	
-0.183824	-0.183824	-0.183824	-0.183824	
-0.185579	-0.185579	-0.185579	-0.185579	
-0.187336	-0.187336	-0.187336	-0.187336	
-0.189094	-0.189094	-0.189094	-0.189094	
-0.190851	-0.190851	-0.190851	-0.190851	
-0.192606	-0.192606	-0.192606	-0.192606	
-0.194357	-0.194357	-0.194357	-0.194357	
-0.196104	-0.196104	-0.196104	-0.196104	
-0.197844	-0.197844	-0.197844	-0.197844	
-0.199576	-0.199576	-0.199576	-0.199576	
-0.201299	-0.201299	-0.201299	-0.201299	
-0.203011	-0.203011	-0.203011	-0.203011	
-0.204712	-0.204712	-0.204712	-0.204712	
-0.206399	-0.206399	-0.206399	-0.206399	
-0.208071	-0.208071	-0.208071	-0.208071	
-0.209728	-0.209728	-0.209728	-0.209728	
-0.211366	-0.211366	-0.211366	-0.211366	
-0.212986	-0.212986	-0.212986	-0.212986	
-0.214586	-0.214586	-0.214586	-0.214586	
-0.216165	-0.216165	-0.216165	-0.216165	
-0.217721	-0.217721	-0.217721	-0.217721	
-0.219253	-0.219253	-0.219253	-0.219253	
-0.22076	-0.22076	-0.22076	-0.22076	
-0.222241	-0.222241	-0.222241	-0.222241	
-0.223694	-0.223694	-0.223694	-0.223694	
-0.225119	-0.225119	-0.225119	-0.225119	
-0.226513	-0.226513	-0.226513	-0.226513	
-0.227877	-0.227877	-0.227877	-0.227877	
-0.229208	-0.229208	-0.229208	-0.229208	
-0.230507	-0.230507	-0.230507	-0.230507	
-0.231771	-0.231771	-0.231771	-0.231771	
-0.233	-0.233	-0.233	-0.233	
-0.234192	-0.234192	-0.234192	-0.234192	
-0.235348	-0.235348	-0.235348	-0.235348	
-0.236465	-0.236465	-0.236465	-0.236465	
-0.237543	-0.237543	-0.237543	-0.237543	
-0.238581	-0.238581	-0.238581	-0.238581	
-0.239579	-0.239579	-0.239579	-0.239579	
-0.240535	-0.240535	-0.240535	-0.240535	
-0.241448	-0.241448	-0.241448	-0.241448	
-0.242319	-0.242319	-0.242319	-0.242319	
-0.243146	-0.243146	-0.243146	-0.243146	
-0.243928	-0.243928	-0.243928	-0.243928	
-0.244665	-0.244665	-0.244665	-0.244665	
-0.245357	-0.245357	-0.245357	-0.245357	
-0.246002	-0.246002	-0.246002	-0.246002	
-0.246601	-0.246601	-0.246601	-0.246601	
-0.247152	-0.247152	-0.247152	-0.247152	
-0.247655	-0.247655	-0.247655	-0.247655	
-0.248111	-0.248111	-0.248111	-0.248111	
-0.248518	-0.248518	-0.248518	-0.248518	
-0.248876	-0.248876	-0.248876	-0.248876	
-0.249185	-0.249185	-0.249185	-0.249185	
-0.249445	-0.249445	-0.249445	-0.249445	
-0.249655	-0.249655	-0.249655	-0.249655	
-0.249816	-0.249816	-0.249816	-0.249816	
-0.249926	-0.249926	-0.249926	-0.249926	
-0.249987	-0.249987	-0.249987	-0.249987	
-0.249998	-0.249998	-0.249998	-0.249998	
-0.249959	-0.249959	-0.249959	-0.249959	
-0.24987	-0.24987	-0.24987	-0.24987	
-0.24973	-0.24973	-0.24973	-0.24973	
-0.249542	-0.249542	-0.249542	-0.249542	
-0.249303	-0.249303	-0.249303	-0.249303	
-0.249015	-0.249015	-0.249015	-0.249015	
-0.248678	-0.248678	-0.248678	-0.248678	
-0.248292	-0.248292	-0.248292	-0.248292	
-0.247857	-0.247857	-0.247857	-0.247857	
-0.247374	-0.247374	-0.247374	-0.247374	
-0.246844	-0.246844	-0.246844	-0.246844	
-0.246265	-0.246265	-0.246265	-0.246265	
-0.24564	-0.24564	-0.24564	-0.24564	
-0.244968	-0.244968	-0.244968	-0.244968	
-0.244251	-0.244251	-0.244251	-0.244251	
-0.243488	-0.243488	-0.243488	-0.243488	
-0.24268	-0.24268	-0.24268	-0.24268	
-0.241828	-0.241828	-0.241828	-0.241828	
-0.240933	-0.240933	-0.240933	-0.240933	
-0.239995	-0.239995	-0.239995	-0.239995	
-0.239016	-0.239016	-0.239016	-0.239016	
-0.237995	-0.237995	-0.237995	-0.237995	
-0.236934	-0.236934	-0.236934	-0.236934	
-0.235833	-0.235833	-0.235833	-0.235833	
-0.234694	-0.234694	-0.234694	-0.234694	
-0.233517	-0.233517	-0.233517	-0.233517	
-0.232304	-0.232304	-0.232304	-0.232304	
-0.231055	-0.231055	-0.231055	-0.231055	
-0.229771	-0.229771	-0.229771	-0.229771	
-0.228454	-0.228454	-0.228454	-0.228454	
-0.227104	-0.227104	-0.227104	-0.227104	
-0.225722	-0.225722	-0.225722	-0.225722	
-0.224311	-0.224311	-0.224311	-0.224311	
-0.22287	-0.22287	-0.22287	-0.22287	
-0.221401	-0.221401	-0.221401	-0.221401	
-0.219905	-0.219905	-0.219905	-0.219905	
-0.218383	-0.218383	-0.218383	-0.218383	
-0.216837	-0.216837	-0.216837	-0.216837	
-0.215268	-0.215268	-0.215268	-0.215268	
-0.213677	-0.213677	-0.213677	-0.213677	
-0.212066	-0.212066	-0.212066	-0.212066	
-0.210435	-0.210435	-0.210435	-0.210435	
-0.208786	-0.208786	-0.208786	-0.208786	
-0.20712	-0.20712	-0.20712	-0.20712	
-0.205439	-0.205439	-0.205439	-0.205439	
-0.203744	-0.203744	-0.203744	-0.203744	
-0.202037	-0.202037	-0.202037	-0.202037	
-0.200318	-0.200318	-0.200318	-0.200318	
-0.19859	-0.19859	-0.19859	-0.19859	
-0.196853	-0.196853	-0.196853	-0.196853	
-0.195109	-0.195109	-0.195109	-0.195109	
-0.19336	-0.19336	-0.19336	-0.19336	
-0.191606	-0.191606	-0.191606	-0.191606	
-0.18985	-0.18985	-0.18985	-0.18985	
-0.188092	-0.188092	-0.188092	-0.188092	
-0.186335	-0.186335	-0.186335	-0.186335	
-0.184578	-0.184578	-0.184578	-0.184578	
-0.182825	-0.182825	-0.182825	-0.182825	
-0.181076	-0.181076	-0.181076	-0.181076	
-0.179333	-0.179333	-0.179333	-0.179333	
-0.177597	-0.177597	-0.177597	-0.177597	
-0.17587	-0.17587	-0.17587	-0.17587	
-0.174153	-0.174153	-0.174153	-0.174153	
-0.172447	-0.172447	-0.172447	-0.172447	
-0.170753	-0.170753	-0.170753	-0.170753	
-0.169074	-0.169074	-0.169074	-0.169074	
-0.167411	-0.167411	-0.167411	-0.167411	
-0.165764	-0.165764	-0.165764	-0.165764	
-0.164135	-0.164135	-0.164135	-0.164135	
-0.162526	-0.162526	-0.162526	-0.162526	
-0.160937	-0.160937	-0.160937	-0.160937	
-0.159371	-0.159371	-0.159371	-0.159371	
-0.157827	-0.157827	-0.157827	-0.157827	
-0.156309	-0.156309	-0.156309	-0.156309	
-0.154816	-0.154816	-0.154816	-0.154816	
-0.15335	-0.15335	-0.15335	-0.15335	
-0.151913	-0.151913	-0.151913	-0.151913	
-0.150504	-0.150504	-0.150504	-0.150504	
-0.149127	-0.149127	-0.149127	-0.149127	
-0.147781	-0.147781	-0.147781	-0.147781	
-0.146467	-0.146467	-0.146467	-0.146467	
-0.145187	-0.145187	-0.145187	-0.145187	
-0.143943	-0.143943	-0.143943	-0.143943	
-0.142733	-0.142733	-0.142733	-0.142733	
-0.141561	-0.141561	-0.141561	-0.141561	
-0.140426	-0.140426	-0.140426	-0.140426	
-0.13933	-0.13933	-0.13933	-0.13933	
-0.138274	-0.138274	-0.138274	-0.138274	
-0.137258	-0.137258	-0.137258	-0.137258	
-0.136283	-0.136283	-0.136283	-0.136283	
-0.13535	-0.13535	-0.13535	-0.13535	
-0.13446	-0.13446	-0.13446	-0.13446	
-0.133614	-0.133614	-0.133614	-0.133614	
-0.132811	-0.132811	-0.132811	-0.132811	
-0.132053	-0.132053	-0.132053	-0.132053	
-0.131341	-0.131341	-0.131341	-0.131341	
-0.130675	-0.130675	-0.130675	-0.130675	
-0.130055	-0.130055	-0.130055	-0.130055	
-0.129482	-0.129482	-0.129482	-0.129482	
-0.128957	-0.128957	-0.128957	-0.128957	
-0.12848	-0.12848	-0.12848	-0.12848	
-0.128051	-0.128051	-0.128051	-0.128051	
-0.127671	-0.127671	-0.127671	-0.127671	
-0.127339	-0.127339	-0.127339	-0.127339	
-0.127057	-0.127057	-0.127057	-0.127057	
-0.126824	-0.126824	-0.126824	-0.126824	
-0.126641	-0.126641	-0.126641	-0.126641	
-0.126508	-0.126508	-0.126508	-0.126508	
-0.126425	-0.126425	-0.126425	-0.126425	
-0.126391	-0.126391	-0.126391	-0.126391	
-0.126408	-0.126408	-0.126408	-0.126408	
-0.126475	-0.126475	-0.126475	-0.126475	
-0.126591	-0.126591	-0.126591	-0.126591	
-0.126757	-0.126757	-0.126757	-0.126757	
-0.126973	-0.126973	-0.126973	-0.126973	
-0.127239	-0.127239	-0.127239	-0.127239	
-0.127554	-0.127554	-0.127554	-0.127554	
-0.127918	-0.127918	-0.127918	-0.127918	
-0.128331	-0.128331	-0.128331	-0.128331	
-0.128792	-0.128792	-0.128792	-0.128792	
-0.129301	-0.129301	-0.129301	-0.129301	
-0.129858	-0.129858	-0.129858	-0.129858	
-0.130462	-0.130462	-0.130462	-0.130462	
-0.131113	-0.131113	-0.131113	-0.131113	
-0.13181	-0.13181	-0.13181	-0.13181	
-0.132552	-0.132552	-0.132552	-0.132552	
-0.13334	-0.13334	-0.13334	-0.13334	
-0.134171	-0.134171	-0.134171	-0.134171	
-0.135047	-0.135047	-0.135047	-0.135047	
-0.135966	-0.135966	-0.135966	-0.135966	
-0.136927	-0.136927	-0.136927	-0.136927	
-0.137929	-0.137929	-0.137929	-0.137929	
-0.138972	-0.138972	-0.138972	-0.138972	
-0.140055	-0.140055	-0.140055	-0.140055	
-0.141176	-0.141176	-0.141176	-0.141176	
-0.142336	-0.142336	-0.142336	-0.142336	
-0.143533	-0.143533	-0.143533	-0.143533	
-0.144766	-0.144766	-0.144766	-0.144766	
-0.146034	-0.146034	-0.146034	-0.146034	
-0.147337	-0.147337	-0.147337	-0.147337	
-0.148672	-0.148672	-0.148672	-0.148672	
-0.150039	-0.150039	-0.150039	-0.150039	
-0.151437	-0.151437	-0.151437	-0.151437	
-0.152865	-0.152865	-0.152865	-0.152865	
-0.154322	-0.154322	-0.154322	-0.154322	
-0.155806	-0.155806	-0.155806	-0.155806	
-0.157316	-0.157316	-0.157316	-0.157316	
-0.158851	-0.158851	-0.158851	-0.158851	
-0.160409	-0.160409	-0.160409	-0.160409	
-0.161991	-0.161991	-0.161991	-0.161991	
-0.163593	-0.163593	-0.163593	-0.163593	
-0.165216	-0.165216	-0.165216	-0.165216	
-0.166856	-0.166856	-0.166856	-0.166856	
-0.168515	-0.168515	-0.168515	-0.168515	
-0.170189	-0.170189	-0.170189	-0.170189	
-0.171878	-0.171878	-0.171878	-0.171878	
-0.173579	-0.173579	-0.173579	-0.173579	
-0.175293	-0.175293	-0.175293	-0.175293	
-0.177017	-0.177017	-0.177017	-0.177017	
-0.178751	-0.178751	-0.178751	-0.178751	
-0.180491	-0.180491	-0.180491	-0.180491	
-0.182238	-0.182238	-0.182238	-0.182238	
-0.18399	-0.18399	-0.18399	-0.18399	
-0.185746	-0.185746	-0.185746	-0.185746	
-0.187503	-0.187503	-0.187503	-0.187503	
-0.189261	-0.189261	-0.189261	-0.189261	
-0.191018	-0.191018	-0.191018	-0.191018	
-0.192772	-0.192772	-0.192772	-0.192772	
-0.194523	-0.194523	-0.194523	-0.194523	
-0.196269	-0.196269	-0.196269	-0.196269	
-0.198009	-0.198009	-0.198009	-0.198009	
-0.19974	-0.19974	-0.19974	-0.19974	
-0.201462	-0.201462	-0.201462	-0.201462	
-0.203173	-0.203173	-0.203173	-0.203173	
-0.204873	-0.204873	-0.204873	-0.204873	
-0.206558	-0.206558	-0.206558	-0.206558	
-0.208229	-0.208229	-0.208229	-0.208229	
-0.209884	-0.209884	-0.209884	-0.209884	
-0.211521	-0.211521	-0.211521	-0.211521	
-0.213139	-0.213139	-0.213139	-0.213139	
-0.214737	-0.214737	-0.214737	-0.214737	
-0.216314	-0.216314	-0.216314	-0.216314	
-0.217868	-0.217868	-0.217868	-0.217868	
-0.219398	-0.219398	-0.219398	-0.219398	
-0.220902	-0.220902	-0.220902	-0.220902	
-0.22238	-0.22238	-0.22238	-0.22238	
-0.223831	-0.223831	-0.223831	-0.223831	
-0.225253	-0.225253	-0.225253	-0.225253	
-0.226644	-0.226644	-0.226644	-0.226644	
-0.228005	-0.228005	-0.228005	-0.228005	
-0.229333	-0.229333	-0.229333	-0.229333	
-0.230628	-0.230628	-0.230628	-0.230628	
-0.231889	-0.231889	-0.231889	-0.231889	
-0.233115	-0.233115	-0.233115	-0.233115	
-0.234304	-0.234304	-0.234304	-0.234304	
-0.235455	-0.235455	-0.235455	-0.235455	
-0.236569	-0.236569	-0.236569	-0.236569	
-0.237643	-0.237643	-0.237643	-0.237643	
-0.238678	-0.238678	-0.238678	-0.238678	
-0.239671	-0.239671	-0.239671	-0.239671	
-0.240623	-0.240623	-0.240623	-0.240623	
-0.241533	-0.241533	-0.241533	-0.241533	
-0.242399	-0.242399	-0.242399	-0.242399	
-0.243222	-0.243222	-0.243222	-0.243222	
-0.244	-0.244	-0.244	-0.244	
-0.244733	-0.244733	-0.244733	-0.244733	
-0.24542	-0.24542	-0.24542	-0.24542	
-0.246061	-0.246061	-0.246061	-0.246061	
-0.246655	-0.246655	-0.246655	-0.246655	
-0.247202	-0.247202	-0.247202	-0.247202	
-0.247701	-0.247701	-0.247701	-0.247701	
-0.248152	-0.248152	-0.248152	-0.248152	
-0.248554	-0.248554	-0.248554	-0.248554	
-0.248908	-0.248908	-0.248908	-0.248908	
-0.249212	-0.249212	-0.249212	-0.249212	
-0.249467	-0.249467	-0.249467	-0.249467	
-0.249673	-0.249673	-0.249673	-0.249673	
-0.249828	-0.249828	-0.249828	-0.249828	
-0.249934	-0.249934	-0.249934	-0.249934	
-0.24999	-0.24999	-0.24999	-0.24999	
-0.249996	-0.249996	-0.249996	-0.249996	
-0.249952	-0.249952	-0.249952	-0.249952	
-0.249858	-0.249858	-0.249858	-0.249858	
-0.249715	-0.249715	-0.249715	-0.249715	
-0.249521	-0.249521	-0.249521	-0.249521	
-0.249278	-0.249278	-0.249278	-0.249278	
-0.248985	-0.248985	-0.248985	-0.248985	
-0.248643	-0.248643	-0.248643	-0.248643	
-0.248253	-0.248253	-0.248253	-0.248253	
-0.247813	-0.247813	-0.247813	-0.247813	
-0.247326	-0.247326	-0.247326	-0.247326	
-0.246791	-0.246791	-0.246791	-0.246791	
-0.246208	-0.246208	-0.246208	-0.246208	
-0.245578	-0.245578	-0.245578	-0.245578	
-0.244902	-0.244902	-0.244902	-0.244902	
-0.24418	-0.24418	-0.24418	-0.24418	
-0.243413	-0.243413	-0.243413	-0.243413	
-0.242601	-0.242601	-0.242601	-0.242601	
-0.241745	-0.241745	-0.241745	-0.241745	
-0.240846	-0.240846	-0.240846	-0.240846	
-0.239904	-0.239904	-0.239904	-0.239904	
-0.23892	-0.23892	-0.23892	-0.23892	
-0.237896	-0.237896	-0.237896	-0.237896	
-0.236831	-0.236831	-0.236831	-0.236831	
-0.235727	-0.235727	-0.235727	-0.235727	
-0.234584	-0.234584	-0.234584	-0.234584	
-0.233404	-0.233404	-0.233404	-0.233404	
-0.232187	-0.232187	-0.232187	-0.232187	
-0.230934	-0.230934	-0.230934	-0.230934	
-0.229647	-0.229647	-0.229647	-0.229647	
-0.228327	-0.228327	-0.228327	-0.228327	
-0.226974	-0.226974	-0.226974	-0.226974	
-0.22559	-0.22559	-0.22559	-0.22559	
-0.224175	-0.224175	-0.224175	-0.224175	
-0.222731	-0.222731	-0.222731	-0.222731	
-0.22126	-0.22126	-0.22126	-0.22126	
-0.219761	-0.219761	-0.219761	-0.219761	
-0.218238	-0.218238	-0.218238	-0.218238	
-0.216689	-0.216689	-0.216689	-0.216689	
-0.215118	-0.215118	-0.215118	-0.215118	
-0.213525	-0.213525	-0.213525	-0.213525	
-0.211912	-0.211912	-0.211912	-0.211912	
-0.210279	-0.210279	-0.210279	-0.210279	
-0.208628	-0.208628	-0.208628	-0.208628	
-0.206961	-0.206961	-0.206961	-0.206961	
-0.205279	-0.205279	-0.205279	-0.205279	
-0.203583	-0.203583	-0.203583	-0.203583	
-0.201874	-0.201874	-0.201874	-0.201874	
-0.200155	-0.200155	-0.200155	-0.200155	
-0.198425	-0.198425	-0.198425	-0.198425	
-0.196688	-0.196688	-0.196688	-0.196688	
-0.194943	-0.194943	-0.194943	-0.194943	
-0.193194	-0.193194	-0.193194	-0.193194	
-0.19144	-0.19144	-0.19144	-0.19144	
-0.189683	-0.189683	-0.189683	-0.189683	
-0.187925	-0.187925	-0.187925	-0.187925	
-0.186168	-0.186168	-0.186168	-0.186168	
-0.184412	-0.184412	-0.184412	-0.184412	
-0.182659	-0.182659	-0.182659	-0.182659	
-0.180911	-0.180911	-0.180911	-0.180911	
-0.179168	-0.179168	-0.179168	-0.179168	
-0.177433	-0.177433	-0.177433	-0.177433	
-0.175707	-0.175707	-0.175707	-0.175707	
-0.17399	-0.17399	-0.17399	-0.17399	
-0.172285	-0.172285	-0.172285	-0.172285	
-0.170593	-0.170593	-0.170593	-0.170593	
-0.168916	-0.168916	-0.168916	-0.168916	
-0.167253	-0.167253	-0.167253	-0.167253	
-0.165608	-0.165608	-0.165608	-0.165608	
-0.163981	-0.163981	-0.163981	-0.163981	
-0.162374	-0.162374	-0.162374	-0.162374	
-0.160787	-0.160787	-0.160787	-0.160787	
-0.159223	-0.159223	-0.159223	-0.159223	
-0.157682	-0.157682	-0.157682	-0.157682	
-0.156166	-0.156166	-0.156166	-0.156166	
-0.154676	-0.154676	-0.154676	-0.154676	
-0.153213	-0.153213	-0.153213	-0.153213	
-0.151778	-0.151778	-0.151778	-0.151778	
-0.150372	-0.150372	-0.150372	-0.150372	
-0.148998	-0.148998	-0.148998	-0.148998	
-0.147654	-0.147654	-0.147654	-0.147654	
-0.146344	-0.146344	-0.146344	-0.146344	
-0.145068	-0.145068	-0.145068	-0.145068	
-0.143826	-0.143826	-0.143826	-0.143826	
-0.14262	-0.14262	-0.14262	-0.14262	
-0.141452	-0.141452	-0.141452	-0.141452	
-0.140321	-0.140321	-0.140321	-0.140321	
-0.139228	-0.139228	-0.139228	-0.139228	
-0.138176	-0.138176	-0.138176	-0.138176	
-0.137164	-0.137164	-0.137164	-0.137164	
-0.136193	-0.136193	-0.136193	-0.136193	
-0.135264	-0.135264	-0.135264	-0.135264	
-0.134378	-0.134378	-0.134378	-0.134378	
-0.133535	-0.133535	-0.133535	-0.133535	
-0.132737	-0.132737	-0.132737	-0.132737	
-0.131984	-0.131984	-0.131984	-0.131984	
-0.131276	-0.131276	-0.131276	-0.131276	
-0.130614	-0.130614	-0.130614	-0.130614	
-0.129999	-0.129999	-0.129999	-0.129999	
-0.12943	-0.12943	-0.12943	-0.12943	
-0.12891	-0.12891	-0.12891	-0.12891	
-0.128437	-0.128437	-0.128437	-0.128437	
-0.128013	-0.128013	-0.128013	-0.128013	
-0.127637	-0.127637	-0.127637	-0.127637	
-0.12731	-0.12731	-0.12731	-0.12731	
-0.127033	-0.127033	-0.127033	-0.127033	
-0.126805	-0.126805	-0.126805	-0.126805	
-0.126626	-0.126626	-0.126626	-0.126626	
-0.126498	-0.126498	-0.126498	-0.126498	
-0.126419	-0.126419	-0.126419	-0.126419	
-0.126391	-0.126391	-0.126391	-0.126391	
-0.126412	-0.126412	-0.126412	-0.126412	
-0.126483	-0.126483	-0.126483	-0.126483	
-0.126605	-0.126605	-0.126605	-0.126605	
-0.126776	-0.126776	-0.126776	-0.126776	
-0.126997	-0.126997	-0.126997	-0.126997	
-0.127267	-0.127267	-0.127267	-0.127267	
-0.127586	-0.127586	-0.127586	-0.127586	
