# mu=0.3
# lamb=0
# N=4
# m=0
# dim=6
#T=10
#dt=0.01
0.25	-0.25	0.25	-0.25	
0.249975	-0.25	0.249975	-0.25	
0.2499	-0.25	0.2499	-0.25	
0.249775	-0.25	0.249775	-0.25	
0.2496	-0.25	0.2496	-0.25	
0.249376	-0.25	0.249376	-0.25	
0.249101	-0.249999	0.249101	-0.249999	
0.248778	-0.249999	0.248778	-0.249999	
0.248404	-0.249997	0.248404	-0.249997	
0.247982	-0.249996	0.247982	-0.249996	
0.247511	-0.249994	0.247511	-0.249994	
0.24699	-0.249991	0.24699	-0.249991	
0.246422	-0.249987	0.246422	-0.249987	
0.245805	-0.249982	0.245805	-0.249982	
0.245141	-0.249976	0.245141	-0.249976	
0.244428	-0.249969	0.244428	-0.249969	
0.243669	-0.249959	0.243669	-0.249959	
0.242863	-0.249948	0.242863	-0.249948	
0.24201	-0.249935	0.24201	-0.249935	
0.241112	-0.24992	0.241112	-0.24992	
0.240168	-0.249901	0.240168	-0.249901	
0.239179	-0.24988	0.239179	-0.24988	
0.238146	-0.249856	0.238146	-0.249856	
0.237068	-0.249828	0.237068	-0.249828	
0.235947	-0.249797	0.235947	-0.249797	
0.234783	-0.249761	0.234783	-0.249761	
0.233577	-0.249721	0.233577	-0.249721	
0.232329	-0.249676	0.232329	-0.249676	
0.23104	-0.249626	0.23104	-0.249626	
0.229711	-0.24957	0.229711	-0.24957	
0.228341	-0.249509	0.228341	-0.249509	
0.226933	-0.249441	0.226933	-0.249441	
0.225486	-0.249367	0.225486	-0.249367	
0.224002	-0.249286	0.224002	-0.249286	
0.22248	-0.249197	0.22248	-0.249197	
0.220922	-0.2491	0.220922	-0.2491	
0.219329	-0.248995	0.219329	-0.248995	
0.217701	-0.248882	0.217701	-0.248882	
0.216039	-0.248759	0.216039	-0.248759	
0.214344	-0.248627	0.214344	-0.248627	
0.212617	-0.248485	0.212617	-0.248485	
0.210859	-0.248332	0.210859	-0.248332	
0.209069	-0.248168	0.209069	-0.248168	
0.207251	-0.247993	0.207251	-0.247993	
0.205403	-0.247806	0.205403	-0.247806	
0.203527	-0.247607	0.203527	-0.247607	
0.201624	-0.247396	0.201624	-0.247396	
0.199695	-0.247171	0.199695	-0.247171	
0.197741	-0.246932	0.197741	-0.246932	
0.195763	-0.246679	0.195763	-0.246679	
0.193761	-0.246412	0.193761	-0.246412	
0.191736	-0.246129	0.191736	-0.246129	
0.18969	-0.245832	0.18969	-0.245832	
0.187624	-0.245518	0.187624	-0.245518	
0.185538	-0.245187	0.185538	-0.245187	
0.183433	-0.24484	0.183433	-0.24484	
0.181311	-0.244475	0.181311	-0.244475	
0.179171	-0.244093	0.179171	-0.244093	
0.177017	-0.243692	0.177017	-0.243692	
0.174847	-0.243273	0.174847	-0.243273	
0.172664	-0.242834	0.172664	-0.242834	
0.170467	-0.242376	0.170467	-0.242376	
0.168259	-0.241898	0.168259	-0.241898	
0.16604	-0.241399	0.16604	-0.241399	
0.163812	-0.24088	0.163812	-0.24088	
0.161574	-0.240339	0.161574	-0.240339	
0.159328	-0.239777	0.159328	-0.239777	
0.157076	-0.239193	0.157076	-0.239193	
0.154817	-0.238586	0.154817	-0.238586	
0.152554	-0.237957	0.152554	-0.237957	
0.150286	-0.237304	0.150286	-0.237304	
0.148015	-0.236628	0.148015	-0.236628	
0.145742	-0.235928	0.145742	-0.235928	
0.143468	-0.235204	0.143468	-0.235204	
0.141194	-0.234455	0.141194	-0.234455	
0.13892	-0.233682	0.13892	-0.233682	
0.136648	-0.232883	0.136648	-0.232883	
0.134379	-0.23206	0.134379	-0.23206	
0.132113	-0.23121	0.132113	-0.23121	
0.129851	-0.230335	0.129851	-0.230335	
0.127594	-0.229433	0.127594	-0.229433	
0.125344	-0.228506	0.125344	-0.228506	
0.1231	-0.227551	0.1231	-0.227551	
0.120864	-0.226571	0.120864	-0.226571	
0.118637	-0.225563	0.118637	-0.225563	
0.116419	-0.224528	0.116419	-0.224528	
0.114211	-0.223466	0.114211	-0.223466	
0.112015	-0.222376	0.112015	-0.222376	
0.10983	-0.221259	0.10983	-0.221259	
0.107658	-0.220115	0.107658	-0.220115	
0.1055	-0.218943	0.1055	-0.218943	
0.103355	-0.217743	0.103355	-0.217743	
0.101225	-0.216516	0.101225	-0.216516	
0.0991114	-0.215261	0.0991114	-0.215261	
0.0970135	-0.213978	0.0970135	-0.213978	
0.0949326	-0.212668	0.0949326	-0.212668	
0.0928693	-0.21133	0.0928693	-0.21133	
0.0908242	-0.209964	0.0908242	-0.209964	
0.088798	-0.208571	0.088798	-0.208571	
0.0867912	-0.20715	0.0867912	-0.20715	
0.0848045	-0.205703	0.0848045	-0.205703	
0.0828384	-0.204227	0.0828384	-0.204227	
0.0808935	-0.202725	0.0808935	-0.202725	
0.0789704	-0.201196	0.0789704	-0.201196	
0.0770694	-0.199641	0.0770694	-0.199641	
0.0751912	-0.198059	0.0751912	-0.198059	
0.0733362	-0.196451	0.0733362	-0.196451	
0.0715048	-0.194816	0.0715048	-0.194816	
0.0696975	-0.193157	0.0696975	-0.193157	
0.0679148	-0.191471	0.0679148	-0.191471	
0.0661569	-0.189761	0.0661569	-0.189761	
0.0644243	-0.188026	0.0644243	-0.188026	
0.0627173	-0.186267	0.0627173	-0.186267	
0.0610362	-0.184483	0.0610362	-0.184483	
0.0593815	-0.182677	0.0593815	-0.182677	
0.0577533	-0.180846	0.0577533	-0.180846	
0.0561519	-0.178994	0.0561519	-0.178994	
0.0545776	-0.177118	0.0545776	-0.177118	
0.0530307	-0.175221	0.0530307	-0.175221	
0.0515112	-0.173303	0.0515112	-0.173303	
0.0500195	-0.171364	0.0500195	-0.171364	
0.0485556	-0.169405	0.0485556	-0.169405	
0.0471198	-0.167425	0.0471198	-0.167425	
0.0457121	-0.165427	0.0457121	-0.165427	
0.0443327	-0.16341	0.0443327	-0.16341	
0.0429816	-0.161375	0.0429816	-0.161375	
0.041659	-0.159323	0.041659	-0.159323	
0.0403648	-0.157254	0.0403648	-0.157254	
0.0390991	-0.155169	0.0390991	-0.155169	
0.0378619	-0.153069	0.0378619	-0.153069	
0.0366532	-0.150954	0.0366532	-0.150954	
0.0354729	-0.148824	0.0354729	-0.148824	
0.0343211	-0.146682	0.0343211	-0.146682	
0.0331975	-0.144527	0.0331975	-0.144527	
0.0321023	-0.14236	0.0321023	-0.14236	
0.0310351	-0.140182	0.0310351	-0.140182	
0.029996	-0.137994	0.029996	-0.137994	
0.0289848	-0.135796	0.0289848	-0.135796	
0.0280013	-0.13359	0.0280013	-0.13359	
0.0270454	-0.131376	0.0270454	-0.131376	
0.0261168	-0.129155	0.0261168	-0.129155	
0.0252154	-0.126927	0.0252154	-0.126927	
0.0243409	-0.124694	0.0243409	-0.124694	
0.0234931	-0.122457	0.0234931	-0.122457	
0.0226717	-0.120216	0.0226717	-0.120216	
0.0218766	-0.117973	0.0218766	-0.117973	
0.0211072	-0.115727	0.0211072	-0.115727	
0.0203635	-0.113481	0.0203635	-0.113481	
0.0196451	-0.111234	0.0196451	-0.111234	
0.0189516	-0.108989	0.0189516	-0.108989	
0.0182828	-0.106745	0.0182828	-0.106745	
0.0176382	-0.104504	0.0176382	-0.104504	
0.0170176	-0.102266	0.0170176	-0.102266	
0.0164204	-0.100033	0.0164204	-0.100033	
0.0158465	-0.0978059	0.0158465	-0.0978059	
0.0152953	-0.095585	0.0152953	-0.095585	
0.0147665	-0.0933715	0.0147665	-0.0933715	
0.0142596	-0.0911663	0.0142596	-0.0911663	
0.0137743	-0.0889705	0.0137743	-0.0889705	
0.0133101	-0.086785	0.0133101	-0.086785	
0.0128666	-0.0846107	0.0128666	-0.0846107	
0.0124432	-0.0824485	0.0124432	-0.0824485	
0.0120397	-0.0802995	0.0120397	-0.0802995	
0.0116555	-0.0781647	0.0116555	-0.0781647	
0.0112901	-0.0760448	0.0112901	-0.0760448	
0.0109431	-0.073941	0.0109431	-0.073941	
0.0106141	-0.0718541	0.0106141	-0.0718541	
0.0103025	-0.0697851	0.0103025	-0.0697851	
0.0100078	-0.067735	0.0100078	-0.067735	
0.00972962	-0.0657046	0.00972962	-0.0657046	
0.00946742	-0.0636949	0.00946742	-0.0636949	
0.00922072	-0.0617069	0.00922072	-0.0617069	
0.00898903	-0.0597414	0.00898903	-0.0597414	
0.00877186	-0.0577993	0.00877186	-0.0577993	
0.00856872	-0.0558817	0.00856872	-0.0558817	
0.00837911	-0.0539893	0.00837911	-0.0539893	
0.00820254	-0.052123	0.00820254	-0.052123	
0.00803853	-0.0502837	0.00803853	-0.0502837	
0.00788659	-0.0484724	0.00788659	-0.0484724	
0.00774622	-0.0466897	0.00774622	-0.0466897	
0.00761695	-0.0449367	0.00761695	-0.0449367	
0.00749829	-0.0432141	0.00749829	-0.0432141	
0.00738977	-0.0415227	0.00738977	-0.0415227	
0.00729091	-0.0398634	0.00729091	-0.0398634	
0.00720124	-0.0382369	0.00720124	-0.0382369	
0.00712031	-0.0366441	0.00712031	-0.0366441	
0.00704765	-0.0350856	0.00704765	-0.0350856	
0.00698281	-0.0335623	0.00698281	-0.0335623	
0.00692534	-0.0320748	0.00692534	-0.0320748	
0.00687481	-0.0306239	0.00687481	-0.0306239	
0.00683078	-0.0292103	0.00683078	-0.0292103	
0.00679283	-0.0278347	0.00679283	-0.0278347	
0.00676055	-0.0264977	0.00676055	-0.0264977	
0.00673352	-0.0252	0.00673352	-0.0252	
0.00671136	-0.0239423	0.00671136	-0.0239423	
0.00669366	-0.022725	0.00669366	-0.022725	
0.00668005	-0.0215489	0.00668005	-0.0215489	
0.00667017	-0.0204145	0.00667017	-0.0204145	
0.00666365	-0.0193223	0.00666365	-0.0193223	
0.00666015	-0.0182729	0.00666015	-0.0182729	
0.00665933	-0.0172667	0.00665933	-0.0172667	
0.00666086	-0.0163043	0.00666086	-0.0163043	
0.00666444	-0.0153862	0.00666444	-0.0153862	
0.00666976	-0.0145128	0.00666976	-0.0145128	
0.00667653	-0.0136844	0.00667653	-0.0136844	
0.00668448	-0.0129016	0.00668448	-0.0129016	
0.00669334	-0.0121647	0.00669334	-0.0121647	
0.00670287	-0.0114739	0.00670287	-0.0114739	
0.00671284	-0.0108298	0.00671284	-0.0108298	
0.006723	-0.0102325	0.006723	-0.0102325	
0.00673317	-0.00968241	0.00673317	-0.00968241	
0.00674315	-0.00917971	0.00674315	-0.00917971	
0.00675274	-0.00872466	0.00675274	-0.00872466	
0.0067618	-0.00831747	0.0067618	-0.00831747	
0.00677017	-0.00795833	0.00677017	-0.00795833	
0.0067777	-0.00764739	0.0067777	-0.00764739	
0.00678429	-0.0073848	0.00678429	-0.0073848	
0.00678982	-0.00717066	0.00678982	-0.00717066	
0.00679421	-0.00700507	0.00679421	-0.00700507	
0.00679737	-0.00688808	0.00679737	-0.00688808	
0.00679925	-0.00681973	0.00679925	-0.00681973	
0.0067998	-0.00680002	0.0067998	-0.00680002	
0.00679898	-0.00682896	0.00679898	-0.00682896	
0.00679679	-0.00690648	0.00679679	-0.00690648	
0.00679323	-0.00703254	0.00679323	-0.00703254	
0.0067883	-0.00720705	0.0067883	-0.00720705	
0.00678204	-0.00742988	0.00678204	-0.00742988	
0.0067745	-0.00770089	0.0067745	-0.00770089	
0.00676573	-0.00801993	0.00676573	-0.00801993	
0.00675582	-0.00838681	0.00675582	-0.00838681	
0.00674485	-0.0088013	0.00674485	-0.0088013	
0.00673292	-0.00926318	0.00673292	-0.00926318	
0.00672017	-0.00977217	0.00672017	-0.00977217	
0.00670672	-0.010328	0.00670672	-0.010328	
0.00669272	-0.0109303	0.00669272	-0.0109303	
0.00667834	-0.0115789	0.00667834	-0.0115789	
0.00666376	-0.0122732	0.00666376	-0.0122732	
0.00664916	-0.013013	0.00664916	-0.013013	
0.00663475	-0.0137979	0.00663475	-0.0137979	
0.00662076	-0.0146274	0.00662076	-0.0146274	
0.00660741	-0.015501	0.00660741	-0.015501	
0.00659495	-0.0164183	0.00659495	-0.0164183	
0.00658364	-0.0173788	0.00658364	-0.0173788	
0.00657374	-0.018382	0.00657374	-0.018382	
0.00656555	-0.0194273	0.00656555	-0.0194273	
0.00655935	-0.0205143	0.00655935	-0.0205143	
0.00655545	-0.0216422	0.00655545	-0.0216422	
0.00655418	-0.0228106	0.00655418	-0.0228106	
0.00655585	-0.0240187	0.00655585	-0.0240187	
0.0065608	-0.025266	0.0065608	-0.025266	
0.0065694	-0.0265518	0.0065694	-0.0265518	
0.00658198	-0.0278754	0.00658198	-0.0278754	
0.00659893	-0.0292362	0.00659893	-0.0292362	
0.00662063	-0.0306334	0.00662063	-0.0306334	
0.00664744	-0.0320663	0.00664744	-0.0320663	
0.00667979	-0.0335341	0.00667979	-0.0335341	
0.00671805	-0.0350362	0.00671805	-0.0350362	
0.00676265	-0.0365716	0.00676265	-0.0365716	
0.006814	-0.0381397	0.006814	-0.0381397	
0.00687253	-0.0397396	0.00687253	-0.0397396	
0.00693866	-0.0413706	0.00693866	-0.0413706	
0.00701282	-0.0430317	0.00701282	-0.0430317	
0.00709547	-0.0447222	0.00709547	-0.0447222	
0.00718704	-0.0464411	0.00718704	-0.0464411	
0.00728799	-0.0481877	0.00728799	-0.0481877	
0.00739876	-0.049961	0.00739876	-0.049961	
0.00751982	-0.0517601	0.00751982	-0.0517601	
0.00765161	-0.0535842	0.00765161	-0.0535842	
0.00779461	-0.0554324	0.00779461	-0.0554324	
0.00794928	-0.0573036	0.00794928	-0.0573036	
0.00811607	-0.0591971	0.00811607	-0.0591971	
0.00829546	-0.0611118	0.00829546	-0.0611118	
0.00848791	-0.0630469	0.00848791	-0.0630469	
0.00869389	-0.0650013	0.00869389	-0.0650013	
0.00891385	-0.0669742	0.00891385	-0.0669742	
0.00914827	-0.0689646	0.00914827	-0.0689646	
0.0093976	-0.0709715	0.0093976	-0.0709715	
0.00966231	-0.072994	0.00966231	-0.072994	
0.00994284	-0.075031	0.00994284	-0.075031	
0.0102397	-0.0770817	0.0102397	-0.0770817	
0.0105532	-0.079145	0.0105532	-0.079145	
0.0108839	-0.08122	0.0108839	-0.08122	
0.0112322	-0.0833057	0.0112322	-0.0833057	
0.0115986	-0.0854012	0.0115986	-0.0854012	
0.0119835	-0.0875054	0.0119835	-0.0875054	
0.0123872	-0.0896174	0.0123872	-0.0896174	
0.0128103	-0.0917363	0.0128103	-0.0917363	
0.013253	-0.093861	0.013253	-0.093861	
0.0137159	-0.0959907	0.0137159	-0.0959907	
0.0141993	-0.0981242	0.0141993	-0.0981242	
0.0147036	-0.100261	0.0147036	-0.100261	
0.0152291	-0.102399	0.0152291	-0.102399	
0.0157763	-0.104539	0.0157763	-0.104539	
0.0163455	-0.106679	0.0163455	-0.106679	
0.0169369	-0.108818	0.0169369	-0.108818	
0.017551	-0.110956	0.017551	-0.110956	
0.0181881	-0.113091	0.0181881	-0.113091	
0.0188485	-0.115222	0.0188485	-0.115222	
0.0195324	-0.117349	0.0195324	-0.117349	
0.0202402	-0.119471	0.0202402	-0.119471	
0.0209721	-0.121586	0.0209721	-0.121586	
0.0217283	-0.123695	0.0217283	-0.123695	
0.0225092	-0.125795	0.0225092	-0.125795	
0.0233149	-0.127887	0.0233149	-0.127887	
0.0241457	-0.129969	0.0241457	-0.129969	
0.0250017	-0.132041	0.0250017	-0.132041	
0.0258831	-0.134102	0.0258831	-0.134102	
0.0267901	-0.136151	0.0267901	-0.136151	
0.0277229	-0.138187	0.0277229	-0.138187	
0.0286815	-0.14021	0.0286815	-0.14021	
0.0296661	-0.142218	0.0296661	-0.142218	
0.0306768	-0.144212	0.0306768	-0.144212	
0.0317136	-0.146189	0.0317136	-0.146189	
0.0327767	-0.148151	0.0327767	-0.148151	
0.0338661	-0.150095	0.0338661	-0.150095	
0.0349817	-0.152022	0.0349817	-0.152022	
0.0361236	-0.15393	0.0361236	-0.15393	
0.0372919	-0.155819	0.0372919	-0.155819	
0.0384864	-0.157689	0.0384864	-0.157689	
0.0397071	-0.159538	0.0397071	-0.159538	
0.040954	-0.161366	0.040954	-0.161366	
0.042227	-0.163174	0.042227	-0.163174	
0.0435259	-0.164959	0.0435259	-0.164959	
0.0448506	-0.166722	0.0448506	-0.166722	
0.0462011	-0.168462	0.0462011	-0.168462	
0.0475771	-0.170179	0.0475771	-0.170179	
0.0489784	-0.171872	0.0489784	-0.171872	
0.0504049	-0.17354	0.0504049	-0.17354	
0.0518564	-0.175184	0.0518564	-0.175184	
0.0533325	-0.176803	0.0533325	-0.176803	
0.0548331	-0.178396	0.0548331	-0.178396	
0.0563578	-0.179964	0.0563578	-0.179964	
0.0579063	-0.181505	0.0579063	-0.181505	
0.0594784	-0.18302	0.0594784	-0.18302	
0.0610737	-0.184509	0.0610737	-0.184509	
0.0626919	-0.18597	0.0626919	-0.18597	
0.0643325	-0.187404	0.0643325	-0.187404	
0.0659951	-0.18881	0.0659951	-0.18881	
0.0676794	-0.190189	0.0676794	-0.190189	
0.069385	-0.19154	0.069385	-0.19154	
0.0711113	-0.192863	0.0711113	-0.192863	
0.0728578	-0.194157	0.0728578	-0.194157	
0.0746242	-0.195424	0.0746242	-0.195424	
0.0764099	-0.196662	0.0764099	-0.196662	
0.0782144	-0.197871	0.0782144	-0.197871	
0.0800371	-0.199052	0.0800371	-0.199052	
0.0818775	-0.200204	0.0818775	-0.200204	
0.0837349	-0.201327	0.0837349	-0.201327	
0.0856089	-0.202422	0.0856089	-0.202422	
0.0874987	-0.203489	0.0874987	-0.203489	
0.0894039	-0.204526	0.0894039	-0.204526	
0.0913236	-0.205536	0.0913236	-0.205536	
0.0932573	-0.206516	0.0932573	-0.206516	
0.0952043	-0.207469	0.0952043	-0.207469	
0.0971639	-0.208393	0.0971639	-0.208393	
0.0991354	-0.209289	0.0991354	-0.209289	
0.101118	-0.210158	0.101118	-0.210158	
0.103111	-0.210998	0.103111	-0.210998	
0.105114	-0.211811	0.105114	-0.211811	
0.107126	-0.212597	0.107126	-0.212597	
0.109146	-0.213355	0.109146	-0.213355	
0.111173	-0.214087	0.111173	-0.214087	
0.113207	-0.214792	0.113207	-0.214792	
0.115247	-0.21547	0.115247	-0.21547	
0.117292	-0.216123	0.117292	-0.216123	
0.119341	-0.216749	0.119341	-0.216749	
0.121394	-0.217351	0.121394	-0.217351	
0.123448	-0.217927	0.123448	-0.217927	
0.125505	-0.218478	0.125505	-0.218478	
0.127562	-0.219005	0.127562	-0.219005	
0.12962	-0.219508	0.12962	-0.219508	
0.131676	-0.219988	0.131676	-0.219988	
0.133731	-0.220444	0.133731	-0.220444	
0.135783	-0.220877	0.135783	-0.220877	
0.137831	-0.221288	0.137831	-0.221288	
0.139875	-0.221677	0.139875	-0.221677	
0.141914	-0.222044	0.141914	-0.222044	
0.143946	-0.22239	0.143946	-0.22239	
0.145971	-0.222716	0.145971	-0.222716	
0.147988	-0.223021	0.147988	-0.223021	
0.149996	-0.223307	0.149996	-0.223307	
0.151995	-0.223574	0.151995	-0.223574	
0.153982	-0.223822	0.153982	-0.223822	
0.155958	-0.224052	0.155958	-0.224052	
0.157921	-0.224264	0.157921	-0.224264	
0.159871	-0.224459	0.159871	-0.224459	
0.161806	-0.224637	0.161806	-0.224637	
0.163726	-0.224799	0.163726	-0.224799	
0.16563	-0.224946	0.16563	-0.224946	
0.167517	-0.225078	0.167517	-0.225078	
0.169386	-0.225195	0.169386	-0.225195	
0.171236	-0.225298	0.171236	-0.225298	
0.173066	-0.225387	0.173066	-0.225387	
0.174876	-0.225464	0.174876	-0.225464	
0.176664	-0.225528	0.176664	-0.225528	
0.17843	-0.225581	0.17843	-0.225581	
0.180173	-0.225622	0.180173	-0.225622	
0.181892	-0.225653	0.181892	-0.225653	
0.183586	-0.225673	0.183586	-0.225673	
0.185254	-0.225683	0.185254	-0.225683	
0.186896	-0.225685	0.186896	-0.225685	
0.188511	-0.225678	0.188511	-0.225678	
0.190098	-0.225662	0.190098	-0.225662	
0.191656	-0.225639	0.191656	-0.225639	
0.193184	-0.225609	0.193184	-0.225609	
0.194682	-0.225573	0.194682	-0.225573	
0.196149	-0.225531	0.196149	-0.225531	
0.197584	-0.225483	0.197584	-0.225483	
0.198987	-0.225429	0.198987	-0.225429	
0.200357	-0.225372	0.200357	-0.225372	
0.201693	-0.22531	0.201693	-0.22531	
0.202994	-0.225245	0.202994	-0.225245	
0.20426	-0.225177	0.20426	-0.225177	
0.205491	-0.225106	0.205491	-0.225106	
0.206685	-0.225033	0.206685	-0.225033	
0.207842	-0.224958	0.207842	-0.224958	
0.208962	-0.224881	0.208962	-0.224881	
0.210044	-0.224804	0.210044	-0.224804	
0.211087	-0.224726	0.211087	-0.224726	
0.212091	-0.224648	0.212091	-0.224648	
0.213055	-0.224571	0.213055	-0.224571	
0.21398	-0.224494	0.21398	-0.224494	
0.214863	-0.224418	0.214863	-0.224418	
0.215706	-0.224343	0.215706	-0.224343	
0.216508	-0.22427	0.216508	-0.22427	
0.217268	-0.224199	0.217268	-0.224199	
0.217986	-0.22413	0.217986	-0.22413	
0.218661	-0.224064	0.218661	-0.224064	
0.219294	-0.224001	0.219294	-0.224001	
0.219883	-0.223941	0.219883	-0.223941	
0.22043	-0.223884	0.22043	-0.223884	
0.220932	-0.223831	0.220932	-0.223831	
0.221391	-0.223782	0.221391	-0.223782	
0.221806	-0.223737	0.221806	-0.223737	
0.222177	-0.223696	0.222177	-0.223696	
0.222504	-0.223659	0.222504	-0.223659	
0.222786	-0.223628	0.222786	-0.223628	
0.223023	-0.223601	0.223023	-0.223601	
0.223216	-0.223578	0.223216	-0.223578	
0.223364	-0.223561	0.223364	-0.223561	
0.223467	-0.223549	0.223467	-0.223549	
0.223526	-0.223542	0.223526	-0.223542	
0.22354	-0.223541	0.22354	-0.223541	
0.223509	-0.223544	0.223509	-0.223544	
0.223433	-0.223553	0.223433	-0.223553	
0.223313	-0.223568	0.223313	-0.223568	
0.223149	-0.223587	0.223149	-0.223587	
0.22294	-0.223612	0.22294	-0.223612	
0.222687	-0.223643	0.222687	-0.223643	
0.222391	-0.223678	0.222391	-0.223678	
0.22205	-0.223719	0.22205	-0.223719	
0.221666	-0.223765	0.221666	-0.223765	
0.221238	-0.223816	0.221238	-0.223816	
0.220768	-0.223872	0.220768	-0.223872	
0.220255	-0.223933	0.220255	-0.223933	
0.2197	-0.223998	0.2197	-0.223998	
0.219102	-0.224068	0.219102	-0.224068	
0.218463	-0.224142	0.218463	-0.224142	
0.217783	-0.224221	0.217783	-0.224221	
0.217062	-0.224303	0.217062	-0.224303	
0.2163	-0.224389	0.2163	-0.224389	
0.215499	-0.224479	0.215499	-0.224479	
0.214658	-0.224572	0.214658	-0.224572	
0.213778	-0.224668	0.213778	-0.224668	
0.21286	-0.224766	0.21286	-0.224766	
0.211904	-0.224868	0.211904	-0.224868	
0.21091	-0.224971	0.21091	-0.224971	
0.20988	-0.225076	0.20988	-0.225076	
0.208813	-0.225183	0.208813	-0.225183	
0.207711	-0.225291	0.207711	-0.225291	
0.206575	-0.2254	0.206575	-0.2254	
0.205403	-0.225509	0.205403	-0.225509	
0.204199	-0.225618	0.204199	-0.225618	
0.202961	-0.225728	0.202961	-0.225728	
0.201691	-0.225836	0.201691	-0.225836	
0.20039	-0.225944	0.20039	-0.225944	
0.199058	-0.22605	0.199058	-0.22605	
0.197696	-0.226155	0.197696	-0.226155	
0.196305	-0.226257	0.196305	-0.226257	
0.194886	-0.226357	0.194886	-0.226357	
0.193438	-0.226453	0.193438	-0.226453	
0.191964	-0.226546	0.191964	-0.226546	
0.190464	-0.226635	0.190464	-0.226635	
0.188939	-0.226719	0.188939	-0.226719	
0.187389	-0.226799	0.187389	-0.226799	
0.185816	-0.226873	0.185816	-0.226873	
0.18422	-0.226941	0.18422	-0.226941	
0.182603	-0.227003	0.182603	-0.227003	
0.180964	-0.227058	0.180964	-0.227058	
0.179306	-0.227106	0.179306	-0.227106	
0.177628	-0.227146	0.177628	-0.227146	
0.175933	-0.227178	0.175933	-0.227178	
0.17422	-0.227201	0.17422	-0.227201	
0.17249	-0.227215	0.17249	-0.227215	
0.170745	-0.227219	0.170745	-0.227219	
0.168986	-0.227213	0.168986	-0.227213	
0.167213	-0.227196	0.167213	-0.227196	
0.165427	-0.227168	0.165427	-0.227168	
0.16363	-0.227128	0.16363	-0.227128	
0.161821	-0.227076	0.161821	-0.227076	
0.160003	-0.227011	0.160003	-0.227011	
0.158176	-0.226934	0.158176	-0.226934	
0.156341	-0.226842	0.156341	-0.226842	
0.154498	-0.226736	0.154498	-0.226736	
0.15265	-0.226616	0.15265	-0.226616	
0.150796	-0.226481	0.150796	-0.226481	
0.148938	-0.22633	0.148938	-0.22633	
0.147077	-0.226164	0.147077	-0.226164	
0.145213	-0.22598	0.145213	-0.22598	
0.143348	-0.225781	0.143348	-0.225781	
0.141483	-0.225563	0.141483	-0.225563	
0.139617	-0.225328	0.139617	-0.225328	
0.137753	-0.225075	0.137753	-0.225075	
0.135891	-0.224804	0.135891	-0.224804	
0.134032	-0.224513	0.134032	-0.224513	
0.132176	-0.224203	0.132176	-0.224203	
0.130326	-0.223874	0.130326	-0.223874	
0.128481	-0.223524	0.128481	-0.223524	
0.126643	-0.223154	0.126643	-0.223154	
0.124812	-0.222764	0.124812	-0.222764	
0.122989	-0.222352	0.122989	-0.222352	
0.121175	-0.221919	0.121175	-0.221919	
0.119371	-0.221464	0.119371	-0.221464	
0.117577	-0.220987	0.117577	-0.220987	
0.115795	-0.220488	0.115795	-0.220488	
0.114025	-0.219966	0.114025	-0.219966	
0.112268	-0.219422	0.112268	-0.219422	
0.110525	-0.218854	0.110525	-0.218854	
0.108796	-0.218263	0.108796	-0.218263	
0.107082	-0.217649	0.107082	-0.217649	
0.105384	-0.217011	0.105384	-0.217011	
0.103702	-0.21635	0.103702	-0.21635	
0.102038	-0.215664	0.102038	-0.215664	
0.100391	-0.214954	0.100391	-0.214954	
0.0987631	-0.21422	0.0987631	-0.21422	
0.097154	-0.213462	0.097154	-0.213462	
0.0955645	-0.212679	0.0955645	-0.212679	
0.0939953	-0.211872	0.0939953	-0.211872	
0.0924469	-0.21104	0.0924469	-0.21104	
0.0909198	-0.210184	0.0909198	-0.210184	
0.0894146	-0.209303	0.0894146	-0.209303	
0.0879318	-0.208397	0.0879318	-0.208397	
0.0864719	-0.207467	0.0864719	-0.207467	
0.0850353	-0.206512	0.0850353	-0.206512	
0.0836225	-0.205533	0.0836225	-0.205533	
0.0822339	-0.204529	0.0822339	-0.204529	
0.0808699	-0.203501	0.0808699	-0.203501	
0.0795309	-0.202449	0.0795309	-0.202449	
0.0782173	-0.201373	0.0782173	-0.201373	
0.0769294	-0.200273	0.0769294	-0.200273	
0.0756675	-0.199149	0.0756675	-0.199149	
0.074432	-0.198002	0.074432	-0.198002	
0.0732231	-0.196831	0.0732231	-0.196831	
0.0720411	-0.195637	0.0720411	-0.195637	
0.0708861	-0.19442	0.0708861	-0.19442	
0.0697585	-0.193181	0.0697585	-0.193181	
0.0686585	-0.191919	0.0686585	-0.191919	
0.0675861	-0.190635	0.0675861	-0.190635	
0.0665416	-0.18933	0.0665416	-0.18933	
0.0655251	-0.188003	0.0655251	-0.188003	
0.0645366	-0.186655	0.0645366	-0.186655	
0.0635764	-0.185287	0.0635764	-0.185287	
0.0626444	-0.183898	0.0626444	-0.183898	
0.0617406	-0.18249	0.0617406	-0.18249	
0.0608652	-0.181062	0.0608652	-0.181062	
0.0600181	-0.179616	0.0600181	-0.179616	
0.0591993	-0.178151	0.0591993	-0.178151	
0.0584088	-0.176667	0.0584088	-0.176667	
0.0576465	-0.175167	0.0576465	-0.175167	
0.0569123	-0.173649	0.0569123	-0.173649	
0.0562061	-0.172116	0.0562061	-0.172116	
0.0555279	-0.170566	0.0555279	-0.170566	
0.0548773	-0.169001	0.0548773	-0.169001	
0.0542545	-0.167421	0.0542545	-0.167421	
0.053659	-0.165827	0.053659	-0.165827	
0.0530907	-0.16422	0.0530907	-0.16422	
0.0525495	-0.162599	0.0525495	-0.162599	
0.0520351	-0.160967	0.0520351	-0.160967	
0.0515472	-0.159323	0.0515472	-0.159323	
0.0510855	-0.157668	0.0510855	-0.157668	
0.0506499	-0.156002	0.0506499	-0.156002	
0.0502399	-0.154327	0.0502399	-0.154327	
0.0498552	-0.152644	0.0498552	-0.152644	
0.0494956	-0.150952	0.0494956	-0.150952	
0.0491606	-0.149253	0.0491606	-0.149253	
0.0488499	-0.147547	0.0488499	-0.147547	
0.0485631	-0.145835	0.0485631	-0.145835	
0.0482998	-0.144118	0.0482998	-0.144118	
0.0480597	-0.142396	0.0480597	-0.142396	
0.0478422	-0.140671	0.0478422	-0.140671	
0.0476469	-0.138943	0.0476469	-0.138943	
0.0474734	-0.137213	0.0474734	-0.137213	
0.0473212	-0.135482	0.0473212	-0.135482	
0.0471898	-0.13375	0.0471898	-0.13375	
0.0470788	-0.132018	0.0470788	-0.132018	
0.0469876	-0.130288	0.0469876	-0.130288	
0.0469158	-0.128559	0.0469158	-0.128559	
0.0468628	-0.126834	0.0468628	-0.126834	
0.0468281	-0.125111	0.0468281	-0.125111	
0.0468111	-0.123394	0.0468111	-0.123394	
0.0468113	-0.121681	0.0468113	-0.121681	
0.0468282	-0.119975	0.0468282	-0.119975	
0.0468612	-0.118276	0.0468612	-0.118276	
0.0469097	-0.116584	0.0469097	-0.116584	
0.0469731	-0.114901	0.0469731	-0.114901	
0.0470509	-0.113227	0.0470509	-0.113227	
0.0471425	-0.111564	0.0471425	-0.111564	
0.0472473	-0.109911	0.0472473	-0.109911	
0.0473647	-0.108271	0.0473647	-0.108271	
0.0474941	-0.106643	0.0474941	-0.106643	
0.0476348	-0.105029	0.0476348	-0.105029	
0.0477864	-0.103429	0.0477864	-0.103429	
0.0479482	-0.101844	0.0479482	-0.101844	
0.0481195	-0.100276	0.0481195	-0.100276	
0.0482998	-0.0987238	0.0482998	-0.0987238	
0.0484886	-0.0971895	0.0484886	-0.0971895	
0.048685	-0.0956736	0.048685	-0.0956736	
0.0488887	-0.0941768	0.0488887	-0.0941768	
0.0490989	-0.0927	0.0490989	-0.0927	
0.0493151	-0.0912438	0.0493151	-0.0912438	
0.0495366	-0.0898091	0.0495366	-0.0898091	
0.0497629	-0.0883966	0.0497629	-0.0883966	
0.0499934	-0.0870069	0.0499934	-0.0870069	
0.0502275	-0.085641	0.0502275	-0.085641	
0.0504645	-0.0842994	0.0504645	-0.0842994	
0.0507041	-0.0829828	0.0507041	-0.0829828	
0.0509454	-0.081692	0.0509454	-0.081692	
0.0511881	-0.0804276	0.0511881	-0.0804276	
0.0514315	-0.0791903	0.0514315	-0.0791903	
0.0516751	-0.0779807	0.0516751	-0.0779807	
0.0519184	-0.0767995	0.0519184	-0.0767995	
0.0521607	-0.0756473	0.0521607	-0.0756473	
0.0524017	-0.0745246	0.0524017	-0.0745246	
0.0526407	-0.0734322	0.0526407	-0.0734322	
0.0528772	-0.0723704	0.0528772	-0.0723704	
0.0531109	-0.07134	0.0531109	-0.07134	
0.0533411	-0.0703414	0.0533411	-0.0703414	
0.0535674	-0.0693751	0.0535674	-0.0693751	
0.0537894	-0.0684417	0.0537894	-0.0684417	
0.0540065	-0.0675416	0.0540065	-0.0675416	
0.0542184	-0.0666753	0.0542184	-0.0666753	
0.0544246	-0.0658433	0.0544246	-0.0658433	
0.0546248	-0.0650459	0.0546248	-0.0650459	
0.0548184	-0.0642836	0.0548184	-0.0642836	
0.0550052	-0.0635567	0.0550052	-0.0635567	
0.0551847	-0.0628657	0.0551847	-0.0628657	
0.0553566	-0.0622108	0.0553566	-0.0622108	
0.0555205	-0.0615925	0.0555205	-0.0615925	
0.0556761	-0.0610109	0.0556761	-0.0610109	
0.0558232	-0.0604664	0.0558232	-0.0604664	
0.0559613	-0.0599593	0.0559613	-0.0599593	
0.0560902	-0.0594897	0.0560902	-0.0594897	
0.0562097	-0.0590579	0.0562097	-0.0590579	
0.0563195	-0.0586641	0.0563195	-0.0586641	
0.0564193	-0.0583084	0.0564193	-0.0583084	
0.056509	-0.0579911	0.056509	-0.0579911	
0.0565883	-0.0577122	0.0565883	-0.0577122	
0.056657	-0.0574718	0.056657	-0.0574718	
0.056715	-0.05727	0.056715	-0.05727	
0.0567622	-0.0571069	0.0567622	-0.0571069	
0.0567983	-0.0569825	0.0567983	-0.0569825	
0.0568233	-0.0568968	0.0568233	-0.0568968	
0.056837	-0.0568498	0.056837	-0.0568498	
0.0568395	-0.0568415	0.0568395	-0.0568415	
0.0568305	-0.0568718	0.0568305	-0.0568718	
0.0568102	-0.0569406	0.0568102	-0.0569406	
0.0567783	-0.0570479	0.0567783	-0.0570479	
0.056735	-0.0571934	0.056735	-0.0571934	
0.0566802	-0.0573771	0.0566802	-0.0573771	
0.056614	-0.0575988	0.056614	-0.0575988	
0.0565363	-0.0578583	0.0565363	-0.0578583	
0.0564472	-0.0581553	0.0564472	-0.0581553	
0.0563469	-0.0584897	0.0563469	-0.0584897	
0.0562354	-0.0588611	0.0562354	-0.0588611	
0.0561128	-0.0592693	0.0561128	-0.0592693	
0.0559792	-0.0597139	0.0559792	-0.0597139	
0.0558347	-0.0601947	0.0558347	-0.0601947	
0.0556796	-0.0607113	0.0556796	-0.0607113	
0.055514	-0.0612633	0.055514	-0.0612633	
0.0553381	-0.0618503	0.0553381	-0.0618503	
0.055152	-0.062472	0.055152	-0.062472	
0.0549561	-0.0631278	0.0549561	-0.0631278	
0.0547505	-0.0638174	0.0547505	-0.0638174	
0.0545354	-0.0645402	0.0545354	-0.0645402	
0.0543113	-0.0652957	0.0543113	-0.0652957	
0.0540783	-0.0660836	0.0540783	-0.0660836	
0.0538367	-0.0669031	0.0538367	-0.0669031	
0.0535869	-0.0677538	0.0535869	-0.0677538	
0.0533291	-0.0686351	0.0533291	-0.0686351	
0.0530637	-0.0695465	0.0530637	-0.0695465	
0.0527911	-0.0704872	0.0527911	-0.0704872	
0.0525116	-0.0714568	0.0525116	-0.0714568	
0.0522256	-0.0724545	0.0522256	-0.0724545	
0.0519335	-0.0734797	0.0519335	-0.0734797	
0.0516356	-0.0745318	0.0516356	-0.0745318	
0.0513325	-0.07561	0.0513325	-0.07561	
0.0510244	-0.0767137	0.0510244	-0.0767137	
0.0507119	-0.0778421	0.0507119	-0.0778421	
0.0503954	-0.0789946	0.0503954	-0.0789946	
0.0500753	-0.0801704	0.0500753	-0.0801704	
0.0497521	-0.0813687	0.0497521	-0.0813687	
0.0494262	-0.0825888	0.0494262	-0.0825888	
0.0490982	-0.0838299	0.0490982	-0.0838299	
0.0487685	-0.0850912	0.0487685	-0.0850912	
0.0484377	-0.086372	0.0484377	-0.086372	
0.0481062	-0.0876714	0.0481062	-0.0876714	
0.0477744	-0.0889886	0.0477744	-0.0889886	
0.0474431	-0.0903229	0.0474431	-0.0903229	
0.0471126	-0.0916733	0.0471126	-0.0916733	
0.0467835	-0.093039	0.0467835	-0.093039	
0.0464562	-0.0944192	0.0464562	-0.0944192	
0.0461315	-0.095813	0.0461315	-0.095813	
0.0458097	-0.0972197	0.0458097	-0.0972197	
0.0454914	-0.0986382	0.0454914	-0.0986382	
0.0451771	-0.100068	0.0451771	-0.100068	
0.0448675	-0.101508	0.0448675	-0.101508	
0.044563	-0.102957	0.044563	-0.102957	
0.0442642	-0.104414	0.0442642	-0.104414	
0.0439716	-0.105879	0.0439716	-0.105879	
0.0436858	-0.107351	0.0436858	-0.107351	
0.0434073	-0.108829	0.0434073	-0.108829	
0.0431366	-0.110311	0.0431366	-0.110311	
0.0428743	-0.111798	0.0428743	-0.111798	
0.042621	-0.113288	0.042621	-0.113288	
0.0423772	-0.11478	0.0423772	-0.11478	
0.0421433	-0.116273	0.0421433	-0.116273	
0.04192	-0.117767	0.04192	-0.117767	
0.0417077	-0.119261	0.0417077	-0.119261	
0.041507	-0.120754	0.041507	-0.120754	
0.0413183	-0.122244	0.0413183	-0.122244	
0.0411423	-0.123732	0.0411423	-0.123732	
0.0409793	-0.125216	0.0409793	-0.125216	
0.04083	-0.126695	0.04083	-0.126695	
0.0406946	-0.128169	0.0406946	-0.128169	
0.0405739	-0.129637	0.0405739	-0.129637	
0.0404681	-0.131098	0.0404681	-0.131098	
0.0403778	-0.13255	0.0403778	-0.13255	
0.0403035	-0.133995	0.0403035	-0.133995	
0.0402455	-0.135429	0.0402455	-0.135429	
0.0402043	-0.136854	0.0402043	-0.136854	
0.0401803	-0.138268	0.0401803	-0.138268	
0.040174	-0.139669	0.040174	-0.139669	
0.0401856	-0.141059	0.0401856	-0.141059	
0.0402157	-0.142435	0.0402157	-0.142435	
0.0402645	-0.143797	0.0402645	-0.143797	
0.0403325	-0.145145	0.0403325	-0.145145	
0.0404199	-0.146477	0.0404199	-0.146477	
0.0405272	-0.147794	0.0405272	-0.147794	
0.0406546	-0.149094	0.0406546	-0.149094	
0.0408025	-0.150376	0.0408025	-0.150376	
0.040971	-0.151641	0.040971	-0.151641	
0.0411606	-0.152887	0.0411606	-0.152887	
0.0413714	-0.154113	0.0413714	-0.154113	
0.0416037	-0.155321	0.0416037	-0.155321	
0.0418578	-0.156508	0.0418578	-0.156508	
0.0421338	-0.157674	0.0421338	-0.157674	
0.042432	-0.158818	0.042432	-0.158818	
0.0427524	-0.159941	0.0427524	-0.159941	
0.0430953	-0.161042	0.0430953	-0.161042	
0.0434609	-0.16212	0.0434609	-0.16212	
0.0438492	-0.163174	0.0438492	-0.163174	
0.0442604	-0.164205	0.0442604	-0.164205	
0.0446945	-0.165212	0.0446945	-0.165212	
0.0451516	-0.166194	0.0451516	-0.166194	
0.0456318	-0.167152	0.0456318	-0.167152	
0.0461351	-0.168084	0.0461351	-0.168084	
0.0466615	-0.168991	0.0466615	-0.168991	
0.0472111	-0.169872	0.0472111	-0.169872	
0.0477837	-0.170727	0.0477837	-0.170727	
0.0483795	-0.171555	0.0483795	-0.171555	
0.0489982	-0.172357	0.0489982	-0.172357	
0.04964	-0.173132	0.04964	-0.173132	
0.0503045	-0.17388	0.0503045	-0.17388	
0.0509918	-0.1746	0.0509918	-0.1746	
0.0517017	-0.175294	0.0517017	-0.175294	
0.052434	-0.17596	0.052434	-0.17596	
0.0531887	-0.176598	0.0531887	-0.176598	
0.0539654	-0.177208	0.0539654	-0.177208	
0.054764	-0.177791	0.054764	-0.177791	
0.0555843	-0.178345	0.0555843	-0.178345	
0.0564261	-0.178872	0.0564261	-0.178872	
0.0572889	-0.179371	0.0572889	-0.179371	
0.0581727	-0.179842	0.0581727	-0.179842	
0.0590771	-0.180285	0.0590771	-0.180285	
0.0600017	-0.180701	0.0600017	-0.180701	
0.0609463	-0.181088	0.0609463	-0.181088	
0.0619105	-0.181449	0.0619105	-0.181449	
0.0628939	-0.181781	0.0628939	-0.181781	
0.0638961	-0.182087	0.0638961	-0.182087	
0.0649168	-0.182365	0.0649168	-0.182365	
0.0659554	-0.182616	0.0659554	-0.182616	
0.0670117	-0.18284	0.0670117	-0.18284	
0.0680851	-0.183038	0.0680851	-0.183038	
0.0691752	-0.183209	0.0691752	-0.183209	
0.0702814	-0.183355	0.0702814	-0.183355	
0.0714034	-0.183474	0.0714034	-0.183474	
0.0725405	-0.183569	0.0725405	-0.183569	
0.0736923	-0.183638	0.0736923	-0.183638	
0.0748581	-0.183682	0.0748581	-0.183682	
0.0760376	-0.183701	0.0760376	-0.183701	
0.07723	-0.183697	0.07723	-0.183697	
0.0784349	-0.183669	0.0784349	-0.183669	
0.0796515	-0.183617	0.0796515	-0.183617	
0.0808794	-0.183543	0.0808794	-0.183543	
0.0821179	-0.183446	0.0821179	-0.183446	
0.0833663	-0.183327	0.0833663	-0.183327	
0.0846241	-0.183187	0.0846241	-0.183187	
0.0858905	-0.183025	0.0858905	-0.183025	
0.087165	-0.182843	0.087165	-0.182843	
0.0884468	-0.182641	0.0884468	-0.182641	
0.0897353	-0.18242	0.0897353	-0.18242	
0.0910298	-0.182179	0.0910298	-0.182179	
0.0923296	-0.18192	0.0923296	-0.18192	
0.093634	-0.181643	0.093634	-0.181643	
0.0949423	-0.181349	0.0949423	-0.181349	
0.0962538	-0.181038	0.0962538	-0.181038	
0.0975678	-0.180711	0.0975678	-0.180711	
0.0988834	-0.180369	0.0988834	-0.180369	
0.1002	-0.180011	0.1002	-0.180011	
0.101517	-0.17964	0.101517	-0.17964	
0.102834	-0.179254	0.102834	-0.179254	
0.104149	-0.178856	0.104149	-0.178856	
0.105462	-0.178445	0.105462	-0.178445	
0.106773	-0.178022	0.106773	-0.178022	
0.10808	-0.177589	0.10808	-0.177589	
0.109383	-0.177145	0.109383	-0.177145	
0.110681	-0.176691	0.110681	-0.176691	
0.111974	-0.176228	0.111974	-0.176228	
0.11326	-0.175757	0.11326	-0.175757	
0.114538	-0.175278	0.114538	-0.175278	
0.115809	-0.174791	0.115809	-0.174791	
0.117071	-0.174299	0.117071	-0.174299	
0.118324	-0.173801	0.118324	-0.173801	
0.119567	-0.173298	0.119567	-0.173298	
0.120799	-0.17279	0.120799	-0.17279	
0.122019	-0.172279	0.122019	-0.172279	
0.123227	-0.171765	0.123227	-0.171765	
0.124422	-0.171249	0.124422	-0.171249	
0.125604	-0.170731	0.125604	-0.170731	
0.12677	-0.170212	0.12677	-0.170212	
0.127922	-0.169693	0.127922	-0.169693	
0.129058	-0.169174	0.129058	-0.169174	
0.130178	-0.168657	0.130178	-0.168657	
0.13128	-0.168141	0.13128	-0.168141	
0.132365	-0.167627	0.132365	-0.167627	
0.133431	-0.167117	0.133431	-0.167117	
0.134478	-0.16661	0.134478	-0.16661	
0.135506	-0.166108	0.135506	-0.166108	
0.136513	-0.165611	0.136513	-0.165611	
0.137499	-0.165119	0.137499	-0.165119	
0.138464	-0.164633	0.138464	-0.164633	
0.139407	-0.164154	0.139407	-0.164154	
0.140327	-0.163683	0.140327	-0.163683	
0.141224	-0.163219	0.141224	-0.163219	
0.142098	-0.162764	0.142098	-0.162764	
0.142947	-0.162318	0.142947	-0.162318	
0.143771	-0.161882	0.143771	-0.161882	
0.144571	-0.161456	0.144571	-0.161456	
0.145344	-0.161041	0.145344	-0.161041	
0.146092	-0.160636	0.146092	-0.160636	
0.146813	-0.160244	0.146813	-0.160244	
0.147507	-0.159863	0.147507	-0.159863	
0.148174	-0.159496	0.148174	-0.159496	
0.148813	-0.159141	0.148813	-0.159141	
0.149424	-0.1588	0.149424	-0.1588	
0.150006	-0.158473	0.150006	-0.158473	
0.15056	-0.158161	0.15056	-0.158161	
0.151085	-0.157863	0.151085	-0.157863	
0.15158	-0.15758	0.15158	-0.15758	
0.152046	-0.157313	0.152046	-0.157313	
0.152482	-0.157062	0.152482	-0.157062	
0.152888	-0.156827	0.152888	-0.156827	
0.153263	-0.156608	0.153263	-0.156608	
0.153609	-0.156407	0.153609	-0.156407	
0.153923	-0.156222	0.153923	-0.156222	
0.154207	-0.156055	0.154207	-0.156055	
0.154459	-0.155905	0.154459	-0.155905	
0.154681	-0.155774	0.154681	-0.155774	
0.154872	-0.15566	0.154872	-0.15566	
0.155032	-0.155564	0.155032	-0.155564	
0.15516	-0.155487	0.15516	-0.155487	
0.155257	-0.155429	0.155257	-0.155429	
0.155323	-0.155389	0.155323	-0.155389	
0.155358	-0.155368	0.155358	-0.155368	
0.155362	-0.155365	0.155362	-0.155365	
0.155334	-0.155382	0.155334	-0.155382	
0.155276	-0.155418	0.155276	-0.155418	
0.155187	-0.155472	0.155187	-0.155472	
0.155067	-0.155546	0.155067	-0.155546	
0.154917	-0.155639	0.154917	-0.155639	
0.154736	-0.155751	0.154736	-0.155751	
0.154525	-0.155882	0.154525	-0.155882	
0.154284	-0.156032	0.154284	-0.156032	
0.154014	-0.1562	0.154014	-0.1562	
0.153714	-0.156388	0.153714	-0.156388	
0.153385	-0.156594	0.153385	-0.156594	
0.153027	-0.156819	0.153027	-0.156819	
0.15264	-0.157062	0.15264	-0.157062	
0.152225	-0.157323	0.152225	-0.157323	
0.151783	-0.157602	0.151783	-0.157602	
0.151313	-0.1579	0.151313	-0.1579	
0.150815	-0.158214	0.150815	-0.158214	
0.150292	-0.158546	0.150292	-0.158546	
0.149741	-0.158896	0.149741	-0.158896	
0.149166	-0.159262	0.149166	-0.159262	
0.148565	-0.159644	0.148565	-0.159644	
0.147939	-0.160043	0.147939	-0.160043	
0.147289	-0.160458	0.147289	-0.160458	
0.146615	-0.160888	0.146615	-0.160888	
0.145917	-0.161334	0.145917	-0.161334	
0.145198	-0.161794	0.145198	-0.161794	
0.144456	-0.162269	0.144456	-0.162269	
0.143692	-0.162758	0.143692	-0.162758	
0.142908	-0.163261	0.142908	-0.163261	
0.142103	-0.163776	0.142103	-0.163776	
0.141279	-0.164305	0.141279	-0.164305	
0.140436	-0.164846	0.140436	-0.164846	
0.139574	-0.165399	0.139574	-0.165399	
0.138695	-0.165963	0.138695	-0.165963	
0.137799	-0.166539	0.137799	-0.166539	
0.136886	-0.167124	0.136886	-0.167124	
0.135958	-0.16772	0.135958	-0.16772	
0.135015	-0.168325	0.135015	-0.168325	
0.134057	-0.168939	0.134057	-0.168939	
0.133087	-0.169561	0.133087	-0.169561	
0.132103	-0.170192	0.132103	-0.170192	
0.131108	-0.170829	0.131108	-0.170829	
0.130101	-0.171473	0.130101	-0.171473	
0.129084	-0.172123	0.129084	-0.172123	
0.128058	-0.172779	0.128058	-0.172779	
0.127022	-0.173439	0.127022	-0.173439	
0.125978	-0.174104	0.125978	-0.174104	
0.124928	-0.174773	0.124928	-0.174773	
0.12387	-0.175445	0.12387	-0.175445	
0.122807	-0.176119	0.122807	-0.176119	
0.121739	-0.176796	0.121739	-0.176796	
0.120667	-0.177473	0.120667	-0.177473	
0.119591	-0.178152	0.119591	-0.178152	
0.118514	-0.178831	0.118514	-0.178831	
0.117434	-0.179509	0.117434	-0.179509	
0.116353	-0.180186	0.116353	-0.180186	
0.115273	-0.180861	0.115273	-0.180861	
0.114193	-0.181534	0.114193	-0.181534	
0.113114	-0.182204	0.113114	-0.182204	
0.112038	-0.18287	0.112038	-0.18287	
0.110965	-0.183532	0.110965	-0.183532	
0.109896	-0.18419	0.109896	-0.18419	
0.108832	-0.184842	0.108832	-0.184842	
0.107773	-0.185487	0.107773	-0.185487	
0.10672	-0.186127	0.10672	-0.186127	
0.105674	-0.186759	0.105674	-0.186759	
0.104636	-0.187383	0.104636	-0.187383	
0.103607	-0.187999	0.103607	-0.187999	
0.102587	-0.188606	0.102587	-0.188606	
0.101577	-0.189203	0.101577	-0.189203	
0.100578	-0.18979	0.100578	-0.18979	
0.0995897	-0.190367	0.0995897	-0.190367	
0.0986141	-0.190932	0.0986141	-0.190932	
0.0976514	-0.191485	0.0976514	-0.191485	
0.0967023	-0.192027	0.0967023	-0.192027	
0.0957674	-0.192555	0.0957674	-0.192555	
0.0948475	-0.19307	0.0948475	-0.19307	
0.0939432	-0.193571	0.0939432	-0.193571	
0.0930552	-0.194058	0.0930552	-0.194058	
0.092184	-0.19453	0.092184	-0.19453	
0.0913303	-0.194986	0.0913303	-0.194986	
0.0904947	-0.195427	0.0904947	-0.195427	
0.0896777	-0.195852	0.0896777	-0.195852	
0.0888801	-0.19626	0.0888801	-0.19626	
0.0881022	-0.19665	0.0881022	-0.19665	
0.0873446	-0.197024	0.0873446	-0.197024	
0.0866079	-0.197379	0.0866079	-0.197379	
0.0858926	-0.197717	0.0858926	-0.197717	
0.0851992	-0.198036	0.0851992	-0.198036	
0.084528	-0.198335	0.084528	-0.198335	
0.0838797	-0.198616	0.0838797	-0.198616	
0.0832545	-0.198877	0.0832545	-0.198877	
0.082653	-0.199118	0.082653	-0.199118	
0.0820755	-0.199338	0.0820755	-0.199338	
0.0815224	-0.199539	0.0815224	-0.199539	
0.080994	-0.199718	0.080994	-0.199718	
0.0804908	-0.199877	0.0804908	-0.199877	
0.0800129	-0.200014	0.0800129	-0.200014	
0.0795608	-0.20013	0.0795608	-0.20013	
0.0791346	-0.200225	0.0791346	-0.200225	
0.0787347	-0.200298	0.0787347	-0.200298	
0.0783613	-0.200349	0.0783613	-0.200349	
0.0780145	-0.200378	0.0780145	-0.200378	
0.0776947	-0.200384	0.0776947	-0.200384	
0.0774018	-0.200369	0.0774018	-0.200369	
0.0771362	-0.200331	0.0771362	-0.200331	
0.0768979	-0.200271	0.0768979	-0.200271	
0.0766871	-0.200189	0.0766871	-0.200189	
0.0765037	-0.200084	0.0765037	-0.200084	
0.076348	-0.199957	0.076348	-0.199957	
0.0762199	-0.199808	0.0762199	-0.199808	
0.0761194	-0.199636	0.0761194	-0.199636	
0.0760466	-0.199442	0.0760466	-0.199442	
0.0760013	-0.199226	0.0760013	-0.199226	
0.0759837	-0.198987	0.0759837	-0.198987	
0.0759935	-0.198727	0.0759935	-0.198727	
0.0760308	-0.198444	0.0760308	-0.198444	
