# mu=0.3
# lamb=0
# N=6
# m=0
# dim=20
#T=10
#dt=0.01
0.25	0.25	-0.25	0.25	0.25	-0.25	
0.249988	0.249988	-0.25	0.249988	0.249988	-0.25	
0.24995	0.24995	-0.25	0.24995	0.24995	-0.25	
0.249888	0.249888	-0.25	0.249888	0.249888	-0.25	
0.2498	0.2498	-0.25	0.2498	0.2498	-0.25	
0.249688	0.249688	-0.25	0.249688	0.249688	-0.25	
0.24955	0.24955	-0.25	0.24955	0.24955	-0.25	
0.249388	0.249388	-0.25	0.249388	0.249388	-0.25	
0.2492	0.2492	-0.249999	0.2492	0.2492	-0.249999	
0.248988	0.248988	-0.249999	0.248988	0.248988	-0.249999	
0.248751	0.248751	-0.249998	0.248751	0.248751	-0.249998	
0.248489	0.248489	-0.249998	0.248489	0.248489	-0.249998	
0.248202	0.248202	-0.249997	0.248202	0.248202	-0.249997	
0.24789	0.24789	-0.249996	0.24789	0.24789	-0.249996	
0.247553	0.247553	-0.249994	0.247553	0.247553	-0.249994	
0.247192	0.247192	-0.249992	0.247192	0.247192	-0.249992	
0.246806	0.246806	-0.24999	0.246806	0.246806	-0.24999	
0.246395	0.246395	-0.249987	0.246395	0.246395	-0.249987	
0.245959	0.245959	-0.249984	0.245959	0.245959	-0.249984	
0.245499	0.245499	-0.24998	0.245499	0.245499	-0.24998	
0.245014	0.245014	-0.249975	0.245014	0.245014	-0.249975	
0.244505	0.244505	-0.24997	0.244505	0.244505	-0.24997	
0.243971	0.243971	-0.249964	0.243971	0.243971	-0.249964	
0.243413	0.243413	-0.249957	0.243413	0.243413	-0.249957	
0.24283	0.24283	-0.249949	0.24283	0.24283	-0.249949	
0.242223	0.242223	-0.24994	0.242223	0.242223	-0.24994	
0.241591	0.241591	-0.24993	0.241591	0.241591	-0.24993	
0.240935	0.240935	-0.249919	0.240935	0.240935	-0.249919	
0.240255	0.240255	-0.249906	0.240255	0.240255	-0.249906	
0.239551	0.239551	-0.249892	0.239551	0.239551	-0.249892	
0.238823	0.238823	-0.249876	0.238823	0.238823	-0.249876	
0.238071	0.238071	-0.249859	0.238071	0.238071	-0.249859	
0.237295	0.237295	-0.249841	0.237295	0.237295	-0.249841	
0.236496	0.236496	-0.24982	0.236496	0.236496	-0.24982	
0.235672	0.235672	-0.249798	0.235672	0.235672	-0.249798	
0.234825	0.234825	-0.249773	0.234825	0.234825	-0.249773	
0.233954	0.233954	-0.249747	0.233954	0.233954	-0.249747	
0.23306	0.23306	-0.249718	0.23306	0.23306	-0.249718	
0.232143	0.232143	-0.249687	0.232143	0.232143	-0.249687	
0.231202	0.231202	-0.249653	0.231202	0.231202	-0.249653	
0.230238	0.230238	-0.249617	0.230238	0.230238	-0.249617	
0.229251	0.229251	-0.249578	0.229251	0.229251	-0.249578	
0.228241	0.228241	-0.249536	0.228241	0.228241	-0.249536	
0.227208	0.227208	-0.249492	0.227208	0.227208	-0.249492	
0.226152	0.226152	-0.249444	0.226152	0.226152	-0.249444	
0.225074	0.225074	-0.249393	0.225074	0.225074	-0.249393	
0.223974	0.223974	-0.249339	0.223974	0.223974	-0.249339	
0.222851	0.222851	-0.249281	0.222851	0.222851	-0.249281	
0.221705	0.221705	-0.24922	0.221705	0.221705	-0.24922	
0.220538	0.220538	-0.249155	0.220538	0.220538	-0.249155	
0.219349	0.219349	-0.249087	0.219349	0.219349	-0.249087	
0.218138	0.218138	-0.249014	0.218138	0.218138	-0.249014	
0.216905	0.216905	-0.248937	0.216905	0.216905	-0.248937	
0.215651	0.215651	-0.248856	0.215651	0.215651	-0.248856	
0.214376	0.214376	-0.248771	0.214376	0.214376	-0.248771	
0.213079	0.213079	-0.248681	0.213079	0.213079	-0.248681	
0.211762	0.211762	-0.248587	0.211762	0.211762	-0.248587	
0.210423	0.210423	-0.248488	0.210423	0.210423	-0.248488	
0.209064	0.209064	-0.248384	0.209064	0.209064	-0.248384	
0.207685	0.207685	-0.248275	0.207685	0.207685	-0.248275	
0.206285	0.206285	-0.248161	0.206285	0.206285	-0.248161	
0.204866	0.204866	-0.248042	0.204866	0.204866	-0.248042	
0.203426	0.203426	-0.247917	0.203426	0.203426	-0.247917	
0.201967	0.201967	-0.247787	0.201967	0.201967	-0.247787	
0.200488	0.200488	-0.247651	0.200488	0.200488	-0.247651	
0.19899	0.19899	-0.247509	0.19899	0.19899	-0.247509	
0.197473	0.197473	-0.247361	0.197473	0.197473	-0.247361	
0.195937	0.195937	-0.247207	0.195937	0.195937	-0.247207	
0.194383	0.194383	-0.247048	0.194383	0.194383	-0.247048	
0.192811	0.192811	-0.246881	0.192811	0.192811	-0.246881	
0.19122	0.19122	-0.246709	0.19122	0.19122	-0.246709	
0.189611	0.189611	-0.24653	0.189611	0.189611	-0.24653	
0.187985	0.187985	-0.246344	0.187985	0.187985	-0.246344	
0.186342	0.186342	-0.246151	0.186342	0.186342	-0.246151	
0.184682	0.184682	-0.245952	0.184682	0.184682	-0.245952	
0.183004	0.183004	-0.245745	0.183004	0.183004	-0.245745	
0.18131	0.18131	-0.245532	0.18131	0.18131	-0.245532	
0.1796	0.1796	-0.245311	0.1796	0.1796	-0.245311	
0.177874	0.177874	-0.245083	0.177874	0.177874	-0.245083	
0.176133	0.176133	-0.244847	0.176133	0.176133	-0.244847	
0.174376	0.174376	-0.244604	0.174376	0.174376	-0.244604	
0.172604	0.172604	-0.244353	0.172604	0.172604	-0.244353	
0.170817	0.170817	-0.244095	0.170817	0.170817	-0.244095	
0.169015	0.169015	-0.243828	0.169015	0.169015	-0.243828	
0.1672	0.1672	-0.243554	0.1672	0.1672	-0.243554	
0.165371	0.165371	-0.243271	0.165371	0.165371	-0.243271	
0.163528	0.163528	-0.242981	0.163528	0.163528	-0.242981	
0.161672	0.161672	-0.242682	0.161672	0.161672	-0.242682	
0.159803	0.159803	-0.242375	0.159803	0.159803	-0.242375	
0.157922	0.157922	-0.24206	0.157922	0.157922	-0.24206	
0.156028	0.156028	-0.241736	0.156028	0.156028	-0.241736	
0.154123	0.154123	-0.241403	0.154123	0.154123	-0.241403	
0.152207	0.152207	-0.241062	0.152207	0.152207	-0.241062	
0.150279	0.150279	-0.240712	0.150279	0.150279	-0.240712	
0.14834	0.14834	-0.240354	0.14834	0.14834	-0.240354	
0.146392	0.146392	-0.239987	0.146392	0.146392	-0.239987	
0.144433	0.144433	-0.23961	0.144433	0.144433	-0.23961	
0.142465	0.142465	-0.239225	0.142465	0.142465	-0.239225	
0.140487	0.140487	-0.238831	0.140487	0.140487	-0.238831	
0.138501	0.138501	-0.238428	0.138501	0.138501	-0.238428	
0.136507	0.136507	-0.238016	0.136507	0.136507	-0.238016	
0.134504	0.134504	-0.237595	0.134504	0.134504	-0.237595	
0.132494	0.132494	-0.237164	0.132494	0.132494	-0.237164	
0.130477	0.130477	-0.236725	0.130477	0.130477	-0.236725	
0.128452	0.128452	-0.236276	0.128452	0.128452	-0.236276	
0.126422	0.126422	-0.235818	0.126422	0.126422	-0.235818	
0.124386	0.124386	-0.235351	0.124386	0.124386	-0.235351	
0.122344	0.122344	-0.234874	0.122344	0.122344	-0.234874	
0.120297	0.120297	-0.234388	0.120297	0.120297	-0.234388	
0.118245	0.118245	-0.233893	0.118245	0.118245	-0.233893	
0.116189	0.116189	-0.233388	0.116189	0.116189	-0.233388	
0.11413	0.11413	-0.232875	0.11413	0.11413	-0.232875	
0.112067	0.112067	-0.232351	0.112067	0.112067	-0.232351	
0.110001	0.110001	-0.231819	0.110001	0.110001	-0.231819	
0.107933	0.107933	-0.231277	0.107933	0.107933	-0.231277	
0.105863	0.105863	-0.230726	0.105863	0.105863	-0.230726	
0.103791	0.103791	-0.230166	0.103791	0.103791	-0.230166	
0.101718	0.101718	-0.229596	0.101718	0.101718	-0.229596	
0.0996449	0.0996449	-0.229017	0.0996449	0.0996449	-0.229017	
0.0975713	0.0975713	-0.228429	0.0975713	0.0975713	-0.228429	
0.0954981	0.0954981	-0.227832	0.0954981	0.0954981	-0.227832	
0.0934256	0.0934256	-0.227226	0.0934256	0.0934256	-0.227226	
0.0913544	0.0913544	-0.22661	0.0913544	0.0913544	-0.22661	
0.0892849	0.0892849	-0.225985	0.0892849	0.0892849	-0.225985	
0.0872176	0.0872176	-0.225352	0.0872176	0.0872176	-0.225352	
0.0851529	0.0851529	-0.224709	0.0851529	0.0851529	-0.224709	
0.0830913	0.0830913	-0.224057	0.0830913	0.0830913	-0.224057	
0.0810333	0.0810333	-0.223397	0.0810333	0.0810333	-0.223397	
0.0789794	0.0789794	-0.222728	0.0789794	0.0789794	-0.222728	
0.07693	0.07693	-0.22205	0.07693	0.07693	-0.22205	
0.0748856	0.0748856	-0.221363	0.0748856	0.0748856	-0.221363	
0.0728467	0.0728467	-0.220668	0.0728467	0.0728467	-0.220668	
0.0708138	0.0708138	-0.219964	0.0708138	0.0708138	-0.219964	
0.0687873	0.0687873	-0.219252	0.0687873	0.0687873	-0.219252	
0.0667677	0.0667677	-0.218531	0.0667677	0.0667677	-0.218531	
0.0647554	0.0647554	-0.217802	0.0647554	0.0647554	-0.217802	
0.0627511	0.0627511	-0.217065	0.0627511	0.0627511	-0.217065	
0.060755	0.060755	-0.21632	0.060755	0.060755	-0.21632	
0.0587677	0.0587677	-0.215566	0.0587677	0.0587677	-0.215566	
0.0567896	0.0567896	-0.214805	0.0567896	0.0567896	-0.214805	
0.0548213	0.0548213	-0.214036	0.0548213	0.0548213	-0.214036	
0.0528632	0.0528632	-0.213259	0.0528632	0.0528632	-0.213259	
0.0509156	0.0509156	-0.212475	0.0509156	0.0509156	-0.212475	
0.0489792	0.0489792	-0.211683	0.0489792	0.0489792	-0.211683	
0.0470544	0.0470544	-0.210883	0.0470544	0.0470544	-0.210883	
0.0451415	0.0451415	-0.210076	0.0451415	0.0451415	-0.210076	
0.0432411	0.0432411	-0.209263	0.0432411	0.0432411	-0.209263	
0.0413537	0.0413537	-0.208442	0.0413537	0.0413537	-0.208442	
0.0394795	0.0394795	-0.207614	0.0394795	0.0394795	-0.207614	
0.0376192	0.0376192	-0.206779	0.0376192	0.0376192	-0.206779	
0.0357731	0.0357731	-0.205938	0.0357731	0.0357731	-0.205938	
0.0339417	0.0339417	-0.20509	0.0339417	0.0339417	-0.20509	
0.0321254	0.0321254	-0.204236	0.0321254	0.0321254	-0.204236	
0.0303246	0.0303246	-0.203375	0.0303246	0.0303246	-0.203375	
0.0285397	0.0285397	-0.202508	0.0285397	0.0285397	-0.202508	
0.0267712	0.0267712	-0.201636	0.0267712	0.0267712	-0.201636	
0.0250195	0.0250195	-0.200757	0.0250195	0.0250195	-0.200757	
0.0232849	0.0232849	-0.199872	0.0232849	0.0232849	-0.199872	
0.021568	0.021568	-0.198982	0.021568	0.021568	-0.198982	
0.019869	0.019869	-0.198087	0.019869	0.019869	-0.198087	
0.0181883	0.0181883	-0.197186	0.0181883	0.0181883	-0.197186	
0.0165264	0.0165264	-0.19628	0.0165264	0.0165264	-0.19628	
0.0148837	0.0148837	-0.195369	0.0148837	0.0148837	-0.195369	
0.0132604	0.0132604	-0.194454	0.0132604	0.0132604	-0.194454	
0.011657	0.011657	-0.193533	0.011657	0.011657	-0.193533	
0.0100738	0.0100738	-0.192608	0.0100738	0.0100738	-0.192608	
0.00851122	0.00851122	-0.191678	0.00851122	0.00851122	-0.191678	
0.00696953	0.00696953	-0.190745	0.00696953	0.00696953	-0.190745	
0.0054491	0.0054491	-0.189807	0.0054491	0.0054491	-0.189807	
0.00395026	0.00395026	-0.188865	0.00395026	0.00395026	-0.188865	
0.00247333	0.00247333	-0.18792	0.00247333	0.00247333	-0.18792	
0.00101862	0.00101862	-0.18697	0.00101862	0.00101862	-0.18697	
-0.000413548	-0.000413548	-0.186018	-0.000413548	-0.000413548	-0.186018	
-0.00182288	-0.00182288	-0.185062	-0.00182288	-0.00182288	-0.185062	
-0.00320909	-0.00320909	-0.184103	-0.00320909	-0.00320909	-0.184103	
-0.00457188	-0.00457188	-0.18314	-0.00457188	-0.00457188	-0.18314	
-0.00591098	-0.00591098	-0.182175	-0.00591098	-0.00591098	-0.182175	
-0.00722613	-0.00722613	-0.181208	-0.00722613	-0.00722613	-0.181208	
-0.00851707	-0.00851707	-0.180238	-0.00851707	-0.00851707	-0.180238	
-0.00978354	-0.00978354	-0.179265	-0.00978354	-0.00978354	-0.179265	
-0.0110253	-0.0110253	-0.17829	-0.0110253	-0.0110253	-0.17829	
-0.0122421	-0.0122421	-0.177314	-0.0122421	-0.0122421	-0.177314	
-0.0134338	-0.0134338	-0.176335	-0.0134338	-0.0134338	-0.176335	
-0.0146001	-0.0146001	-0.175355	-0.0146001	-0.0146001	-0.175355	
-0.0157408	-0.0157408	-0.174373	-0.0157408	-0.0157408	-0.174373	
-0.0168557	-0.0168557	-0.173389	-0.0168557	-0.0168557	-0.173389	
-0.0179447	-0.0179447	-0.172405	-0.0179447	-0.0179447	-0.172405	
-0.0190075	-0.0190075	-0.171419	-0.0190075	-0.0190075	-0.171419	
-0.020044	-0.020044	-0.170433	-0.020044	-0.020044	-0.170433	
-0.0210541	-0.0210541	-0.169445	-0.0210541	-0.0210541	-0.169445	
-0.0220375	-0.0220375	-0.168457	-0.0220375	-0.0220375	-0.168457	
-0.0229942	-0.0229942	-0.167469	-0.0229942	-0.0229942	-0.167469	
-0.023924	-0.023924	-0.16648	-0.023924	-0.023924	-0.16648	
-0.0248268	-0.0248268	-0.165491	-0.0248268	-0.0248268	-0.165491	
-0.0257025	-0.0257025	-0.164502	-0.0257025	-0.0257025	-0.164502	
-0.026551	-0.026551	-0.163513	-0.026551	-0.026551	-0.163513	
-0.0273723	-0.0273723	-0.162525	-0.0273723	-0.0273723	-0.162525	
-0.0281661	-0.0281661	-0.161536	-0.0281661	-0.0281661	-0.161536	
-0.0289325	-0.0289325	-0.160549	-0.0289325	-0.0289325	-0.160549	
-0.0296715	-0.0296715	-0.159562	-0.0296715	-0.0296715	-0.159562	
-0.0303829	-0.0303829	-0.158576	-0.0303829	-0.0303829	-0.158576	
-0.0310667	-0.0310667	-0.157591	-0.0310667	-0.0310667	-0.157591	
-0.0317229	-0.0317229	-0.156607	-0.0317229	-0.0317229	-0.156607	
-0.0323515	-0.0323515	-0.155624	-0.0323515	-0.0323515	-0.155624	
-0.0329524	-0.0329524	-0.154643	-0.0329524	-0.0329524	-0.154643	
-0.0335258	-0.0335258	-0.153664	-0.0335258	-0.0335258	-0.153664	
-0.0340715	-0.0340715	-0.152686	-0.0340715	-0.0340715	-0.152686	
-0.0345896	-0.0345896	-0.151709	-0.0345896	-0.0345896	-0.151709	
-0.0350802	-0.0350802	-0.150735	-0.0350802	-0.0350802	-0.150735	
-0.0355433	-0.0355433	-0.149763	-0.0355433	-0.0355433	-0.149763	
-0.0359789	-0.0359789	-0.148793	-0.0359789	-0.0359789	-0.148793	
-0.0363872	-0.0363872	-0.147825	-0.0363872	-0.0363872	-0.147825	
-0.0367681	-0.0367681	-0.14686	-0.0367681	-0.0367681	-0.14686	
-0.0371218	-0.0371218	-0.145897	-0.0371218	-0.0371218	-0.145897	
-0.0374484	-0.0374484	-0.144937	-0.0374484	-0.0374484	-0.144937	
-0.0377479	-0.0377479	-0.14398	-0.0377479	-0.0377479	-0.14398	
-0.0380205	-0.0380205	-0.143026	-0.0380205	-0.0380205	-0.143026	
-0.0382663	-0.0382663	-0.142074	-0.0382663	-0.0382663	-0.142074	
-0.0384855	-0.0384855	-0.141126	-0.0384855	-0.0384855	-0.141126	
-0.0386781	-0.0386781	-0.140181	-0.0386781	-0.0386781	-0.140181	
-0.0388444	-0.0388444	-0.13924	-0.0388444	-0.0388444	-0.13924	
-0.0389844	-0.0389844	-0.138301	-0.0389844	-0.0389844	-0.138301	
-0.0390984	-0.0390984	-0.137367	-0.0390984	-0.0390984	-0.137367	
-0.0391865	-0.0391865	-0.136436	-0.0391865	-0.0391865	-0.136436	
-0.039249	-0.039249	-0.135508	-0.039249	-0.039249	-0.135508	
-0.039286	-0.039286	-0.134585	-0.039286	-0.039286	-0.134585	
-0.0392977	-0.0392977	-0.133665	-0.0392977	-0.0392977	-0.133665	
-0.0392843	-0.0392843	-0.13275	-0.0392843	-0.0392843	-0.13275	
-0.0392461	-0.0392461	-0.131838	-0.0392461	-0.0392461	-0.131838	
-0.0391833	-0.0391833	-0.130931	-0.0391833	-0.0391833	-0.130931	
-0.0390962	-0.0390962	-0.130028	-0.0390962	-0.0390962	-0.130028	
-0.0389848	-0.0389848	-0.129129	-0.0389848	-0.0389848	-0.129129	
-0.0388497	-0.0388497	-0.128235	-0.0388497	-0.0388497	-0.128235	
-0.0386909	-0.0386909	-0.127346	-0.0386909	-0.0386909	-0.127346	
-0.0385087	-0.0385087	-0.12646	-0.0385087	-0.0385087	-0.12646	
-0.0383035	-0.0383035	-0.12558	-0.0383035	-0.0383035	-0.12558	
-0.0380755	-0.0380755	-0.124704	-0.0380755	-0.0380755	-0.124704	
-0.037825	-0.037825	-0.123833	-0.037825	-0.037825	-0.123833	
-0.0375523	-0.0375523	-0.122967	-0.0375523	-0.0375523	-0.122967	
-0.0372577	-0.0372577	-0.122106	-0.0372577	-0.0372577	-0.122106	
-0.0369415	-0.0369415	-0.12125	-0.0369415	-0.0369415	-0.12125	
-0.0366041	-0.0366041	-0.120398	-0.0366041	-0.0366041	-0.120398	
-0.0362457	-0.0362457	-0.119552	-0.0362457	-0.0362457	-0.119552	
-0.0358666	-0.0358666	-0.118712	-0.0358666	-0.0358666	-0.118712	
-0.0354673	-0.0354673	-0.117876	-0.0354673	-0.0354673	-0.117876	
-0.0350481	-0.0350481	-0.117045	-0.0350481	-0.0350481	-0.117045	
-0.0346092	-0.0346092	-0.11622	-0.0346092	-0.0346092	-0.11622	
-0.0341511	-0.0341511	-0.115401	-0.0341511	-0.0341511	-0.115401	
-0.0336741	-0.0336741	-0.114586	-0.0336741	-0.0336741	-0.114586	
-0.0331785	-0.0331785	-0.113777	-0.0331785	-0.0331785	-0.113777	
-0.0326648	-0.0326648	-0.112974	-0.0326648	-0.0326648	-0.112974	
-0.0321332	-0.0321332	-0.112176	-0.0321332	-0.0321332	-0.112176	
-0.0315842	-0.0315842	-0.111384	-0.0315842	-0.0315842	-0.111384	
-0.0310181	-0.0310181	-0.110597	-0.0310181	-0.0310181	-0.110597	
-0.0304354	-0.0304354	-0.109816	-0.0304354	-0.0304354	-0.109816	
-0.0298363	-0.0298363	-0.109041	-0.0298363	-0.0298363	-0.109041	
-0.0292213	-0.0292213	-0.108272	-0.0292213	-0.0292213	-0.108272	
-0.0285908	-0.0285908	-0.107508	-0.0285908	-0.0285908	-0.107508	
-0.0279451	-0.0279451	-0.10675	-0.0279451	-0.0279451	-0.10675	
-0.0272847	-0.0272847	-0.105998	-0.0272847	-0.0272847	-0.105998	
-0.02661	-0.02661	-0.105251	-0.02661	-0.02661	-0.105251	
-0.0259213	-0.0259213	-0.104511	-0.0259213	-0.0259213	-0.104511	
-0.025219	-0.025219	-0.103776	-0.025219	-0.025219	-0.103776	
-0.0245036	-0.0245036	-0.103048	-0.0245036	-0.0245036	-0.103048	
-0.0237754	-0.0237754	-0.102325	-0.0237754	-0.0237754	-0.102325	
-0.0230349	-0.0230349	-0.101608	-0.0230349	-0.0230349	-0.101608	
-0.0222824	-0.0222824	-0.100898	-0.0222824	-0.0222824	-0.100898	
-0.0215184	-0.0215184	-0.100193	-0.0215184	-0.0215184	-0.100193	
-0.0207432	-0.0207432	-0.0994942	-0.0207432	-0.0207432	-0.0994942	
-0.0199574	-0.0199574	-0.0988015	-0.0199574	-0.0199574	-0.0988015	
-0.0191612	-0.0191612	-0.0981149	-0.0191612	-0.0191612	-0.0981149	
-0.0183551	-0.0183551	-0.0974343	-0.0183551	-0.0183551	-0.0974343	
-0.0175395	-0.0175395	-0.0967598	-0.0175395	-0.0175395	-0.0967598	
-0.0167148	-0.0167148	-0.0960915	-0.0167148	-0.0167148	-0.0960915	
-0.0158814	-0.0158814	-0.0954292	-0.0158814	-0.0158814	-0.0954292	
-0.0150397	-0.0150397	-0.094773	-0.0150397	-0.0150397	-0.094773	
-0.0141901	-0.0141901	-0.094123	-0.0141901	-0.0141901	-0.094123	
-0.0133331	-0.0133331	-0.0934791	-0.0133331	-0.0133331	-0.0934791	
-0.0124689	-0.0124689	-0.0928414	-0.0124689	-0.0124689	-0.0928414	
-0.0115981	-0.0115981	-0.0922098	-0.0115981	-0.0115981	-0.0922098	
-0.0107209	-0.0107209	-0.0915844	-0.0107209	-0.0107209	-0.0915844	
-0.0098379	-0.0098379	-0.0909652	-0.0098379	-0.0098379	-0.0909652	
-0.00894936	-0.00894936	-0.0903521	-0.00894936	-0.00894936	-0.0903521	
-0.00805571	-0.00805571	-0.0897452	-0.00805571	-0.00805571	-0.0897452	
-0.00715733	-0.00715733	-0.0891445	-0.00715733	-0.00715733	-0.0891445	
-0.00625461	-0.00625461	-0.08855	-0.00625461	-0.00625461	-0.08855	
-0.00534793	-0.00534793	-0.0879617	-0.00534793	-0.00534793	-0.0879617	
-0.00443766	-0.00443766	-0.0873797	-0.00443766	-0.00443766	-0.0873797	
-0.00352419	-0.00352419	-0.0868038	-0.00352419	-0.00352419	-0.0868038	
-0.00260787	-0.00260787	-0.0862341	-0.00260787	-0.00260787	-0.0862341	
-0.00168909	-0.00168909	-0.0856707	-0.00168909	-0.00168909	-0.0856707	
-0.000768201	-0.000768201	-0.0851135	-0.000768201	-0.000768201	-0.0851135	
0.000154433	0.000154433	-0.0845625	0.000154433	0.000154433	-0.0845625	
0.00107846	0.00107846	-0.0840177	0.00107846	0.00107846	-0.0840177	
0.00200352	0.00200352	-0.0834792	0.00200352	0.00200352	-0.0834792	
0.00292927	0.00292927	-0.0829469	0.00292927	0.00292927	-0.0829469	
0.00385537	0.00385537	-0.0824208	0.00385537	0.00385537	-0.0824208	
0.00478147	0.00478147	-0.081901	0.00478147	0.00478147	-0.081901	
0.00570726	0.00570726	-0.0813875	0.00570726	0.00570726	-0.0813875	
0.00663238	0.00663238	-0.0808802	0.00663238	0.00663238	-0.0808802	
0.00755654	0.00755654	-0.0803791	0.00755654	0.00755654	-0.0803791	
0.00847939	0.00847939	-0.0798843	0.00847939	0.00847939	-0.0798843	
0.00940064	0.00940064	-0.0793957	0.00940064	0.00940064	-0.0793957	
0.01032	0.01032	-0.0789134	0.01032	0.01032	-0.0789134	
0.0112371	0.0112371	-0.0784374	0.0112371	0.0112371	-0.0784374	
0.0121517	0.0121517	-0.0779677	0.0121517	0.0121517	-0.0779677	
0.0130635	0.0130635	-0.0775042	0.0130635	0.0130635	-0.0775042	
0.0139721	0.0139721	-0.077047	0.0139721	0.0139721	-0.077047	
0.0148775	0.0148775	-0.0765961	0.0148775	0.0148775	-0.0765961	
0.0157791	0.0157791	-0.0761514	0.0157791	0.0157791	-0.0761514	
0.0166769	0.0166769	-0.0757131	0.0166769	0.0166769	-0.0757131	
0.0175704	0.0175704	-0.075281	0.0175704	0.0175704	-0.075281	
0.0184596	0.0184596	-0.0748552	0.0184596	0.0184596	-0.0748552	
0.019344	0.019344	-0.0744358	0.019344	0.019344	-0.0744358	
0.0202235	0.0202235	-0.0740226	0.0202235	0.0202235	-0.0740226	
0.0210978	0.0210978	-0.0736158	0.0210978	0.0210978	-0.0736158	
0.0219668	0.0219668	-0.0732153	0.0219668	0.0219668	-0.0732153	
0.0228301	0.0228301	-0.0728211	0.0228301	0.0228301	-0.0728211	
0.0236875	0.0236875	-0.0724332	0.0236875	0.0236875	-0.0724332	
0.0245389	0.0245389	-0.0720517	0.0245389	0.0245389	-0.0720517	
0.0253841	0.0253841	-0.0716765	0.0253841	0.0253841	-0.0716765	
0.0262227	0.0262227	-0.0713076	0.0262227	0.0262227	-0.0713076	
0.0270547	0.0270547	-0.0709451	0.0270547	0.0270547	-0.0709451	
0.0278799	0.0278799	-0.070589	0.0278799	0.0278799	-0.070589	
0.028698	0.028698	-0.0702392	0.028698	0.028698	-0.0702392	
0.0295089	0.0295089	-0.0698958	0.0295089	0.0295089	-0.0698958	
0.0303124	0.0303124	-0.0695588	0.0303124	0.0303124	-0.0695588	
0.0311084	0.0311084	-0.0692282	0.0311084	0.0311084	-0.0692282	
0.0318966	0.0318966	-0.068904	0.0318966	0.0318966	-0.068904	
0.0326771	0.0326771	-0.0685862	0.0326771	0.0326771	-0.0685862	
0.0334495	0.0334495	-0.0682747	0.0334495	0.0334495	-0.0682747	
0.0342138	0.0342138	-0.0679698	0.0342138	0.0342138	-0.0679698	
0.0349699	0.0349699	-0.0676712	0.0349699	0.0349699	-0.0676712	
0.0357175	0.0357175	-0.0673791	0.0357175	0.0357175	-0.0673791	
0.0364567	0.0364567	-0.0670934	0.0364567	0.0364567	-0.0670934	
0.0371872	0.0371872	-0.0668141	0.0371872	0.0371872	-0.0668141	
0.037909	0.037909	-0.0665414	0.037909	0.037909	-0.0665414	
0.0386219	0.0386219	-0.066275	0.0386219	0.0386219	-0.066275	
0.039326	0.039326	-0.0660152	0.039326	0.039326	-0.0660152	
0.040021	0.040021	-0.0657618	0.040021	0.040021	-0.0657618	
0.0407069	0.0407069	-0.0655149	0.0407069	0.0407069	-0.0655149	
0.0413836	0.0413836	-0.0652746	0.0413836	0.0413836	-0.0652746	
0.0420511	0.0420511	-0.0650407	0.0420511	0.0420511	-0.0650407	
0.0427092	0.0427092	-0.0648133	0.0427092	0.0427092	-0.0648133	
0.0433579	0.0433579	-0.0645924	0.0433579	0.0433579	-0.0645924	
0.0439972	0.0439972	-0.0643781	0.0439972	0.0439972	-0.0643781	
0.044627	0.044627	-0.0641702	0.044627	0.044627	-0.0641702	
0.0452473	0.0452473	-0.063969	0.0452473	0.0452473	-0.063969	
0.0458579	0.0458579	-0.0637742	0.0458579	0.0458579	-0.0637742	
0.0464589	0.0464589	-0.063586	0.0464589	0.0464589	-0.063586	
0.0470503	0.0470503	-0.0634043	0.0470503	0.0470503	-0.0634043	
0.047632	0.047632	-0.0632292	0.047632	0.047632	-0.0632292	
0.0482039	0.0482039	-0.0630606	0.0482039	0.0482039	-0.0630606	
0.0487662	0.0487662	-0.0628986	0.0487662	0.0487662	-0.0628986	
0.0493187	0.0493187	-0.0627431	0.0493187	0.0493187	-0.0627431	
0.0498614	0.0498614	-0.0625942	0.0498614	0.0498614	-0.0625942	
0.0503944	0.0503944	-0.0624519	0.0503944	0.0503944	-0.0624519	
0.0509176	0.0509176	-0.0623161	0.0509176	0.0509176	-0.0623161	
0.051431	0.051431	-0.0621869	0.051431	0.051431	-0.0621869	
0.0519347	0.0519347	-0.0620642	0.0519347	0.0519347	-0.0620642	
0.0524286	0.0524286	-0.0619481	0.0524286	0.0524286	-0.0619481	
0.0529128	0.0529128	-0.0618385	0.0529128	0.0529128	-0.0618385	
0.0533873	0.0533873	-0.0617355	0.0533873	0.0533873	-0.0617355	
0.053852	0.053852	-0.0616391	0.053852	0.053852	-0.0616391	
0.0543071	0.0543071	-0.0615491	0.0543071	0.0543071	-0.0615491	
0.0547526	0.0547526	-0.0614658	0.0547526	0.0547526	-0.0614658	
0.0551884	0.0551884	-0.0613889	0.0551884	0.0551884	-0.0613889	
0.0556146	0.0556146	-0.0613185	0.0556146	0.0556146	-0.0613185	
0.0560313	0.0560313	-0.0612547	0.0560313	0.0560313	-0.0612547	
0.0564384	0.0564384	-0.0611973	0.0564384	0.0564384	-0.0611973	
0.056836	0.056836	-0.0611465	0.056836	0.056836	-0.0611465	
0.0572242	0.0572242	-0.0611021	0.0572242	0.0572242	-0.0611021	
0.057603	0.057603	-0.0610642	0.057603	0.057603	-0.0610642	
0.0579725	0.0579725	-0.0610327	0.0579725	0.0579725	-0.0610327	
0.0583326	0.0583326	-0.0610076	0.0583326	0.0583326	-0.0610076	
0.0586835	0.0586835	-0.060989	0.0586835	0.0586835	-0.060989	
0.0590251	0.0590251	-0.0609767	0.0590251	0.0590251	-0.0609767	
0.0593576	0.0593576	-0.0609709	0.0593576	0.0593576	-0.0609709	
0.059681	0.059681	-0.0609713	0.059681	0.059681	-0.0609713	
0.0599954	0.0599954	-0.0609781	0.0599954	0.0599954	-0.0609781	
0.0603007	0.0603007	-0.0609912	0.0603007	0.0603007	-0.0609912	
0.0605971	0.0605971	-0.0610106	0.0605971	0.0605971	-0.0610106	
0.0608847	0.0608847	-0.0610362	0.0608847	0.0608847	-0.0610362	
0.0611634	0.0611634	-0.061068	0.0611634	0.0611634	-0.061068	
0.0614334	0.0614334	-0.0611061	0.0614334	0.0614334	-0.0611061	
0.0616946	0.0616946	-0.0611503	0.0616946	0.0616946	-0.0611503	
0.0619472	0.0619472	-0.0612006	0.0619472	0.0619472	-0.0612006	
0.0621913	0.0621913	-0.061257	0.0621913	0.0621913	-0.061257	
0.0624268	0.0624268	-0.0613194	0.0624268	0.0624268	-0.0613194	
0.0626538	0.0626538	-0.0613879	0.0626538	0.0626538	-0.0613879	
0.0628725	0.0628725	-0.0614623	0.0628725	0.0628725	-0.0614623	
0.0630828	0.0630828	-0.0615427	0.0630828	0.0630828	-0.0615427	
0.0632849	0.0632849	-0.061629	0.0632849	0.0632849	-0.061629	
0.0634787	0.0634787	-0.0617211	0.0634787	0.0634787	-0.0617211	
0.0636644	0.0636644	-0.061819	0.0636644	0.0636644	-0.061819	
0.063842	0.063842	-0.0619227	0.063842	0.063842	-0.0619227	
0.0640115	0.0640115	-0.0620321	0.0640115	0.0640115	-0.0620321	
0.0641731	0.0641731	-0.0621471	0.0641731	0.0641731	-0.0621471	
0.0643268	0.0643268	-0.0622677	0.0643268	0.0643268	-0.0622677	
0.0644726	0.0644726	-0.0623939	0.0644726	0.0644726	-0.0623939	
0.0646106	0.0646106	-0.0625255	0.0646106	0.0646106	-0.0625255	
0.0647408	0.0647408	-0.0626626	0.0647408	0.0647408	-0.0626626	
0.0648634	0.0648634	-0.062805	0.0648634	0.0648634	-0.062805	
0.0649783	0.0649783	-0.0629528	0.0649783	0.0649783	-0.0629528	
0.0650856	0.0650856	-0.0631057	0.0650856	0.0650856	-0.0631057	
0.0651854	0.0651854	-0.0632639	0.0651854	0.0651854	-0.0632639	
0.0652777	0.0652777	-0.0634272	0.0652777	0.0652777	-0.0634272	
0.0653626	0.0653626	-0.0635955	0.0653626	0.0653626	-0.0635955	
0.0654401	0.0654401	-0.0637687	0.0654401	0.0654401	-0.0637687	
0.0655103	0.0655103	-0.0639469	0.0655103	0.0655103	-0.0639469	
0.0655731	0.0655731	-0.0641299	0.0655731	0.0655731	-0.0641299	
0.0656287	0.0656287	-0.0643176	0.0656287	0.0656287	-0.0643176	
0.0656771	0.0656771	-0.0645101	0.0656771	0.0656771	-0.0645101	
0.0657183	0.0657183	-0.0647071	0.0657183	0.0657183	-0.0647071	
0.0657524	0.0657524	-0.0649086	0.0657524	0.0657524	-0.0649086	
0.0657793	0.0657793	-0.0651145	0.0657793	0.0657793	-0.0651145	
0.0657993	0.0657993	-0.0653248	0.0657993	0.0657993	-0.0653248	
0.0658121	0.0658121	-0.0655393	0.0658121	0.0658121	-0.0655393	
0.065818	0.065818	-0.065758	0.065818	0.065818	-0.065758	
0.065817	0.065817	-0.0659808	0.065817	0.065817	-0.0659808	
0.065809	0.065809	-0.0662076	0.065809	0.065809	-0.0662076	
0.065794	0.065794	-0.0664382	0.065794	0.065794	-0.0664382	
0.0657722	0.0657722	-0.0666727	0.0657722	0.0657722	-0.0666727	
0.0657436	0.0657436	-0.0669109	0.0657436	0.0657436	-0.0669109	
0.0657081	0.0657081	-0.0671527	0.0657081	0.0657081	-0.0671527	
0.0656658	0.0656658	-0.067398	0.0656658	0.0656658	-0.067398	
0.0656167	0.0656167	-0.0676467	0.0656167	0.0656167	-0.0676467	
0.0655608	0.0655608	-0.0678988	0.0655608	0.0655608	-0.0678988	
0.0654982	0.0654982	-0.068154	0.0654982	0.0654982	-0.068154	
0.0654288	0.0654288	-0.0684124	0.0654288	0.0654288	-0.0684124	
0.0653526	0.0653526	-0.0686737	0.0653526	0.0653526	-0.0686737	
0.0652698	0.0652698	-0.068938	0.0652698	0.0652698	-0.068938	
0.0651802	0.0651802	-0.069205	0.0651802	0.0651802	-0.069205	
0.0650839	0.0650839	-0.0694748	0.0650839	0.0650839	-0.0694748	
0.0649809	0.0649809	-0.0697471	0.0649809	0.0649809	-0.0697471	
0.0648712	0.0648712	-0.0700219	0.0648712	0.0648712	-0.0700219	
0.0647549	0.0647549	-0.070299	0.0647549	0.0647549	-0.070299	
0.0646318	0.0646318	-0.0705783	0.0646318	0.0646318	-0.0705783	
0.0645021	0.0645021	-0.0708598	0.0645021	0.0645021	-0.0708598	
0.0643657	0.0643657	-0.0711433	0.0643657	0.0643657	-0.0711433	
0.0642226	0.0642226	-0.0714287	0.0642226	0.0642226	-0.0714287	
0.0640728	0.0640728	-0.0717158	0.0640728	0.0640728	-0.0717158	
0.0639163	0.0639163	-0.0720047	0.0639163	0.0639163	-0.0720047	
0.0637531	0.0637531	-0.072295	0.0637531	0.0637531	-0.072295	
0.0635832	0.0635832	-0.0725868	0.0635832	0.0635832	-0.0725868	
0.0634066	0.0634066	-0.0728799	0.0634066	0.0634066	-0.0728799	
0.0632233	0.0632233	-0.0731742	0.0632233	0.0632233	-0.0731742	
0.0630333	0.0630333	-0.0734695	0.0630333	0.0630333	-0.0734695	
0.0628366	0.0628366	-0.0737658	0.0628366	0.0628366	-0.0737658	
0.0626332	0.0626332	-0.0740628	0.0626332	0.0626332	-0.0740628	
0.062423	0.062423	-0.0743606	0.062423	0.062423	-0.0743606	
0.062206	0.062206	-0.074659	0.062206	0.062206	-0.074659	
0.0619823	0.0619823	-0.0749578	0.0619823	0.0619823	-0.0749578	
0.0617519	0.0617519	-0.075257	0.0617519	0.0617519	-0.075257	
0.0615147	0.0615147	-0.0755563	0.0615147	0.0615147	-0.0755563	
0.0612707	0.0612707	-0.0758557	0.0612707	0.0612707	-0.0758557	
0.0610199	0.0610199	-0.0761551	0.0610199	0.0610199	-0.0761551	
0.0607623	0.0607623	-0.0764543	0.0607623	0.0607623	-0.0764543	
0.0604979	0.0604979	-0.0767532	0.0604979	0.0604979	-0.0767532	
0.0602266	0.0602266	-0.0770518	0.0602266	0.0602266	-0.0770518	
0.0599486	0.0599486	-0.0773497	0.0599486	0.0599486	-0.0773497	
0.0596637	0.0596637	-0.077647	0.0596637	0.0596637	-0.077647	
0.059372	0.059372	-0.0779435	0.059372	0.059372	-0.0779435	
0.0590735	0.0590735	-0.0782392	0.0590735	0.0590735	-0.0782392	
0.0587681	0.0587681	-0.0785337	0.0587681	0.0587681	-0.0785337	
0.0584558	0.0584558	-0.0788271	0.0584558	0.0584558	-0.0788271	
0.0581367	0.0581367	-0.0791193	0.0581367	0.0581367	-0.0791193	
0.0578107	0.0578107	-0.07941	0.0578107	0.0578107	-0.07941	
0.0574779	0.0574779	-0.0796992	0.0574779	0.0574779	-0.0796992	
0.0571382	0.0571382	-0.0799868	0.0571382	0.0571382	-0.0799868	
0.0567917	0.0567917	-0.0802726	0.0567917	0.0567917	-0.0802726	
0.0564383	0.0564383	-0.0805565	0.0564383	0.0564383	-0.0805565	
0.056078	0.056078	-0.0808384	0.056078	0.056078	-0.0808384	
0.0557109	0.0557109	-0.0811182	0.0557109	0.0557109	-0.0811182	
0.055337	0.055337	-0.0813957	0.055337	0.055337	-0.0813957	
0.0549563	0.0549563	-0.0816709	0.0549563	0.0549563	-0.0816709	
0.0545687	0.0545687	-0.0819436	0.0545687	0.0545687	-0.0819436	
0.0541743	0.0541743	-0.0822137	0.0541743	0.0541743	-0.0822137	
0.0537731	0.0537731	-0.0824811	0.0537731	0.0537731	-0.0824811	
0.0533652	0.0533652	-0.0827457	0.0533652	0.0533652	-0.0827457	
0.0529505	0.0529505	-0.0830074	0.0529505	0.0529505	-0.0830074	
0.0525291	0.0525291	-0.083266	0.0525291	0.0525291	-0.083266	
0.052101	0.052101	-0.0835214	0.052101	0.052101	-0.0835214	
0.0516662	0.0516662	-0.0837736	0.0516662	0.0516662	-0.0837736	
0.0512247	0.0512247	-0.0840224	0.0512247	0.0512247	-0.0840224	
0.0507767	0.0507767	-0.0842678	0.0507767	0.0507767	-0.0842678	
0.050322	0.050322	-0.0845095	0.050322	0.050322	-0.0845095	
0.0498608	0.0498608	-0.0847476	0.0498608	0.0498608	-0.0847476	
0.0493931	0.0493931	-0.0849818	0.0493931	0.0493931	-0.0849818	
0.0489189	0.0489189	-0.0852122	0.0489189	0.0489189	-0.0852122	
0.0484383	0.0484383	-0.0854386	0.0484383	0.0484383	-0.0854386	
0.0479513	0.0479513	-0.0856608	0.0479513	0.0479513	-0.0856608	
0.047458	0.047458	-0.0858789	0.047458	0.047458	-0.0858789	
0.0469585	0.0469585	-0.0860927	0.0469585	0.0469585	-0.0860927	
0.0464527	0.0464527	-0.0863021	0.0464527	0.0464527	-0.0863021	
0.0459407	0.0459407	-0.086507	0.0459407	0.0459407	-0.086507	
0.0454227	0.0454227	-0.0867074	0.0454227	0.0454227	-0.0867074	
0.0448987	0.0448987	-0.0869031	0.0448987	0.0448987	-0.0869031	
0.0443687	0.0443687	-0.0870941	0.0443687	0.0443687	-0.0870941	
0.0438328	0.0438328	-0.0872802	0.0438328	0.0438328	-0.0872802	
0.0432911	0.0432911	-0.0874614	0.0432911	0.0432911	-0.0874614	
0.0427437	0.0427437	-0.0876376	0.0427437	0.0427437	-0.0876376	
0.0421907	0.0421907	-0.0878088	0.0421907	0.0421907	-0.0878088	
0.0416321	0.0416321	-0.0879747	0.0416321	0.0416321	-0.0879747	
0.041068	0.041068	-0.0881355	0.041068	0.041068	-0.0881355	
0.0404986	0.0404986	-0.0882909	0.0404986	0.0404986	-0.0882909	
0.0399239	0.0399239	-0.0884409	0.0399239	0.0399239	-0.0884409	
0.039344	0.039344	-0.0885855	0.039344	0.039344	-0.0885855	
0.0387591	0.0387591	-0.0887245	0.0387591	0.0387591	-0.0887245	
0.0381692	0.0381692	-0.0888579	0.0381692	0.0381692	-0.0888579	
0.0375744	0.0375744	-0.0889857	0.0375744	0.0375744	-0.0889857	
0.036975	0.036975	-0.0891077	0.036975	0.036975	-0.0891077	
0.0363708	0.0363708	-0.089224	0.0363708	0.0363708	-0.089224	
0.0357622	0.0357622	-0.0893343	0.0357622	0.0357622	-0.0893343	
0.0351492	0.0351492	-0.0894388	0.0351492	0.0351492	-0.0894388	
0.034532	0.034532	-0.0895373	0.034532	0.034532	-0.0895373	
0.0339107	0.0339107	-0.0896297	0.0339107	0.0339107	-0.0896297	
0.0332853	0.0332853	-0.0897161	0.0332853	0.0332853	-0.0897161	
0.0326561	0.0326561	-0.0897964	0.0326561	0.0326561	-0.0897964	
0.0320233	0.0320233	-0.0898704	0.0320233	0.0320233	-0.0898704	
0.0313868	0.0313868	-0.0899383	0.0313868	0.0313868	-0.0899383	
0.030747	0.030747	-0.0899998	0.030747	0.030747	-0.0899998	
0.0301039	0.0301039	-0.090055	0.0301039	0.0301039	-0.090055	
0.0294576	0.0294576	-0.0901039	0.0294576	0.0294576	-0.0901039	
0.0288085	0.0288085	-0.0901464	0.0288085	0.0288085	-0.0901464	
0.0281565	0.0281565	-0.0901824	0.0281565	0.0281565	-0.0901824	
0.0275019	0.0275019	-0.0902119	0.0275019	0.0275019	-0.0902119	
0.0268449	0.0268449	-0.0902349	0.0268449	0.0268449	-0.0902349	
0.0261856	0.0261856	-0.0902514	0.0261856	0.0261856	-0.0902514	
0.0255241	0.0255241	-0.0902613	0.0255241	0.0255241	-0.0902613	
0.0248607	0.0248607	-0.0902646	0.0248607	0.0248607	-0.0902646	
0.0241955	0.0241955	-0.0902613	0.0241955	0.0241955	-0.0902613	
0.0235288	0.0235288	-0.0902513	0.0235288	0.0235288	-0.0902513	
0.0228606	0.0228606	-0.0902346	0.0228606	0.0228606	-0.0902346	
0.0221912	0.0221912	-0.0902113	0.0221912	0.0221912	-0.0902113	
0.0215208	0.0215208	-0.0901812	0.0215208	0.0215208	-0.0901812	
0.0208495	0.0208495	-0.0901443	0.0208495	0.0208495	-0.0901443	
0.0201775	0.0201775	-0.0901007	0.0201775	0.0201775	-0.0901007	
0.0195051	0.0195051	-0.0900504	0.0195051	0.0195051	-0.0900504	
0.0188325	0.0188325	-0.0899932	0.0188325	0.0188325	-0.0899932	
0.0181597	0.0181597	-0.0899293	0.0181597	0.0181597	-0.0899293	
0.0174871	0.0174871	-0.0898586	0.0174871	0.0174871	-0.0898586	
0.0168148	0.0168148	-0.089781	0.0168148	0.0168148	-0.089781	
0.016143	0.016143	-0.0896966	0.016143	0.016143	-0.0896966	
0.015472	0.015472	-0.0896055	0.015472	0.015472	-0.0896055	
0.0148019	0.0148019	-0.0895074	0.0148019	0.0148019	-0.0895074	
0.014133	0.014133	-0.0894026	0.014133	0.014133	-0.0894026	
0.0134654	0.0134654	-0.0892909	0.0134654	0.0134654	-0.0892909	
0.0127993	0.0127993	-0.0891725	0.0127993	0.0127993	-0.0891725	
0.0121351	0.0121351	-0.0890471	0.0121351	0.0121351	-0.0890471	
0.0114728	0.0114728	-0.088915	0.0114728	0.0114728	-0.088915	
0.0108127	0.0108127	-0.0887761	0.0108127	0.0108127	-0.0887761	
0.010155	0.010155	-0.0886304	0.010155	0.010155	-0.0886304	
0.00949988	0.00949988	-0.0884778	0.00949988	0.00949988	-0.0884778	
0.00884761	0.00884761	-0.0883185	0.00884761	0.00884761	-0.0883185	
0.00819838	0.00819838	-0.0881525	0.00819838	0.00819838	-0.0881525	
0.0075524	0.0075524	-0.0879796	0.0075524	0.0075524	-0.0879796	
0.00690988	0.00690988	-0.0878	0.00690988	0.00690988	-0.0878	
0.00627103	0.00627103	-0.0876137	0.00627103	0.00627103	-0.0876137	
0.00563606	0.00563606	-0.0874207	0.00563606	0.00563606	-0.0874207	
0.0050052	0.0050052	-0.087221	0.0050052	0.0050052	-0.087221	
0.00437864	0.00437864	-0.0870146	0.00437864	0.00437864	-0.0870146	
0.0037566	0.0037566	-0.0868016	0.0037566	0.0037566	-0.0868016	
0.00313928	0.00313928	-0.0865819	0.00313928	0.00313928	-0.0865819	
0.0025269	0.0025269	-0.0863557	0.0025269	0.0025269	-0.0863557	
0.00191966	0.00191966	-0.0861228	0.00191966	0.00191966	-0.0861228	
0.00131777	0.00131777	-0.0858834	0.00131777	0.00131777	-0.0858834	
0.000721435	0.000721435	-0.0856374	0.000721435	0.000721435	-0.0856374	
0.000130855	0.000130855	-0.085385	0.000130855	0.000130855	-0.085385	
-0.000453767	-0.000453767	-0.085126	-0.000453767	-0.000453767	-0.085126	
-0.00103223	-0.00103223	-0.0848606	-0.00103223	-0.00103223	-0.0848606	
-0.00160434	-0.00160434	-0.0845888	-0.00160434	-0.00160434	-0.0845888	
-0.00216989	-0.00216989	-0.0843106	-0.00216989	-0.00216989	-0.0843106	
-0.00272869	-0.00272869	-0.084026	-0.00272869	-0.00272869	-0.084026	
-0.00328056	-0.00328056	-0.0837351	-0.00328056	-0.00328056	-0.0837351	
-0.0038253	-0.0038253	-0.0834379	-0.0038253	-0.0038253	-0.0834379	
-0.00436272	-0.00436272	-0.0831344	-0.00436272	-0.00436272	-0.0831344	
-0.00489264	-0.00489264	-0.0828247	-0.00489264	-0.00489264	-0.0828247	
-0.00541487	-0.00541487	-0.0825087	-0.00541487	-0.00541487	-0.0825087	
-0.00592925	-0.00592925	-0.0821867	-0.00592925	-0.00592925	-0.0821867	
-0.00643558	-0.00643558	-0.0818585	-0.00643558	-0.00643558	-0.0818585	
-0.00693371	-0.00693371	-0.0815242	-0.00693371	-0.00693371	-0.0815242	
-0.00742345	-0.00742345	-0.0811838	-0.00742345	-0.00742345	-0.0811838	
-0.00790464	-0.00790464	-0.0808374	-0.00790464	-0.00790464	-0.0808374	
-0.00837712	-0.00837712	-0.0804851	-0.00837712	-0.00837712	-0.0804851	
-0.00884073	-0.00884073	-0.0801268	-0.00884073	-0.00884073	-0.0801268	
-0.0092953	-0.0092953	-0.0797626	-0.0092953	-0.0092953	-0.0797626	
-0.0097407	-0.0097407	-0.0793925	-0.0097407	-0.0097407	-0.0793925	
-0.0101768	-0.0101768	-0.0790167	-0.0101768	-0.0101768	-0.0790167	
-0.0106034	-0.0106034	-0.078635	-0.0106034	-0.0106034	-0.078635	
-0.0110203	-0.0110203	-0.0782476	-0.0110203	-0.0110203	-0.0782476	
-0.0114275	-0.0114275	-0.0778545	-0.0114275	-0.0114275	-0.0778545	
-0.0118249	-0.0118249	-0.0774557	-0.0118249	-0.0118249	-0.0774557	
-0.0122122	-0.0122122	-0.0770513	-0.0122122	-0.0122122	-0.0770513	
-0.0125893	-0.0125893	-0.0766413	-0.0125893	-0.0125893	-0.0766413	
-0.0129562	-0.0129562	-0.0762258	-0.0129562	-0.0129562	-0.0762258	
-0.0133128	-0.0133128	-0.0758048	-0.0133128	-0.0133128	-0.0758048	
-0.0136588	-0.0136588	-0.0753784	-0.0136588	-0.0136588	-0.0753784	
-0.0139943	-0.0139943	-0.0749465	-0.0139943	-0.0139943	-0.0749465	
-0.014319	-0.014319	-0.0745093	-0.014319	-0.014319	-0.0745093	
-0.014633	-0.014633	-0.0740667	-0.014633	-0.014633	-0.0740667	
-0.014936	-0.014936	-0.0736189	-0.014936	-0.014936	-0.0736189	
-0.0152281	-0.0152281	-0.0731659	-0.0152281	-0.0152281	-0.0731659	
-0.0155092	-0.0155092	-0.0727076	-0.0155092	-0.0155092	-0.0727076	
-0.0157791	-0.0157791	-0.0722442	-0.0157791	-0.0157791	-0.0722442	
-0.0160378	-0.0160378	-0.0717757	-0.0160378	-0.0160378	-0.0717757	
-0.0162852	-0.0162852	-0.0713021	-0.0162852	-0.0162852	-0.0713021	
-0.0165213	-0.0165213	-0.0708235	-0.0165213	-0.0165213	-0.0708235	
-0.016746	-0.016746	-0.07034	-0.016746	-0.016746	-0.07034	
-0.0169592	-0.0169592	-0.0698515	-0.0169592	-0.0169592	-0.0698515	
-0.017161	-0.017161	-0.0693581	-0.017161	-0.017161	-0.0693581	
-0.0173512	-0.0173512	-0.0688599	-0.0173512	-0.0173512	-0.0688599	
-0.0175299	-0.0175299	-0.0683569	-0.0175299	-0.0175299	-0.0683569	
-0.0176969	-0.0176969	-0.0678491	-0.0176969	-0.0176969	-0.0678491	
-0.0178523	-0.0178523	-0.0673367	-0.0178523	-0.0178523	-0.0673367	
-0.0179961	-0.0179961	-0.0668195	-0.0179961	-0.0179961	-0.0668195	
-0.0181282	-0.0181282	-0.0662978	-0.0181282	-0.0181282	-0.0662978	
-0.0182487	-0.0182487	-0.0657715	-0.0182487	-0.0182487	-0.0657715	
-0.0183574	-0.0183574	-0.0652407	-0.0183574	-0.0183574	-0.0652407	
-0.0184545	-0.0184545	-0.0647054	-0.0184545	-0.0184545	-0.0647054	
-0.0185399	-0.0185399	-0.0641656	-0.0185399	-0.0185399	-0.0641656	
-0.0186137	-0.0186137	-0.0636215	-0.0186137	-0.0186137	-0.0636215	
-0.0186758	-0.0186758	-0.063073	-0.0186758	-0.0186758	-0.063073	
-0.0187263	-0.0187263	-0.0625202	-0.0187263	-0.0187263	-0.0625202	
-0.0187652	-0.0187652	-0.0619632	-0.0187652	-0.0187652	-0.0619632	
-0.0187925	-0.0187925	-0.0614019	-0.0187925	-0.0187925	-0.0614019	
-0.0188083	-0.0188083	-0.0608365	-0.0188083	-0.0188083	-0.0608365	
-0.0188127	-0.0188127	-0.060267	-0.0188127	-0.0188127	-0.060267	
-0.0188056	-0.0188056	-0.0596934	-0.0188056	-0.0188056	-0.0596934	
-0.0187871	-0.0187871	-0.0591158	-0.0187871	-0.0187871	-0.0591158	
-0.0187573	-0.0187573	-0.0585342	-0.0187573	-0.0187573	-0.0585342	
-0.0187162	-0.0187162	-0.0579487	-0.0187162	-0.0187162	-0.0579487	
-0.018664	-0.018664	-0.0573592	-0.018664	-0.018664	-0.0573592	
-0.0186006	-0.0186006	-0.056766	-0.0186006	-0.0186006	-0.056766	
-0.0185262	-0.0185262	-0.0561689	-0.0185262	-0.0185262	-0.0561689	
-0.0184408	-0.0184408	-0.0555681	-0.0184408	-0.0184408	-0.0555681	
-0.0183446	-0.0183446	-0.0549636	-0.0183446	-0.0183446	-0.0549636	
-0.0182376	-0.0182376	-0.0543554	-0.0182376	-0.0182376	-0.0543554	
-0.0181199	-0.0181199	-0.0537436	-0.0181199	-0.0181199	-0.0537436	
-0.0179916	-0.0179916	-0.0531283	-0.0179916	-0.0179916	-0.0531283	
-0.0178528	-0.0178528	-0.0525095	-0.0178528	-0.0178528	-0.0525095	
-0.0177037	-0.0177037	-0.0518871	-0.0177037	-0.0177037	-0.0518871	
-0.0175443	-0.0175443	-0.0512614	-0.0175443	-0.0175443	-0.0512614	
-0.0173748	-0.0173748	-0.0506323	-0.0173748	-0.0173748	-0.0506323	
-0.0171952	-0.0171952	-0.0499999	-0.0171952	-0.0171952	-0.0499999	
-0.0170058	-0.0170058	-0.0493642	-0.0170058	-0.0170058	-0.0493642	
-0.0168066	-0.0168066	-0.0487252	-0.0168066	-0.0168066	-0.0487252	
-0.0165978	-0.0165978	-0.0480831	-0.0165978	-0.0165978	-0.0480831	
-0.0163795	-0.0163795	-0.0474379	-0.0163795	-0.0163795	-0.0474379	
-0.0161519	-0.0161519	-0.0467896	-0.0161519	-0.0161519	-0.0467896	
-0.015915	-0.015915	-0.0461383	-0.015915	-0.015915	-0.0461383	
-0.0156691	-0.0156691	-0.045484	-0.0156691	-0.0156691	-0.045484	
-0.0154144	-0.0154144	-0.0448267	-0.0154144	-0.0154144	-0.0448267	
-0.0151508	-0.0151508	-0.0441666	-0.0151508	-0.0151508	-0.0441666	
-0.0148787	-0.0148787	-0.0435037	-0.0148787	-0.0148787	-0.0435037	
-0.0145981	-0.0145981	-0.042838	-0.0145981	-0.0145981	-0.042838	
-0.0143093	-0.0143093	-0.0421696	-0.0143093	-0.0143093	-0.0421696	
-0.0140124	-0.0140124	-0.0414986	-0.0140124	-0.0140124	-0.0414986	
-0.0137075	-0.0137075	-0.0408249	-0.0137075	-0.0137075	-0.0408249	
-0.0133949	-0.0133949	-0.0401486	-0.0133949	-0.0133949	-0.0401486	
-0.0130747	-0.0130747	-0.0394699	-0.0130747	-0.0130747	-0.0394699	
-0.0127471	-0.0127471	-0.0387887	-0.0127471	-0.0127471	-0.0387887	
-0.0124122	-0.0124122	-0.0381051	-0.0124122	-0.0124122	-0.0381051	
-0.0120703	-0.0120703	-0.0374192	-0.0120703	-0.0120703	-0.0374192	
-0.0117216	-0.0117216	-0.036731	-0.0117216	-0.0117216	-0.036731	
-0.0113661	-0.0113661	-0.0360406	-0.0113661	-0.0113661	-0.0360406	
-0.0110042	-0.0110042	-0.0353481	-0.0110042	-0.0110042	-0.0353481	
-0.010636	-0.010636	-0.0346534	-0.010636	-0.010636	-0.0346534	
-0.0102616	-0.0102616	-0.0339567	-0.0102616	-0.0102616	-0.0339567	
-0.00988127	-0.00988127	-0.033258	-0.00988127	-0.00988127	-0.033258	
-0.00949523	-0.00949523	-0.0325573	-0.00949523	-0.00949523	-0.0325573	
-0.00910363	-0.00910363	-0.0318548	-0.00910363	-0.00910363	-0.0318548	
-0.00870668	-0.00870668	-0.0311505	-0.00870668	-0.00870668	-0.0311505	
-0.00830457	-0.00830457	-0.0304445	-0.00830457	-0.00830457	-0.0304445	
-0.00789749	-0.00789749	-0.0297368	-0.00789749	-0.00789749	-0.0297368	
-0.00748563	-0.00748563	-0.0290275	-0.00748563	-0.00748563	-0.0290275	
-0.0070692	-0.0070692	-0.0283166	-0.0070692	-0.0070692	-0.0283166	
-0.0066484	-0.0066484	-0.0276042	-0.0066484	-0.0066484	-0.0276042	
-0.0062234	-0.0062234	-0.0268905	-0.0062234	-0.0062234	-0.0268905	
-0.00579442	-0.00579442	-0.0261754	-0.00579442	-0.00579442	-0.0261754	
-0.00536165	-0.00536165	-0.025459	-0.00536165	-0.00536165	-0.025459	
-0.00492528	-0.00492528	-0.0247413	-0.00492528	-0.00492528	-0.0247413	
-0.0044855	-0.0044855	-0.0240226	-0.0044855	-0.0044855	-0.0240226	
-0.00404253	-0.00404253	-0.0233028	-0.00404253	-0.00404253	-0.0233028	
-0.00359654	-0.00359654	-0.0225819	-0.00359654	-0.00359654	-0.0225819	
-0.00314773	-0.00314773	-0.0218602	-0.00314773	-0.00314773	-0.0218602	
-0.00269631	-0.00269631	-0.0211376	-0.00269631	-0.00269631	-0.0211376	
-0.00224244	-0.00224244	-0.0204142	-0.00224244	-0.00224244	-0.0204142	
-0.00178634	-0.00178634	-0.0196901	-0.00178634	-0.00178634	-0.0196901	
-0.00132819	-0.00132819	-0.0189653	-0.00132819	-0.00132819	-0.0189653	
-0.000868179	-0.000868179	-0.01824	-0.000868179	-0.000868179	-0.01824	
-0.000406493	-0.000406493	-0.0175143	-0.000406493	-0.000406493	-0.0175143	
5.6681e-05	5.6681e-05	-0.0167881	5.6681e-05	5.6681e-05	-0.0167881	
0.000521158	0.000521158	-0.0160616	0.000521158	0.000521158	-0.0160616	
0.000986754	0.000986754	-0.0153348	0.000986754	0.000986754	-0.0153348	
0.00145329	0.00145329	-0.0146079	0.00145329	0.00145329	-0.0146079	
0.00192058	0.00192058	-0.013881	0.00192058	0.00192058	-0.013881	
0.00238846	0.00238846	-0.013154	0.00238846	0.00238846	-0.013154	
0.00285674	0.00285674	-0.0124271	0.00285674	0.00285674	-0.0124271	
0.00332525	0.00332525	-0.0117004	0.00332525	0.00332525	-0.0117004	
0.00379383	0.00379383	-0.0109739	0.00379383	0.00379383	-0.0109739	
0.00426229	0.00426229	-0.0102478	0.00426229	0.00426229	-0.0102478	
0.00473048	0.00473048	-0.00952214	0.00473048	0.00473048	-0.00952214	
0.00519824	0.00519824	-0.00879698	0.00519824	0.00519824	-0.00879698	
0.00566539	0.00566539	-0.00807242	0.00566539	0.00566539	-0.00807242	
0.00613179	0.00613179	-0.00734856	0.00613179	0.00613179	-0.00734856	
0.00659727	0.00659727	-0.0066255	0.00659727	0.00659727	-0.0066255	
0.00706168	0.00706168	-0.00590331	0.00706168	0.00706168	-0.00590331	
0.00752486	0.00752486	-0.0051821	0.00752486	0.00752486	-0.0051821	
0.00798669	0.00798669	-0.00446196	0.00798669	0.00798669	-0.00446196	
0.00844699	0.00844699	-0.00374298	0.00844699	0.00844699	-0.00374298	
0.00890565	0.00890565	-0.00302526	0.00890565	0.00890565	-0.00302526	
0.00936251	0.00936251	-0.0023089	0.00936251	0.00936251	-0.0023089	
0.00981743	0.00981743	-0.00159398	0.00981743	0.00981743	-0.00159398	
0.0102703	0.0102703	-0.000880623	0.0102703	0.0102703	-0.000880623	
0.010721	0.010721	-0.000168912	0.010721	0.010721	-0.000168912	
0.0111693	0.0111693	0.00054105	0.0111693	0.0111693	0.00054105	
0.0116152	0.0116152	0.00124916	0.0116152	0.0116152	0.00124916	
0.0120586	0.0120586	0.00195532	0.0120586	0.0120586	0.00195532	
0.0124992	0.0124992	0.00265942	0.0124992	0.0124992	0.00265942	
0.0129371	0.0129371	0.00336137	0.0129371	0.0129371	0.00336137	
0.0133721	0.0133721	0.00406105	0.0133721	0.0133721	0.00406105	
0.0138041	0.0138041	0.00475837	0.0138041	0.0138041	0.00475837	
0.0142329	0.0142329	0.00545322	0.0142329	0.0142329	0.00545322	
0.0146586	0.0146586	0.00614548	0.0146586	0.0146586	0.00614548	
0.0150809	0.0150809	0.00683506	0.0150809	0.0150809	0.00683506	
0.0154998	0.0154998	0.00752185	0.0154998	0.0154998	0.00752185	
0.0159153	0.0159153	0.00820573	0.0159153	0.0159153	0.00820573	
0.0163271	0.0163271	0.0088866	0.0163271	0.0163271	0.0088866	
0.0167353	0.0167353	0.00956435	0.0167353	0.0167353	0.00956435	
0.0171398	0.0171398	0.0102389	0.0171398	0.0171398	0.0102389	
0.0175405	0.0175405	0.01091	0.0175405	0.0175405	0.01091	
0.0179373	0.0179373	0.0115778	0.0179373	0.0179373	0.0115778	
0.0183301	0.0183301	0.0122419	0.0183301	0.0183301	0.0122419	
0.0187189	0.0187189	0.0129024	0.0187189	0.0187189	0.0129024	
0.0191036	0.0191036	0.013559	0.0191036	0.0191036	0.013559	
0.0194842	0.0194842	0.0142118	0.0194842	0.0194842	0.0142118	
0.0198606	0.0198606	0.0148605	0.0198606	0.0198606	0.0148605	
0.0202328	0.0202328	0.0155051	0.0202328	0.0202328	0.0155051	
0.0206007	0.0206007	0.0161455	0.0206007	0.0206007	0.0161455	
0.0209642	0.0209642	0.0167815	0.0209642	0.0209642	0.0167815	
0.0213234	0.0213234	0.0174129	0.0213234	0.0213234	0.0174129	
0.0216781	0.0216781	0.0180398	0.0216781	0.0216781	0.0180398	
0.0220284	0.0220284	0.018662	0.0220284	0.0220284	0.018662	
0.0223742	0.0223742	0.0192793	0.0223742	0.0223742	0.0192793	
0.0227155	0.0227155	0.0198917	0.0227155	0.0227155	0.0198917	
0.0230523	0.0230523	0.0204989	0.0230523	0.0230523	0.0204989	
0.0233845	0.0233845	0.021101	0.0233845	0.0233845	0.021101	
0.0237122	0.0237122	0.0216978	0.0237122	0.0237122	0.0216978	
0.0240352	0.0240352	0.0222891	0.0240352	0.0240352	0.0222891	
0.0243536	0.0243536	0.0228749	0.0243536	0.0243536	0.0228749	
0.0246674	0.0246674	0.023455	0.0246674	0.0246674	0.023455	
0.0249766	0.0249766	0.0240293	0.0249766	0.0249766	0.0240293	
0.0252812	0.0252812	0.0245977	0.0252812	0.0252812	0.0245977	
0.0255811	0.0255811	0.0251601	0.0255811	0.0255811	0.0251601	
0.0258763	0.0258763	0.0257163	0.0258763	0.0258763	0.0257163	
0.026167	0.026167	0.0262662	0.026167	0.026167	0.0262662	
0.026453	0.026453	0.0268097	0.026453	0.026453	0.0268097	
0.0267344	0.0267344	0.0273468	0.0267344	0.0267344	0.0273468	
0.0270111	0.0270111	0.0278771	0.0270111	0.0270111	0.0278771	
0.0272833	0.0272833	0.0284008	0.0272833	0.0272833	0.0284008	
0.0275509	0.0275509	0.0289175	0.0275509	0.0275509	0.0289175	
0.0278139	0.0278139	0.0294273	0.0278139	0.0278139	0.0294273	
0.0280723	0.0280723	0.0299299	0.0280723	0.0280723	0.0299299	
0.0283262	0.0283262	0.0304253	0.0283262	0.0283262	0.0304253	
0.0285756	0.0285756	0.0309133	0.0285756	0.0285756	0.0309133	
0.0288206	0.0288206	0.0313939	0.0288206	0.0288206	0.0313939	
0.029061	0.029061	0.0318668	0.029061	0.029061	0.0318668	
0.029297	0.029297	0.0323321	0.029297	0.029297	0.0323321	
0.0295286	0.0295286	0.0327895	0.0295286	0.0295286	0.0327895	
0.0297558	0.0297558	0.033239	0.0297558	0.0297558	0.033239	
0.0299787	0.0299787	0.0336804	0.0299787	0.0299787	0.0336804	
0.0301973	0.0301973	0.0341136	0.0301973	0.0301973	0.0341136	
0.0304115	0.0304115	0.0345384	0.0304115	0.0304115	0.0345384	
0.0306216	0.0306216	0.0349549	0.0306216	0.0306216	0.0349549	
0.0308274	0.0308274	0.0353629	0.0308274	0.0308274	0.0353629	
0.031029	0.031029	0.0357621	0.031029	0.031029	0.0357621	
0.0312265	0.0312265	0.0361526	0.0312265	0.0312265	0.0361526	
0.0314199	0.0314199	0.0365343	0.0314199	0.0314199	0.0365343	
0.0316093	0.0316093	0.0369069	0.0316093	0.0316093	0.0369069	
0.0317946	0.0317946	0.0372704	0.0317946	0.0317946	0.0372704	
0.031976	0.031976	0.0376247	0.031976	0.031976	0.0376247	
0.0321535	0.0321535	0.0379696	0.0321535	0.0321535	0.0379696	
0.032327	0.032327	0.0383051	0.032327	0.032327	0.0383051	
0.0324967	0.0324967	0.0386311	0.0324967	0.0324967	0.0386311	
0.0326626	0.0326626	0.0389473	0.0326626	0.0326626	0.0389473	
0.0328247	0.0328247	0.0392538	0.0328247	0.0328247	0.0392538	
0.0329832	0.0329832	0.0395504	0.0329832	0.0329832	0.0395504	
0.0331379	0.0331379	0.039837	0.0331379	0.0331379	0.039837	
0.033289	0.033289	0.0401135	0.033289	0.033289	0.0401135	
0.0334366	0.0334366	0.0403798	0.0334366	0.0334366	0.0403798	
0.0335806	0.0335806	0.0406358	0.0335806	0.0335806	0.0406358	
0.0337211	0.0337211	0.0408814	0.0337211	0.0337211	0.0408814	
0.0338581	0.0338581	0.0411164	0.0338581	0.0338581	0.0411164	
0.0339917	0.0339917	0.0413409	0.0339917	0.0339917	0.0413409	
0.034122	0.034122	0.0415546	0.034122	0.034122	0.0415546	
0.0342489	0.0342489	0.0417574	0.0342489	0.0342489	0.0417574	
0.0343726	0.0343726	0.0419494	0.0343726	0.0343726	0.0419494	
0.034493	0.034493	0.0421304	0.034493	0.034493	0.0421304	
0.0346102	0.0346102	0.0423002	0.0346102	0.0346102	0.0423002	
0.0347242	0.0347242	0.0424588	0.0347242	0.0347242	0.0424588	
0.0348351	0.0348351	0.0426061	0.0348351	0.0348351	0.0426061	
0.0349429	0.0349429	0.0427421	0.0349429	0.0349429	0.0427421	
0.0350477	0.0350477	0.0428665	0.0350477	0.0350477	0.0428665	
0.0351495	0.0351495	0.0429794	0.0351495	0.0351495	0.0429794	
0.0352482	0.0352482	0.0430806	0.0352482	0.0352482	0.0430806	
0.0353441	0.0353441	0.04317	0.0353441	0.0353441	0.04317	
0.035437	0.035437	0.0432476	0.035437	0.035437	0.0432476	
0.0355271	0.0355271	0.0433133	0.0355271	0.0355271	0.0433133	
0.0356144	0.0356144	0.043367	0.0356144	0.0356144	0.043367	
0.0356988	0.0356988	0.0434086	0.0356988	0.0356988	0.0434086	
0.0357804	0.0357804	0.043438	0.0357804	0.0357804	0.043438	
0.0358593	0.0358593	0.0434552	0.0358593	0.0358593	0.0434552	
0.0359355	0.0359355	0.0434601	0.0359355	0.0359355	0.0434601	
0.036009	0.036009	0.0434525	0.036009	0.036009	0.0434525	
0.0360798	0.0360798	0.0434325	0.0360798	0.0360798	0.0434325	
0.036148	0.036148	0.0433999	0.036148	0.036148	0.0433999	
0.0362136	0.0362136	0.0433548	0.0362136	0.0362136	0.0433548	
0.0362766	0.0362766	0.0432969	0.0362766	0.0362766	0.0432969	
0.0363369	0.0363369	0.0432263	0.0363369	0.0363369	0.0432263	
0.0363948	0.0363948	0.0431429	0.0363948	0.0363948	0.0431429	
0.0364501	0.0364501	0.0430466	0.0364501	0.0364501	0.0430466	
0.0365028	0.0365028	0.0429373	0.0365028	0.0365028	0.0429373	
0.0365531	0.0365531	0.0428151	0.0365531	0.0365531	0.0428151	
0.0366009	0.0366009	0.0426798	0.0366009	0.0366009	0.0426798	
0.0366462	0.0366462	0.0425313	0.0366462	0.0366462	0.0425313	
0.036689	0.036689	0.0423697	0.036689	0.036689	0.0423697	
0.0367294	0.0367294	0.0421949	0.0367294	0.0367294	0.0421949	
0.0367673	0.0367673	0.0420068	0.0367673	0.0367673	0.0420068	
0.0368028	0.0368028	0.0418054	0.0368028	0.0368028	0.0418054	
0.0368359	0.0368359	0.0415906	0.0368359	0.0368359	0.0415906	
0.0368665	0.0368665	0.0413624	0.0368665	0.0368665	0.0413624	
0.0368948	0.0368948	0.0411207	0.0368948	0.0368948	0.0411207	
0.0369206	0.0369206	0.0408656	0.0369206	0.0369206	0.0408656	
0.036944	0.036944	0.0405969	0.036944	0.036944	0.0405969	
0.0369649	0.0369649	0.0403146	0.0369649	0.0369649	0.0403146	
0.0369835	0.0369835	0.0400187	0.0369835	0.0369835	0.0400187	
0.0369997	0.0369997	0.0397092	0.0369997	0.0369997	0.0397092	
0.0370134	0.0370134	0.039386	0.0370134	0.0370134	0.039386	
0.0370247	0.0370247	0.0390492	0.0370247	0.0370247	0.0390492	
0.0370336	0.0370336	0.0386986	0.0370336	0.0370336	0.0386986	
0.0370401	0.0370401	0.0383342	0.0370401	0.0370401	0.0383342	
0.0370441	0.0370441	0.0379561	0.0370441	0.0370441	0.0379561	
0.0370457	0.0370457	0.0375642	0.0370457	0.0370457	0.0375642	
0.0370449	0.0370449	0.0371585	0.0370449	0.0370449	0.0371585	
0.0370416	0.0370416	0.036739	0.0370416	0.0370416	0.036739	
0.0370359	0.0370359	0.0363056	0.0370359	0.0370359	0.0363056	
0.0370276	0.0370276	0.0358584	0.0370276	0.0370276	0.0358584	
0.0370169	0.0370169	0.0353974	0.0370169	0.0370169	0.0353974	
0.0370037	0.0370037	0.0349225	0.0370037	0.0370037	0.0349225	
0.036988	0.036988	0.0344338	0.036988	0.036988	0.0344338	
0.0369697	0.0369697	0.0339312	0.0369697	0.0369697	0.0339312	
0.036949	0.036949	0.0334147	0.036949	0.036949	0.0334147	
0.0369257	0.0369257	0.0328845	0.0369257	0.0369257	0.0328845	
0.0368998	0.0368998	0.0323404	0.0368998	0.0368998	0.0323404	
0.0368714	0.0368714	0.0317824	0.0368714	0.0368714	0.0317824	
0.0368404	0.0368404	0.0312107	0.0368404	0.0368404	0.0312107	
0.0368068	0.0368068	0.0306251	0.0368068	0.0368068	0.0306251	
0.0367706	0.0367706	0.0300258	0.0367706	0.0367706	0.0300258	
0.0367317	0.0367317	0.0294127	0.0367317	0.0367317	0.0294127	
0.0366903	0.0366903	0.0287858	0.0366903	0.0366903	0.0287858	
0.0366462	0.0366462	0.0281453	0.0366462	0.0366462	0.0281453	
0.0365994	0.0365994	0.0274911	0.0365994	0.0365994	0.0274911	
0.0365499	0.0365499	0.0268232	0.0365499	0.0365499	0.0268232	
0.0364978	0.0364978	0.0261417	0.0364978	0.0364978	0.0261417	
0.0364429	0.0364429	0.0254467	0.0364429	0.0364429	0.0254467	
0.0363853	0.0363853	0.024738	0.0363853	0.0363853	0.024738	
0.036325	0.036325	0.0240159	0.036325	0.036325	0.0240159	
0.036262	0.036262	0.0232804	0.036262	0.036262	0.0232804	
0.0361962	0.0361962	0.0225314	0.0361962	0.0361962	0.0225314	
0.0361277	0.0361277	0.0217691	0.0361277	0.0361277	0.0217691	
0.0360564	0.0360564	0.0209934	0.0360564	0.0360564	0.0209934	
0.0359823	0.0359823	0.0202045	0.0359823	0.0359823	0.0202045	
0.0359054	0.0359054	0.0194025	0.0359054	0.0359054	0.0194025	
0.0358257	0.0358257	0.0185872	0.0358257	0.0358257	0.0185872	
0.0357433	0.0357433	0.017759	0.0357433	0.0357433	0.017759	
0.035658	0.035658	0.0169177	0.035658	0.035658	0.0169177	
0.0355699	0.0355699	0.0160635	0.0355699	0.0355699	0.0160635	
0.035479	0.035479	0.0151964	0.035479	0.035479	0.0151964	
0.0353853	0.0353853	0.0143166	0.0353853	0.0353853	0.0143166	
0.0352888	0.0352888	0.013424	0.0352888	0.0352888	0.013424	
0.0351895	0.0351895	0.0125189	0.0351895	0.0351895	0.0125189	
0.0350873	0.0350873	0.0116012	0.0350873	0.0350873	0.0116012	
0.0349824	0.0349824	0.010671	0.0349824	0.0349824	0.010671	
0.0348746	0.0348746	0.00972849	0.0348746	0.0348746	0.00972849	
0.0347641	0.0347641	0.0087737	0.0347641	0.0347641	0.0087737	
0.0346508	0.0346508	0.00780674	0.0346508	0.0346508	0.00780674	
0.0345347	0.0345347	0.0068277	0.0345347	0.0345347	0.0068277	
0.0344158	0.0344158	0.00583668	0.0344158	0.0344158	0.00583668	
0.0342942	0.0342942	0.0048338	0.0342942	0.0342942	0.0048338	
0.0341698	0.0341698	0.00381915	0.0341698	0.0341698	0.00381915	
0.0340427	0.0340427	0.00279284	0.0340427	0.0340427	0.00279284	
0.0339129	0.0339129	0.001755	0.0339129	0.0339129	0.001755	
0.0337804	0.0337804	0.000705724	0.0337804	0.0337804	0.000705724	
0.0336453	0.0336453	-0.000354857	0.0336453	0.0336453	-0.000354857	
0.0335075	0.0335075	-0.00142663	0.0335075	0.0335075	-0.00142663	
0.0333671	0.0333671	-0.00250946	0.0333671	0.0333671	-0.00250946	
0.0332241	0.0332241	-0.00360323	0.0332241	0.0332241	-0.00360323	
0.0330786	0.0330786	-0.00470781	0.0330786	0.0330786	-0.00470781	
0.0329305	0.0329305	-0.00582306	0.0329305	0.0329305	-0.00582306	
0.03278	0.03278	-0.00694885	0.03278	0.03278	-0.00694885	
0.032627	0.032627	-0.00808505	0.032627	0.032627	-0.00808505	
0.0324716	0.0324716	-0.0092315	0.0324716	0.0324716	-0.0092315	
0.0323138	0.0323138	-0.0103881	0.0323138	0.0323138	-0.0103881	
0.0321537	0.0321537	-0.0115546	0.0321537	0.0321537	-0.0115546	
0.0319913	0.0319913	-0.012731	0.0319913	0.0319913	-0.012731	
0.0318266	0.0318266	-0.013917	0.0318266	0.0318266	-0.013917	
0.0316598	0.0316598	-0.0151126	0.0316598	0.0316598	-0.0151126	
0.0314908	0.0314908	-0.0163175	0.0314908	0.0314908	-0.0163175	
0.0313197	0.0313197	-0.0175317	0.0313197	0.0313197	-0.0175317	
0.0311466	0.0311466	-0.0187548	0.0311466	0.0311466	-0.0187548	
0.0309716	0.0309716	-0.0199869	0.0309716	0.0309716	-0.0199869	
0.0307946	0.0307946	-0.0212276	0.0307946	0.0307946	-0.0212276	
0.0306158	0.0306158	-0.0224769	0.0306158	0.0306158	-0.0224769	
0.0304351	0.0304351	-0.0237346	0.0304351	0.0304351	-0.0237346	
0.0302528	0.0302528	-0.0250004	0.0302528	0.0302528	-0.0250004	
0.0300688	0.0300688	-0.0262743	0.0300688	0.0300688	-0.0262743	
0.0298833	0.0298833	-0.027556	0.0298833	0.0298833	-0.027556	
0.0296962	0.0296962	-0.0288453	0.0296962	0.0296962	-0.0288453	
0.0295077	0.0295077	-0.0301421	0.0295077	0.0295077	-0.0301421	
0.0293178	0.0293178	-0.0314462	0.0293178	0.0293178	-0.0314462	
0.0291267	0.0291267	-0.0327574	0.0291267	0.0291267	-0.0327574	
0.0289344	0.0289344	-0.0340755	0.0289344	0.0289344	-0.0340755	
0.0287409	0.0287409	-0.0354004	0.0287409	0.0287409	-0.0354004	
0.0285465	0.0285465	-0.0367317	0.0285465	0.0285465	-0.0367317	
0.0283511	0.0283511	-0.0380693	0.0283511	0.0283511	-0.0380693	
0.0281549	0.0281549	-0.0394131	0.0281549	0.0281549	-0.0394131	
0.0279579	0.0279579	-0.0407628	0.0279579	0.0279579	-0.0407628	
0.0277602	0.0277602	-0.0421182	0.0277602	0.0277602	-0.0421182	
0.027562	0.027562	-0.0434791	0.027562	0.027562	-0.0434791	
0.0273633	0.0273633	-0.0448453	0.0273633	0.0273633	-0.0448453	
0.0271643	0.0271643	-0.0462166	0.0271643	0.0271643	-0.0462166	
0.026965	0.026965	-0.0475928	0.026965	0.026965	-0.0475928	
0.0267655	0.0267655	-0.0489737	0.0267655	0.0267655	-0.0489737	
0.026566	0.026566	-0.050359	0.026566	0.026566	-0.050359	
0.0263665	0.0263665	-0.0517486	0.0263665	0.0263665	-0.0517486	
0.0261671	0.0261671	-0.0531422	0.0261671	0.0261671	-0.0531422	
0.025968	0.025968	-0.0545396	0.025968	0.025968	-0.0545396	
0.0257693	0.0257693	-0.0559405	0.0257693	0.0257693	-0.0559405	
0.0255711	0.0255711	-0.0573449	0.0255711	0.0255711	-0.0573449	
0.0253734	0.0253734	-0.0587524	0.0253734	0.0253734	-0.0587524	
0.0251765	0.0251765	-0.0601628	0.0251765	0.0251765	-0.0601628	
0.0249803	0.0249803	-0.0615759	0.0249803	0.0249803	-0.0615759	
0.0247851	0.0247851	-0.0629914	0.0247851	0.0247851	-0.0629914	
0.024591	0.024591	-0.0644092	0.024591	0.024591	-0.0644092	
0.024398	0.024398	-0.065829	0.024398	0.024398	-0.065829	
0.0242063	0.0242063	-0.0672506	0.0242063	0.0242063	-0.0672506	
0.024016	0.024016	-0.0686738	0.024016	0.024016	-0.0686738	
0.0238273	0.0238273	-0.0700983	0.0238273	0.0238273	-0.0700983	
0.0236402	0.0236402	-0.0715238	0.0236402	0.0236402	-0.0715238	
0.0234548	0.0234548	-0.0729502	0.0234548	0.0234548	-0.0729502	
0.0232713	0.0232713	-0.0743773	0.0232713	0.0232713	-0.0743773	
0.0230899	0.0230899	-0.0758047	0.0230899	0.0230899	-0.0758047	
0.0229105	0.0229105	-0.0772323	0.0229105	0.0229105	-0.0772323	
0.0227335	0.0227335	-0.0786599	0.0227335	0.0227335	-0.0786599	
0.0225588	0.0225588	-0.0800871	0.0225588	0.0225588	-0.0800871	
0.0223865	0.0223865	-0.0815138	0.0223865	0.0223865	-0.0815138	
0.022217	0.022217	-0.0829397	0.022217	0.022217	-0.0829397	
0.0220501	0.0220501	-0.0843646	0.0220501	0.0220501	-0.0843646	
0.0218861	0.0218861	-0.0857882	0.0218861	0.0218861	-0.0857882	
0.0217251	0.0217251	-0.0872104	0.0217251	0.0217251	-0.0872104	
0.0215672	0.0215672	-0.0886309	0.0215672	0.0215672	-0.0886309	
0.0214125	0.0214125	-0.0900494	0.0214125	0.0214125	-0.0900494	
0.0212611	0.0212611	-0.0914657	0.0212611	0.0212611	-0.0914657	
0.0211133	0.0211133	-0.0928797	0.0211133	0.0211133	-0.0928797	
0.020969	0.020969	-0.0942909	0.020969	0.020969	-0.0942909	
0.0208284	0.0208284	-0.0956993	0.0208284	0.0208284	-0.0956993	
0.0206916	0.0206916	-0.0971047	0.0206916	0.0206916	-0.0971047	
0.0205587	0.0205587	-0.0985066	0.0205587	0.0205587	-0.0985066	
0.0204299	0.0204299	-0.099905	0.0204299	0.0204299	-0.099905	
0.0203052	0.0203052	-0.1013	0.0203052	0.0203052	-0.1013	
0.0201848	0.0201848	-0.10269	0.0201848	0.0201848	-0.10269	
0.0200688	0.0200688	-0.104077	0.0200688	0.0200688	-0.104077	
0.0199573	0.0199573	-0.105458	0.0199573	0.0199573	-0.105458	
0.0198504	0.0198504	-0.106836	0.0198504	0.0198504	-0.106836	
0.0197481	0.0197481	-0.108208	0.0197481	0.0197481	-0.108208	
0.0196507	0.0196507	-0.109575	0.0196507	0.0196507	-0.109575	
0.0195582	0.0195582	-0.110937	0.0195582	0.0195582	-0.110937	
0.0194707	0.0194707	-0.112293	0.0194707	0.0194707	-0.112293	
0.0193883	0.0193883	-0.113644	0.0193883	0.0193883	-0.113644	
0.0193111	0.0193111	-0.114988	0.0193111	0.0193111	-0.114988	
0.0192392	0.0192392	-0.116326	0.0192392	0.0192392	-0.116326	
0.0191727	0.0191727	-0.117658	0.0191727	0.0191727	-0.117658	
0.0191117	0.0191117	-0.118983	0.0191117	0.0191117	-0.118983	
0.0190562	0.0190562	-0.120301	0.0190562	0.0190562	-0.120301	
0.0190064	0.0190064	-0.121613	0.0190064	0.0190064	-0.121613	
0.0189623	0.0189623	-0.122917	0.0189623	0.0189623	-0.122917	
0.0189241	0.0189241	-0.124213	0.0189241	0.0189241	-0.124213	
0.0188917	0.0188917	-0.125502	0.0188917	0.0188917	-0.125502	
0.0188653	0.0188653	-0.126783	0.0188653	0.0188653	-0.126783	
0.018845	0.018845	-0.128057	0.018845	0.018845	-0.128057	
0.0188307	0.0188307	-0.129322	0.0188307	0.0188307	-0.129322	
0.0188226	0.0188226	-0.130578	0.0188226	0.0188226	-0.130578	
0.0188208	0.0188208	-0.131826	0.0188208	0.0188208	-0.131826	
0.0188252	0.0188252	-0.133065	0.0188252	0.0188252	-0.133065	
0.0188361	0.0188361	-0.134295	0.0188361	0.0188361	-0.134295	
0.0188533	0.0188533	-0.135517	0.0188533	0.0188533	-0.135517	
0.0188769	0.0188769	-0.136728	0.0188769	0.0188769	-0.136728	
0.0189071	0.0189071	-0.137931	0.0189071	0.0189071	-0.137931	
0.0189438	0.0189438	-0.139124	0.0189438	0.0189438	-0.139124	
0.0189872	0.0189872	-0.140307	0.0189872	0.0189872	-0.140307	
0.0190371	0.0190371	-0.14148	0.0190371	0.0190371	-0.14148	
