# mu=0.3
# lamb=0
# N=8
# m=0
# dim=70
#T=10
#dt=0.01
0.25	0.25	0.25	-0.25	0.25	0.25	0.25	-0.25	
0.249988	0.25	0.249988	-0.25	0.249988	0.25	0.249988	-0.25	
0.24995	0.25	0.24995	-0.25	0.24995	0.25	0.24995	-0.25	
0.249888	0.25	0.249888	-0.25	0.249888	0.25	0.249888	-0.25	
0.2498	0.25	0.2498	-0.25	0.2498	0.25	0.2498	-0.25	
0.249688	0.25	0.249688	-0.25	0.249688	0.25	0.249688	-0.25	
0.24955	0.25	0.24955	-0.25	0.24955	0.25	0.24955	-0.25	
0.249388	0.25	0.249388	-0.25	0.249388	0.25	0.249388	-0.25	
0.249201	0.249999	0.249201	-0.249999	0.249201	0.249999	0.249201	-0.249999	
0.248989	0.249999	0.248989	-0.249999	0.248989	0.249999	0.248989	-0.249999	
0.248752	0.249998	0.248752	-0.249998	0.248752	0.249998	0.248752	-0.249998	
0.24849	0.249998	0.24849	-0.249998	0.24849	0.249998	0.24849	-0.249998	
0.248203	0.249997	0.248203	-0.249997	0.248203	0.249997	0.248203	-0.249997	
0.247892	0.249996	0.247892	-0.249996	0.247892	0.249996	0.247892	-0.249996	
0.247556	0.249994	0.247556	-0.249994	0.247556	0.249994	0.247556	-0.249994	
0.247196	0.249992	0.247196	-0.249992	0.247196	0.249992	0.247196	-0.249992	
0.246811	0.24999	0.246811	-0.24999	0.246811	0.24999	0.246811	-0.24999	
0.246401	0.249987	0.246401	-0.249987	0.246401	0.249987	0.246401	-0.249987	
0.245967	0.249984	0.245967	-0.249984	0.245967	0.249984	0.245967	-0.249984	
0.245509	0.24998	0.245509	-0.24998	0.245509	0.24998	0.245509	-0.24998	
0.245026	0.249975	0.245026	-0.249975	0.245026	0.249975	0.245026	-0.249975	
0.24452	0.24997	0.24452	-0.24997	0.24452	0.24997	0.24452	-0.24997	
0.243989	0.249964	0.243989	-0.249964	0.243989	0.249964	0.243989	-0.249964	
0.243434	0.249957	0.243434	-0.249957	0.243434	0.249957	0.243434	-0.249957	
0.242855	0.249949	0.242855	-0.249949	0.242855	0.249949	0.242855	-0.249949	
0.242252	0.249939	0.242252	-0.24994	0.242252	0.249939	0.242252	-0.24994	
0.241625	0.249929	0.241625	-0.24993	0.241625	0.249929	0.241625	-0.24993	
0.240975	0.249918	0.240975	-0.249918	0.240975	0.249918	0.240975	-0.249918	
0.240301	0.249905	0.240301	-0.249906	0.240301	0.249905	0.240301	-0.249906	
0.239604	0.249891	0.239604	-0.249892	0.239604	0.249891	0.239604	-0.249892	
0.238883	0.249875	0.238883	-0.249876	0.238883	0.249875	0.238883	-0.249876	
0.238139	0.249857	0.238139	-0.249859	0.238139	0.249857	0.238139	-0.249859	
0.237372	0.249838	0.237372	-0.24984	0.237372	0.249838	0.237372	-0.24984	
0.236582	0.249817	0.236582	-0.249819	0.236582	0.249817	0.236582	-0.249819	
0.235769	0.249794	0.235769	-0.249797	0.235769	0.249794	0.235769	-0.249797	
0.234933	0.249769	0.234933	-0.249772	0.234933	0.249769	0.234933	-0.249772	
0.234075	0.249742	0.234075	-0.249745	0.234075	0.249742	0.234075	-0.249745	
0.233194	0.249712	0.233194	-0.249716	0.233194	0.249712	0.233194	-0.249716	
0.232291	0.24968	0.232291	-0.249685	0.232291	0.24968	0.232291	-0.249685	
0.231366	0.249645	0.231366	-0.249651	0.231366	0.249645	0.231366	-0.249651	
0.230418	0.249608	0.230418	-0.249614	0.230418	0.249608	0.230418	-0.249614	
0.229449	0.249567	0.229449	-0.249575	0.229449	0.249567	0.229449	-0.249575	
0.228458	0.249524	0.228458	-0.249533	0.228458	0.249524	0.228458	-0.249533	
0.227445	0.249477	0.227445	-0.249488	0.227445	0.249477	0.227445	-0.249488	
0.22641	0.249428	0.22641	-0.24944	0.22641	0.249428	0.22641	-0.24944	
0.225355	0.249375	0.225355	-0.249388	0.225355	0.249375	0.225355	-0.249388	
0.224278	0.249318	0.224278	-0.249333	0.224278	0.249318	0.224278	-0.249333	
0.22318	0.249257	0.22318	-0.249275	0.22318	0.249257	0.22318	-0.249275	
0.222062	0.249193	0.222062	-0.249213	0.222062	0.249193	0.222062	-0.249213	
0.220923	0.249125	0.220923	-0.249147	0.220923	0.249125	0.220923	-0.249147	
0.219763	0.249052	0.219763	-0.249077	0.219763	0.249052	0.219763	-0.249077	
0.218583	0.248975	0.218583	-0.249003	0.218583	0.248975	0.218583	-0.249003	
0.217383	0.248894	0.217383	-0.248925	0.217383	0.248894	0.217383	-0.248925	
0.216163	0.248808	0.216163	-0.248843	0.216163	0.248808	0.216163	-0.248843	
0.214924	0.248717	0.214924	-0.248756	0.214924	0.248717	0.214924	-0.248756	
0.213664	0.248621	0.213664	-0.248665	0.213664	0.248621	0.213664	-0.248665	
0.212386	0.24852	0.212386	-0.248569	0.212386	0.24852	0.212386	-0.248569	
0.211088	0.248414	0.211088	-0.248468	0.211088	0.248414	0.211088	-0.248468	
0.209771	0.248302	0.209771	-0.248361	0.209771	0.248302	0.209771	-0.248361	
0.208436	0.248185	0.208436	-0.24825	0.208436	0.248185	0.208436	-0.24825	
0.207082	0.248062	0.207082	-0.248133	0.207082	0.248062	0.207082	-0.248133	
0.205709	0.247932	0.205709	-0.248011	0.205709	0.247932	0.205709	-0.248011	
0.204319	0.247797	0.204319	-0.247884	0.204319	0.247797	0.204319	-0.247884	
0.20291	0.247655	0.20291	-0.24775	0.20291	0.247655	0.20291	-0.24775	
0.201484	0.247507	0.201484	-0.247611	0.201484	0.247507	0.201484	-0.247611	
0.20004	0.247351	0.20004	-0.247465	0.20004	0.247351	0.20004	-0.247465	
0.198579	0.247189	0.198579	-0.247313	0.198579	0.247189	0.198579	-0.247313	
0.197101	0.24702	0.197101	-0.247155	0.197101	0.24702	0.197101	-0.247155	
0.195606	0.246844	0.195606	-0.246991	0.195606	0.246844	0.195606	-0.246991	
0.194095	0.24666	0.194095	-0.24682	0.194095	0.24666	0.194095	-0.24682	
0.192566	0.246468	0.192566	-0.246642	0.192566	0.246468	0.192566	-0.246642	
0.191022	0.246269	0.191022	-0.246457	0.191022	0.246269	0.191022	-0.246457	
0.189462	0.246062	0.189462	-0.246265	0.189462	0.246062	0.189462	-0.246265	
0.187886	0.245846	0.187886	-0.246066	0.187886	0.245846	0.187886	-0.246066	
0.186295	0.245623	0.186295	-0.24586	0.186295	0.245623	0.186295	-0.24586	
0.184688	0.24539	0.184688	-0.245646	0.184688	0.24539	0.184688	-0.245646	
0.183066	0.245149	0.183066	-0.245425	0.183066	0.245149	0.183066	-0.245425	
0.18143	0.244899	0.18143	-0.245196	0.18143	0.244899	0.18143	-0.245196	
0.179779	0.24464	0.179779	-0.244959	0.179779	0.24464	0.179779	-0.244959	
0.178114	0.244371	0.178114	-0.244714	0.178114	0.244371	0.178114	-0.244714	
0.176434	0.244094	0.176434	-0.244461	0.176434	0.244094	0.176434	-0.244461	
0.174741	0.243806	0.174741	-0.2442	0.174741	0.243806	0.174741	-0.2442	
0.173034	0.243509	0.173034	-0.24393	0.173034	0.243509	0.173034	-0.24393	
0.171314	0.243201	0.171314	-0.243652	0.171314	0.243201	0.171314	-0.243652	
0.169581	0.242884	0.169581	-0.243366	0.169581	0.242884	0.169581	-0.243366	
0.167835	0.242556	0.167835	-0.24307	0.167835	0.242556	0.167835	-0.24307	
0.166077	0.242218	0.166077	-0.242766	0.166077	0.242218	0.166077	-0.242766	
0.164306	0.241869	0.164306	-0.242453	0.164306	0.241869	0.164306	-0.242453	
0.162524	0.241509	0.162524	-0.242131	0.162524	0.241509	0.162524	-0.242131	
0.160729	0.241138	0.160729	-0.241799	0.160729	0.241138	0.160729	-0.241799	
0.158923	0.240755	0.158923	-0.241459	0.158923	0.240755	0.158923	-0.241459	
0.157106	0.240362	0.157106	-0.241109	0.157106	0.240362	0.157106	-0.241109	
0.155278	0.239957	0.155278	-0.24075	0.155278	0.239957	0.155278	-0.24075	
0.153439	0.23954	0.153439	-0.240381	0.153439	0.23954	0.153439	-0.240381	
0.151589	0.239111	0.151589	-0.240002	0.151589	0.239111	0.151589	-0.240002	
0.14973	0.23867	0.14973	-0.239614	0.14973	0.23867	0.14973	-0.239614	
0.14786	0.238217	0.14786	-0.239216	0.14786	0.238217	0.14786	-0.239216	
0.145981	0.237752	0.145981	-0.238807	0.145981	0.237752	0.145981	-0.238807	
0.144092	0.237274	0.144092	-0.238389	0.144092	0.237274	0.144092	-0.238389	
0.142195	0.236784	0.142195	-0.237961	0.142195	0.236784	0.142195	-0.237961	
0.140288	0.236281	0.140288	-0.237523	0.140288	0.236281	0.140288	-0.237523	
0.138373	0.235765	0.138373	-0.237074	0.138373	0.235765	0.138373	-0.237074	
0.13645	0.235235	0.13645	-0.236615	0.13645	0.235235	0.13645	-0.236615	
0.134519	0.234693	0.134519	-0.236146	0.134519	0.234693	0.134519	-0.236146	
0.13258	0.234137	0.13258	-0.235666	0.13258	0.234137	0.13258	-0.235666	
0.130633	0.233568	0.130633	-0.235176	0.130633	0.233568	0.130633	-0.235176	
0.128679	0.232985	0.128679	-0.234675	0.128679	0.232985	0.128679	-0.234675	
0.126719	0.232389	0.126719	-0.234164	0.126719	0.232389	0.126719	-0.234164	
0.124752	0.231778	0.124752	-0.233642	0.124752	0.231778	0.124752	-0.233642	
0.122778	0.231154	0.122778	-0.233109	0.122778	0.231154	0.122778	-0.233109	
0.120798	0.230516	0.120798	-0.232566	0.120798	0.230516	0.120798	-0.232566	
0.118813	0.229863	0.118813	-0.232012	0.118813	0.229863	0.118813	-0.232012	
0.116822	0.229197	0.116822	-0.231447	0.116822	0.229197	0.116822	-0.231447	
0.114826	0.228515	0.114826	-0.230871	0.114826	0.228515	0.114826	-0.230871	
0.112825	0.22782	0.112825	-0.230285	0.112825	0.22782	0.112825	-0.230285	
0.11082	0.22711	0.11082	-0.229687	0.11082	0.22711	0.11082	-0.229687	
0.10881	0.226385	0.10881	-0.229079	0.10881	0.226385	0.10881	-0.229079	
0.106796	0.225645	0.106796	-0.228459	0.106796	0.225645	0.106796	-0.228459	
0.104778	0.224891	0.104778	-0.227829	0.104778	0.224891	0.104778	-0.227829	
0.102757	0.224122	0.102757	-0.227188	0.102757	0.224122	0.102757	-0.227188	
0.100732	0.223338	0.100732	-0.226536	0.100732	0.223338	0.100732	-0.226536	
0.0987046	0.222539	0.0987046	-0.225873	0.0987046	0.222539	0.0987046	-0.225873	
0.0966746	0.221725	0.0966746	-0.225199	0.0966746	0.221725	0.0966746	-0.225199	
0.0946422	0.220895	0.0946422	-0.224515	0.0946422	0.220895	0.0946422	-0.224515	
0.0926077	0.220051	0.0926077	-0.223819	0.0926077	0.220051	0.0926077	-0.223819	
0.0905714	0.219192	0.0905714	-0.223113	0.0905714	0.219192	0.0905714	-0.223113	
0.0885337	0.218317	0.0885337	-0.222395	0.0885337	0.218317	0.0885337	-0.222395	
0.0864948	0.217427	0.0864948	-0.221667	0.0864948	0.217427	0.0864948	-0.221667	
0.084455	0.216522	0.084455	-0.220928	0.084455	0.216522	0.084455	-0.220928	
0.0824145	0.215602	0.0824145	-0.220179	0.0824145	0.215602	0.0824145	-0.220179	
0.0803737	0.214666	0.0803737	-0.219418	0.0803737	0.214666	0.0803737	-0.219418	
0.0783329	0.213715	0.0783329	-0.218647	0.0783329	0.213715	0.0783329	-0.218647	
0.0762923	0.212749	0.0762923	-0.217866	0.0762923	0.212749	0.0762923	-0.217866	
0.0742522	0.211767	0.0742522	-0.217074	0.0742522	0.211767	0.0742522	-0.217074	
0.0722129	0.210771	0.0722129	-0.216271	0.0722129	0.210771	0.0722129	-0.216271	
0.0701748	0.209759	0.0701748	-0.215458	0.0701748	0.209759	0.0701748	-0.215458	
0.068138	0.208732	0.068138	-0.214635	0.068138	0.208732	0.068138	-0.214635	
0.0661029	0.207689	0.0661029	-0.213801	0.0661029	0.207689	0.0661029	-0.213801	
0.0640698	0.206632	0.0640698	-0.212958	0.0640698	0.206632	0.0640698	-0.212958	
0.0620389	0.205559	0.0620389	-0.212104	0.0620389	0.205559	0.0620389	-0.212104	
0.0600105	0.204472	0.0600105	-0.21124	0.0600105	0.204472	0.0600105	-0.21124	
0.057985	0.203369	0.057985	-0.210366	0.057985	0.203369	0.057985	-0.210366	
0.0559625	0.202252	0.0559625	-0.209482	0.0559625	0.202252	0.0559625	-0.209482	
0.0539434	0.20112	0.0539434	-0.208588	0.0539434	0.20112	0.0539434	-0.208588	
0.051928	0.199973	0.051928	-0.207685	0.051928	0.199973	0.051928	-0.207685	
0.0499166	0.198811	0.0499166	-0.206772	0.0499166	0.198811	0.0499166	-0.206772	
0.0479093	0.197635	0.0479093	-0.20585	0.0479093	0.197635	0.0479093	-0.20585	
0.0459066	0.196444	0.0459066	-0.204918	0.0459066	0.196444	0.0459066	-0.204918	
0.0439086	0.195239	0.0439086	-0.203977	0.0439086	0.195239	0.0439086	-0.203977	
0.0419157	0.194019	0.0419157	-0.203027	0.0419157	0.194019	0.0419157	-0.203027	
0.0399282	0.192786	0.0399282	-0.202068	0.0399282	0.192786	0.0399282	-0.202068	
0.0379462	0.191538	0.0379462	-0.2011	0.0379462	0.191538	0.0379462	-0.2011	
0.0359701	0.190277	0.0359701	-0.200124	0.0359701	0.190277	0.0359701	-0.200124	
0.0340003	0.189002	0.0340003	-0.199139	0.0340003	0.189002	0.0340003	-0.199139	
0.0320368	0.187713	0.0320368	-0.198145	0.0320368	0.187713	0.0320368	-0.198145	
0.03008	0.186411	0.03008	-0.197143	0.03008	0.186411	0.03008	-0.197143	
0.0281303	0.185095	0.0281303	-0.196133	0.0281303	0.185095	0.0281303	-0.196133	
0.0261877	0.183767	0.0261877	-0.195114	0.0261877	0.183767	0.0261877	-0.195114	
0.0242527	0.182425	0.0242527	-0.194088	0.0242527	0.182425	0.0242527	-0.194088	
0.0223255	0.181071	0.0223255	-0.193055	0.0223255	0.181071	0.0223255	-0.193055	
0.0204063	0.179704	0.0204063	-0.192013	0.0204063	0.179704	0.0204063	-0.192013	
0.0184954	0.178324	0.0184954	-0.190964	0.0184954	0.178324	0.0184954	-0.190964	
0.016593	0.176933	0.016593	-0.189908	0.016593	0.176933	0.016593	-0.189908	
0.0146995	0.175529	0.0146995	-0.188845	0.0146995	0.175529	0.0146995	-0.188845	
0.0128151	0.174114	0.0128151	-0.187775	0.0128151	0.174114	0.0128151	-0.187775	
0.0109401	0.172687	0.0109401	-0.186699	0.0109401	0.172687	0.0109401	-0.186699	
0.00907457	0.171249	0.00907457	-0.185615	0.00907457	0.171249	0.00907457	-0.185615	
0.00721894	0.169799	0.00721894	-0.184526	0.00721894	0.169799	0.00721894	-0.184526	
0.00537341	0.168339	0.00537341	-0.18343	0.00537341	0.168339	0.00537341	-0.18343	
0.00353821	0.166868	0.00353821	-0.182328	0.00353821	0.166868	0.00353821	-0.182328	
0.00171361	0.165386	0.00171361	-0.18122	0.00171361	0.165386	0.00171361	-0.18122	
-0.000100149	0.163895	-0.000100149	-0.180107	-0.000100149	0.163895	-0.000100149	-0.180107	
-0.00190284	0.162393	-0.00190284	-0.178988	-0.00190284	0.162393	-0.00190284	-0.178988	
-0.00369421	0.160882	-0.00369421	-0.177864	-0.00369421	0.160882	-0.00369421	-0.177864	
-0.00547402	0.159362	-0.00547402	-0.176735	-0.00547402	0.159362	-0.00547402	-0.176735	
-0.00724205	0.157832	-0.00724205	-0.175601	-0.00724205	0.157832	-0.00724205	-0.175601	
-0.00899805	0.156294	-0.00899805	-0.174463	-0.00899805	0.156294	-0.00899805	-0.174463	
-0.0107418	0.154747	-0.0107418	-0.17332	-0.0107418	0.154747	-0.0107418	-0.17332	
-0.0124731	0.153192	-0.0124731	-0.172173	-0.0124731	0.153192	-0.0124731	-0.172173	
-0.0141917	0.151629	-0.0141917	-0.171021	-0.0141917	0.151629	-0.0141917	-0.171021	
-0.0158973	0.150058	-0.0158973	-0.169866	-0.0158973	0.150058	-0.0158973	-0.169866	
-0.0175898	0.14848	-0.0175898	-0.168708	-0.0175898	0.14848	-0.0175898	-0.168708	
-0.0192689	0.146895	-0.0192689	-0.167546	-0.0192689	0.146895	-0.0192689	-0.167546	
-0.0209345	0.145304	-0.0209345	-0.16638	-0.0209345	0.145304	-0.0209345	-0.16638	
-0.0225863	0.143706	-0.0225863	-0.165212	-0.0225863	0.143706	-0.0225863	-0.165212	
-0.0242241	0.142102	-0.0242241	-0.164041	-0.0242241	0.142102	-0.0242241	-0.164041	
-0.0258477	0.140492	-0.0258477	-0.162868	-0.0258477	0.140492	-0.0258477	-0.162868	
-0.0274569	0.138876	-0.0274569	-0.161692	-0.0274569	0.138876	-0.0274569	-0.161692	
-0.0290515	0.137256	-0.0290515	-0.160514	-0.0290515	0.137256	-0.0290515	-0.160514	
-0.0306313	0.135631	-0.0306313	-0.159334	-0.0306313	0.135631	-0.0306313	-0.159334	
-0.0321961	0.134002	-0.0321961	-0.158153	-0.0321961	0.134002	-0.0321961	-0.158153	
-0.0337457	0.132368	-0.0337457	-0.15697	-0.0337457	0.132368	-0.0337457	-0.15697	
-0.03528	0.130731	-0.03528	-0.155786	-0.03528	0.130731	-0.03528	-0.155786	
-0.0367987	0.129091	-0.0367987	-0.154601	-0.0367987	0.129091	-0.0367987	-0.154601	
-0.0383018	0.127447	-0.0383018	-0.153415	-0.0383018	0.127447	-0.0383018	-0.153415	
-0.0397889	0.125801	-0.0397889	-0.152229	-0.0397889	0.125801	-0.0397889	-0.152229	
-0.04126	0.124153	-0.04126	-0.151043	-0.04126	0.124153	-0.04126	-0.151043	
-0.0427148	0.122503	-0.0427148	-0.149856	-0.0427148	0.122503	-0.0427148	-0.149856	
-0.0441532	0.120851	-0.0441532	-0.14867	-0.0441532	0.120851	-0.0441532	-0.14867	
-0.0455751	0.119199	-0.0455751	-0.147483	-0.0455751	0.119199	-0.0455751	-0.147483	
-0.0469803	0.117545	-0.0469803	-0.146298	-0.0469803	0.117545	-0.0469803	-0.146298	
-0.0483686	0.115891	-0.0483686	-0.145113	-0.0483686	0.115891	-0.0483686	-0.145113	
-0.0497399	0.114237	-0.0497399	-0.14393	-0.0497399	0.114237	-0.0497399	-0.14393	
-0.051094	0.112584	-0.051094	-0.142747	-0.051094	0.112584	-0.051094	-0.142747	
-0.0524308	0.110931	-0.0524308	-0.141567	-0.0524308	0.110931	-0.0524308	-0.141567	
-0.0537502	0.109279	-0.0537502	-0.140387	-0.0537502	0.109279	-0.0537502	-0.140387	
-0.0550521	0.107629	-0.0550521	-0.13921	-0.0550521	0.107629	-0.0550521	-0.13921	
-0.0563362	0.105981	-0.0563362	-0.138035	-0.0563362	0.105981	-0.0563362	-0.138035	
-0.0576025	0.104335	-0.0576025	-0.136863	-0.0576025	0.104335	-0.0576025	-0.136863	
-0.0588509	0.102691	-0.0588509	-0.135693	-0.0588509	0.102691	-0.0588509	-0.135693	
-0.0600812	0.101051	-0.0600812	-0.134526	-0.0600812	0.101051	-0.0600812	-0.134526	
-0.0612934	0.0994142	-0.0612934	-0.133362	-0.0612934	0.0994142	-0.0612934	-0.133362	
-0.0624873	0.0977811	-0.0624873	-0.132201	-0.0624873	0.0977811	-0.0624873	-0.132201	
-0.0636628	0.0961522	-0.0636628	-0.131043	-0.0636628	0.0961522	-0.0636628	-0.131043	
-0.0648198	0.094528	-0.0648198	-0.12989	-0.0648198	0.094528	-0.0648198	-0.12989	
-0.0659583	0.0929086	-0.0659583	-0.12874	-0.0659583	0.0929086	-0.0659583	-0.12874	
-0.0670781	0.0912947	-0.0670781	-0.127595	-0.0670781	0.0912947	-0.0670781	-0.127595	
-0.0681792	0.0896864	-0.0681792	-0.126453	-0.0681792	0.0896864	-0.0681792	-0.126453	
-0.0692614	0.0880843	-0.0692614	-0.125317	-0.0692614	0.0880843	-0.0692614	-0.125317	
-0.0703248	0.0864887	-0.0703248	-0.124185	-0.0703248	0.0864887	-0.0703248	-0.124185	
-0.0713692	0.0848999	-0.0713692	-0.123058	-0.0713692	0.0848999	-0.0713692	-0.123058	
-0.0723945	0.0833184	-0.0723945	-0.121936	-0.0723945	0.0833184	-0.0723945	-0.121936	
-0.0734008	0.0817446	-0.0734008	-0.120819	-0.0734008	0.0817446	-0.0734008	-0.120819	
-0.0743879	0.0801787	-0.0743879	-0.119708	-0.0743879	0.0801787	-0.0743879	-0.119708	
-0.0753558	0.0786211	-0.0753558	-0.118603	-0.0753558	0.0786211	-0.0753558	-0.118603	
-0.0763044	0.0770724	-0.0763044	-0.117503	-0.0763044	0.0770724	-0.0763044	-0.117503	
-0.0772338	0.0755327	-0.0772338	-0.11641	-0.0772338	0.0755327	-0.0772338	-0.11641	
-0.0781438	0.0740025	-0.0781438	-0.115323	-0.0781438	0.0740025	-0.0781438	-0.115323	
-0.0790345	0.0724821	-0.0790345	-0.114243	-0.0790345	0.0724821	-0.0790345	-0.114243	
-0.0799057	0.0709718	-0.0799057	-0.113169	-0.0799057	0.0709718	-0.0799057	-0.113169	
-0.0807576	0.0694722	-0.0807576	-0.112102	-0.0807576	0.0694722	-0.0807576	-0.112102	
-0.08159	0.0679834	-0.08159	-0.111042	-0.08159	0.0679834	-0.08159	-0.111042	
-0.0824029	0.0665058	-0.0824029	-0.109989	-0.0824029	0.0665058	-0.0824029	-0.109989	
-0.0831964	0.0650398	-0.0831964	-0.108944	-0.0831964	0.0650398	-0.0831964	-0.108944	
-0.0839704	0.0635858	-0.0839704	-0.107906	-0.0839704	0.0635858	-0.0839704	-0.107906	
-0.0847249	0.062144	-0.0847249	-0.106875	-0.0847249	0.062144	-0.0847249	-0.106875	
-0.08546	0.0607148	-0.08546	-0.105853	-0.08546	0.0607148	-0.08546	-0.105853	
-0.0861756	0.0592984	-0.0861756	-0.104838	-0.0861756	0.0592984	-0.0861756	-0.104838	
-0.0868718	0.0578954	-0.0868718	-0.103832	-0.0868718	0.0578954	-0.0868718	-0.103832	
-0.0875485	0.0565059	-0.0875485	-0.102834	-0.0875485	0.0565059	-0.0875485	-0.102834	
-0.0882058	0.0551302	-0.0882058	-0.101844	-0.0882058	0.0551302	-0.0882058	-0.101844	
-0.0888438	0.0537687	-0.0888438	-0.100863	-0.0888438	0.0537687	-0.0888438	-0.100863	
-0.0894624	0.0524217	-0.0894624	-0.0998907	-0.0894624	0.0524217	-0.0894624	-0.0998907	
-0.0900617	0.0510895	-0.0900617	-0.098927	-0.0900617	0.0510895	-0.0900617	-0.098927	
-0.0906418	0.0497723	-0.0906418	-0.0979723	-0.0906418	0.0497723	-0.0906418	-0.0979723	
-0.0912026	0.0484705	-0.0912026	-0.0970267	-0.0912026	0.0484705	-0.0912026	-0.0970267	
-0.0917443	0.0471843	-0.0917443	-0.0960903	-0.0917443	0.0471843	-0.0917443	-0.0960903	
-0.0922669	0.045914	-0.0922669	-0.0951631	-0.0922669	0.045914	-0.0922669	-0.0951631	
-0.0927704	0.0446599	-0.0927704	-0.0942454	-0.0927704	0.0446599	-0.0927704	-0.0942454	
-0.0932549	0.0434223	-0.0932549	-0.0933371	-0.0932549	0.0434223	-0.0932549	-0.0933371	
-0.0937205	0.0422013	-0.0937205	-0.0924385	-0.0937205	0.0422013	-0.0937205	-0.0924385	
-0.0941673	0.0409973	-0.0941673	-0.0915496	-0.0941673	0.0409973	-0.0941673	-0.0915496	
-0.0945953	0.0398105	-0.0945953	-0.0906704	-0.0945953	0.0398105	-0.0945953	-0.0906704	
-0.0950046	0.0386412	-0.0950046	-0.0898012	-0.0950046	0.0386412	-0.0950046	-0.0898012	
-0.0953953	0.0374895	-0.0953953	-0.0889419	-0.0953953	0.0374895	-0.0953953	-0.0889419	
-0.0957675	0.0363557	-0.0957675	-0.0880926	-0.0957675	0.0363557	-0.0957675	-0.0880926	
-0.0961213	0.0352399	-0.0961213	-0.0872535	-0.0961213	0.0352399	-0.0961213	-0.0872535	
-0.0964568	0.0341426	-0.0964568	-0.0864245	-0.0964568	0.0341426	-0.0964568	-0.0864245	
-0.0967741	0.0330637	-0.0967741	-0.0856058	-0.0967741	0.0330637	-0.0967741	-0.0856058	
-0.0970733	0.0320035	-0.0970733	-0.0847973	-0.0970733	0.0320035	-0.0970733	-0.0847973	
-0.0973545	0.0309623	-0.0973545	-0.0839993	-0.0973545	0.0309623	-0.0973545	-0.0839993	
-0.0976178	0.0299402	-0.0976178	-0.0832116	-0.0976178	0.0299402	-0.0976178	-0.0832116	
-0.0978633	0.0289373	-0.0978633	-0.0824343	-0.0978633	0.0289373	-0.0978633	-0.0824343	
-0.0980912	0.0279538	-0.0980912	-0.0816676	-0.0980912	0.0279538	-0.0980912	-0.0816676	
-0.0983016	0.02699	-0.0983016	-0.0809113	-0.0983016	0.02699	-0.0983016	-0.0809113	
-0.0984946	0.0260459	-0.0984946	-0.0801656	-0.0984946	0.0260459	-0.0984946	-0.0801656	
-0.0986704	0.0251217	-0.0986704	-0.0794305	-0.0986704	0.0251217	-0.0986704	-0.0794305	
-0.0988291	0.0242175	-0.0988291	-0.0787059	-0.0988291	0.0242175	-0.0988291	-0.0787059	
-0.0989708	0.0233335	-0.0989708	-0.0779919	-0.0989708	0.0233335	-0.0989708	-0.0779919	
-0.0990957	0.0224698	-0.0990957	-0.0772885	-0.0990957	0.0224698	-0.0990957	-0.0772885	
-0.0992039	0.0216265	-0.0992039	-0.0765958	-0.0992039	0.0216265	-0.0992039	-0.0765958	
-0.0992955	0.0208037	-0.0992955	-0.0759136	-0.0992955	0.0208037	-0.0992955	-0.0759136	
-0.0993708	0.0200015	-0.0993708	-0.075242	-0.0993708	0.0200015	-0.0993708	-0.075242	
-0.0994299	0.01922	-0.0994299	-0.074581	-0.0994299	0.01922	-0.0994299	-0.074581	
-0.099473	0.0184593	-0.099473	-0.0739306	-0.099473	0.0184593	-0.099473	-0.0739306	
-0.0995001	0.0177194	-0.0995001	-0.0732907	-0.0995001	0.0177194	-0.0995001	-0.0732907	
-0.0995115	0.0170005	-0.0995115	-0.0726614	-0.0995115	0.0170005	-0.0995115	-0.0726614	
-0.0995074	0.0163026	-0.0995074	-0.0720425	-0.0995074	0.0163026	-0.0995074	-0.0720425	
-0.0994879	0.0156257	-0.0994879	-0.0714341	-0.0994879	0.0156257	-0.0994879	-0.0714341	
-0.0994532	0.0149699	-0.0994532	-0.070836	-0.0994532	0.0149699	-0.0994532	-0.070836	
-0.0994034	0.0143352	-0.0994034	-0.0702483	-0.0994034	0.0143352	-0.0994034	-0.0702483	
-0.0993388	0.0137217	-0.0993388	-0.069671	-0.0993388	0.0137217	-0.0993388	-0.069671	
-0.0992596	0.0131293	-0.0992596	-0.0691038	-0.0992596	0.0131293	-0.0992596	-0.0691038	
-0.0991658	0.0125582	-0.0991658	-0.0685469	-0.0991658	0.0125582	-0.0991658	-0.0685469	
-0.0990578	0.0120082	-0.0990578	-0.068	-0.0990578	0.0120082	-0.0990578	-0.068	
-0.0989356	0.0114794	-0.0989356	-0.0674632	-0.0989356	0.0114794	-0.0989356	-0.0674632	
-0.0987995	0.0109718	-0.0987995	-0.0669364	-0.0987995	0.0109718	-0.0987995	-0.0669364	
-0.0986498	0.0104854	-0.0986498	-0.0664195	-0.0986498	0.0104854	-0.0986498	-0.0664195	
-0.0984864	0.0100201	-0.0984864	-0.0659123	-0.0984864	0.0100201	-0.0984864	-0.0659123	
-0.0983098	0.00957591	-0.0983098	-0.0654149	-0.0983098	0.00957591	-0.0983098	-0.0654149	
-0.09812	0.00915279	-0.09812	-0.0649271	-0.09812	0.00915279	-0.09812	-0.0649271	
-0.0979172	0.00875069	-0.0979172	-0.0644488	-0.0979172	0.00875069	-0.0979172	-0.0644488	
-0.0977018	0.00836955	-0.0977018	-0.0639799	-0.0977018	0.00836955	-0.0977018	-0.0639799	
-0.0974738	0.00800931	-0.0974738	-0.0635203	-0.0974738	0.00800931	-0.0974738	-0.0635203	
-0.0972335	0.0076699	-0.0972335	-0.0630699	-0.0972335	0.0076699	-0.0972335	-0.0630699	
-0.096981	0.00735125	-0.096981	-0.0626286	-0.096981	0.00735125	-0.096981	-0.0626286	
-0.0967167	0.00705327	-0.0967167	-0.0621962	-0.0967167	0.00705327	-0.0967167	-0.0621962	
-0.0964406	0.00677586	-0.0964406	-0.0617726	-0.0964406	0.00677586	-0.0964406	-0.0617726	
-0.096153	0.00651894	-0.096153	-0.0613577	-0.096153	0.00651894	-0.096153	-0.0613577	
-0.0958542	0.00628239	-0.0958542	-0.0609514	-0.0958542	0.00628239	-0.0958542	-0.0609514	
-0.0955443	0.00606611	-0.0955443	-0.0605535	-0.0955443	0.00606611	-0.0955443	-0.0605535	
-0.0952235	0.00586997	-0.0952235	-0.0601639	-0.0952235	0.00586997	-0.0952235	-0.0601639	
-0.0948921	0.00569385	-0.0948921	-0.0597824	-0.0948921	0.00569385	-0.0948921	-0.0597824	
-0.0945502	0.00553762	-0.0945502	-0.0594089	-0.0945502	0.00553762	-0.0945502	-0.0594089	
-0.0941981	0.00540113	-0.0941981	-0.0590433	-0.0941981	0.00540113	-0.0941981	-0.0590433	
-0.093836	0.00528425	-0.093836	-0.0586853	-0.093836	0.00528425	-0.093836	-0.0586853	
-0.093464	0.00518682	-0.093464	-0.0583348	-0.093464	0.00518682	-0.093464	-0.0583348	
-0.0930825	0.00510869	-0.0930825	-0.0579917	-0.0930825	0.00510869	-0.0930825	-0.0579917	
-0.0926917	0.00504968	-0.0926917	-0.0576558	-0.0926917	0.00504968	-0.0926917	-0.0576558	
-0.0922916	0.00500964	-0.0922916	-0.0573269	-0.0922916	0.00500964	-0.0922916	-0.0573269	
-0.0918826	0.00498839	-0.0918826	-0.0570048	-0.0918826	0.00498839	-0.0918826	-0.0570048	
-0.0914649	0.00498574	-0.0914649	-0.0566894	-0.0914649	0.00498574	-0.0914649	-0.0566894	
-0.0910387	0.00500152	-0.0910387	-0.0563805	-0.0910387	0.00500152	-0.0910387	-0.0563805	
-0.0906042	0.00503552	-0.0906042	-0.056078	-0.0906042	0.00503552	-0.0906042	-0.056078	
-0.0901616	0.00508755	-0.0901616	-0.0557815	-0.0901616	0.00508755	-0.0901616	-0.0557815	
-0.0897111	0.00515741	-0.0897111	-0.055491	-0.0897111	0.00515741	-0.0897111	-0.055491	
-0.0892529	0.00524488	-0.0892529	-0.0552063	-0.0892529	0.00524488	-0.0892529	-0.0552063	
-0.0887873	0.00534977	-0.0887873	-0.0549271	-0.0887873	0.00534977	-0.0887873	-0.0549271	
-0.0883145	0.00547185	-0.0883145	-0.0546533	-0.0883145	0.00547185	-0.0883145	-0.0546533	
-0.0878346	0.00561089	-0.0878346	-0.0543847	-0.0878346	0.00561089	-0.0878346	-0.0543847	
-0.0873479	0.00576668	-0.0873479	-0.0541211	-0.0873479	0.00576668	-0.0873479	-0.0541211	
-0.0868545	0.00593897	-0.0868545	-0.0538622	-0.0868545	0.00593897	-0.0868545	-0.0538622	
-0.0863548	0.00612754	-0.0863548	-0.053608	-0.0863548	0.00612754	-0.0863548	-0.053608	
-0.0858489	0.00633215	-0.0858489	-0.0533581	-0.0858489	0.00633215	-0.0858489	-0.0533581	
-0.0853369	0.00655254	-0.0853369	-0.0531125	-0.0853369	0.00655254	-0.0853369	-0.0531125	
-0.0848192	0.00678848	-0.0848192	-0.0528708	-0.0848192	0.00678848	-0.0848192	-0.0528708	
-0.0842959	0.00703971	-0.0842959	-0.0526329	-0.0842959	0.00703971	-0.0842959	-0.0526329	
-0.0837672	0.00730598	-0.0837672	-0.0523985	-0.0837672	0.00730598	-0.0837672	-0.0523985	
-0.0832333	0.00758703	-0.0832333	-0.0521676	-0.0832333	0.00758703	-0.0832333	-0.0521676	
-0.0826944	0.0078826	-0.0826944	-0.0519398	-0.0826944	0.0078826	-0.0826944	-0.0519398	
-0.0821507	0.00819242	-0.0821507	-0.0517149	-0.0821507	0.00819242	-0.0821507	-0.0517149	
-0.0816025	0.00851622	-0.0816025	-0.0514928	-0.0816025	0.00851622	-0.0816025	-0.0514928	
-0.0810498	0.00885374	-0.0810498	-0.0512733	-0.0810498	0.00885374	-0.0810498	-0.0512733	
-0.0804929	0.0092047	-0.0804929	-0.051056	-0.0804929	0.0092047	-0.0804929	-0.051056	
-0.079932	0.00956882	-0.079932	-0.0508409	-0.079932	0.00956882	-0.079932	-0.0508409	
-0.0793672	0.00994583	-0.0793672	-0.0506277	-0.0793672	0.00994583	-0.0793672	-0.0506277	
-0.0787988	0.0103354	-0.0787988	-0.0504162	-0.0787988	0.0103354	-0.0787988	-0.0504162	
-0.0782269	0.0107374	-0.0782269	-0.0502062	-0.0782269	0.0107374	-0.0782269	-0.0502062	
-0.0776518	0.0111514	-0.0776518	-0.0499975	-0.0776518	0.0111514	-0.0776518	-0.0499975	
-0.0770736	0.0115771	-0.0770736	-0.0497898	-0.0770736	0.0115771	-0.0770736	-0.0497898	
-0.0764924	0.0120143	-0.0764924	-0.0495831	-0.0764924	0.0120143	-0.0764924	-0.0495831	
-0.0759085	0.0124626	-0.0759085	-0.049377	-0.0759085	0.0124626	-0.0759085	-0.049377	
-0.075322	0.0129219	-0.075322	-0.0491714	-0.075322	0.0129219	-0.075322	-0.0491714	
-0.0747332	0.0133917	-0.0747332	-0.048966	-0.0747332	0.0133917	-0.0747332	-0.048966	
-0.0741421	0.0138718	-0.0741421	-0.0487607	-0.0741421	0.0138718	-0.0741421	-0.0487607	
-0.073549	0.014362	-0.073549	-0.0485553	-0.073549	0.014362	-0.073549	-0.0485553	
-0.0729539	0.0148618	-0.0729539	-0.0483495	-0.0729539	0.0148618	-0.0729539	-0.0483495	
-0.0723572	0.015371	-0.0723572	-0.0481433	-0.0723572	0.015371	-0.0723572	-0.0481433	
-0.0717588	0.0158894	-0.0717588	-0.0479362	-0.0717588	0.0158894	-0.0717588	-0.0479362	
-0.0711591	0.0164165	-0.0711591	-0.0477283	-0.0711591	0.0164165	-0.0711591	-0.0477283	
-0.0705582	0.0169522	-0.0705582	-0.0475193	-0.0705582	0.0169522	-0.0705582	-0.0475193	
-0.0699561	0.0174961	-0.0699561	-0.0473089	-0.0699561	0.0174961	-0.0699561	-0.0473089	
-0.0693531	0.0180479	-0.0693531	-0.0470971	-0.0693531	0.0180479	-0.0693531	-0.0470971	
-0.0687493	0.0186073	-0.0687493	-0.0468836	-0.0687493	0.0186073	-0.0687493	-0.0468836	
-0.0681449	0.0191741	-0.0681449	-0.0466683	-0.0681449	0.0191741	-0.0681449	-0.0466683	
-0.0675399	0.0197479	-0.0675399	-0.0464509	-0.0675399	0.0197479	-0.0675399	-0.0464509	
-0.0669347	0.0203284	-0.0669347	-0.0462314	-0.0669347	0.0203284	-0.0669347	-0.0462314	
-0.0663292	0.0209153	-0.0663292	-0.0460094	-0.0663292	0.0209153	-0.0663292	-0.0460094	
-0.0657236	0.0215084	-0.0657236	-0.045785	-0.0657236	0.0215084	-0.0657236	-0.045785	
-0.0651181	0.0221073	-0.0651181	-0.0455578	-0.0651181	0.0221073	-0.0651181	-0.0455578	
-0.0645128	0.0227118	-0.0645128	-0.0453277	-0.0645128	0.0227118	-0.0645128	-0.0453277	
-0.0639078	0.0233215	-0.0639078	-0.0450946	-0.0639078	0.0233215	-0.0639078	-0.0450946	
-0.0633033	0.0239362	-0.0633033	-0.0448584	-0.0633033	0.0239362	-0.0633033	-0.0448584	
-0.0626993	0.0245556	-0.0626993	-0.0446187	-0.0626993	0.0245556	-0.0626993	-0.0446187	
-0.0620961	0.0251794	-0.0620961	-0.0443757	-0.0620961	0.0251794	-0.0620961	-0.0443757	
-0.0614936	0.0258072	-0.0614936	-0.0441289	-0.0614936	0.0258072	-0.0614936	-0.0441289	
-0.0608922	0.0264389	-0.0608922	-0.0438784	-0.0608922	0.0264389	-0.0608922	-0.0438784	
-0.0602917	0.0270741	-0.0602917	-0.043624	-0.0602917	0.0270741	-0.0602917	-0.043624	
-0.0596925	0.0277126	-0.0596925	-0.0433656	-0.0596925	0.0277126	-0.0596925	-0.0433656	
-0.0590945	0.028354	-0.0590945	-0.043103	-0.0590945	0.028354	-0.0590945	-0.043103	
-0.0584979	0.0289981	-0.0584979	-0.0428361	-0.0584979	0.0289981	-0.0584979	-0.0428361	
-0.0579029	0.0296446	-0.0579029	-0.0425648	-0.0579029	0.0296446	-0.0579029	-0.0425648	
-0.0573094	0.0302933	-0.0573094	-0.0422889	-0.0573094	0.0302933	-0.0573094	-0.0422889	
-0.0567176	0.0309439	-0.0567176	-0.0420085	-0.0567176	0.0309439	-0.0567176	-0.0420085	
-0.0561277	0.031596	-0.0561277	-0.0417232	-0.0561277	0.031596	-0.0561277	-0.0417232	
-0.0555396	0.0322495	-0.0555396	-0.0414332	-0.0555396	0.0322495	-0.0555396	-0.0414332	
-0.0549535	0.0329041	-0.0549535	-0.0411382	-0.0549535	0.0329041	-0.0549535	-0.0411382	
-0.0543696	0.0335594	-0.0543696	-0.0408382	-0.0543696	0.0335594	-0.0543696	-0.0408382	
-0.0537878	0.0342154	-0.0537878	-0.0405331	-0.0537878	0.0342154	-0.0537878	-0.0405331	
-0.0532082	0.0348716	-0.0532082	-0.0402227	-0.0532082	0.0348716	-0.0532082	-0.0402227	
-0.0526311	0.0355279	-0.0526311	-0.0399071	-0.0526311	0.0355279	-0.0526311	-0.0399071	
-0.0520563	0.0361839	-0.0520563	-0.0395862	-0.0520563	0.0361839	-0.0520563	-0.0395862	
-0.0514841	0.0368396	-0.0514841	-0.0392599	-0.0514841	0.0368396	-0.0514841	-0.0392599	
-0.0509145	0.0374945	-0.0509145	-0.0389281	-0.0509145	0.0374945	-0.0509145	-0.0389281	
-0.0503476	0.0381485	-0.0503476	-0.0385907	-0.0503476	0.0381485	-0.0503476	-0.0385907	
-0.0497834	0.0388014	-0.0497834	-0.0382478	-0.0497834	0.0388014	-0.0497834	-0.0382478	
-0.049222	0.0394528	-0.049222	-0.0378993	-0.049222	0.0394528	-0.049222	-0.0378993	
-0.0486636	0.0401026	-0.0486636	-0.0375451	-0.0486636	0.0401026	-0.0486636	-0.0375451	
-0.0481081	0.0407506	-0.0481081	-0.0371852	-0.0481081	0.0407506	-0.0481081	-0.0371852	
-0.0475556	0.0413964	-0.0475556	-0.0368196	-0.0475556	0.0413964	-0.0475556	-0.0368196	
-0.0470062	0.04204	-0.0470062	-0.0364483	-0.0470062	0.04204	-0.0470062	-0.0364483	
-0.04646	0.0426811	-0.04646	-0.0360712	-0.04646	0.0426811	-0.04646	-0.0360712	
-0.045917	0.0433194	-0.045917	-0.0356883	-0.045917	0.0433194	-0.045917	-0.0356883	
-0.0453773	0.0439548	-0.0453773	-0.0352997	-0.0453773	0.0439548	-0.0453773	-0.0352997	
-0.0448409	0.0445871	-0.0448409	-0.0349053	-0.0448409	0.0445871	-0.0448409	-0.0349053	
-0.044308	0.045216	-0.044308	-0.0345051	-0.044308	0.045216	-0.044308	-0.0345051	
-0.0437785	0.0458414	-0.0437785	-0.0340991	-0.0437785	0.0458414	-0.0437785	-0.0340991	
-0.0432524	0.046463	-0.0432524	-0.0336874	-0.0432524	0.046463	-0.0432524	-0.0336874	
-0.04273	0.0470807	-0.04273	-0.0332699	-0.04273	0.0470807	-0.04273	-0.0332699	
-0.0422111	0.0476944	-0.0422111	-0.0328468	-0.0422111	0.0476944	-0.0422111	-0.0328468	
-0.0416959	0.0483037	-0.0416959	-0.0324179	-0.0416959	0.0483037	-0.0416959	-0.0324179	
-0.0411844	0.0489085	-0.0411844	-0.0319835	-0.0411844	0.0489085	-0.0411844	-0.0319835	
-0.0406767	0.0495087	-0.0406767	-0.0315434	-0.0406767	0.0495087	-0.0406767	-0.0315434	
-0.0401727	0.0501041	-0.0401727	-0.0310978	-0.0401727	0.0501041	-0.0401727	-0.0310978	
-0.0396725	0.0506945	-0.0396725	-0.0306467	-0.0396725	0.0506945	-0.0396725	-0.0306467	
-0.0391763	0.0512798	-0.0391763	-0.0301902	-0.0391763	0.0512798	-0.0391763	-0.0301902	
-0.0386839	0.0518598	-0.0386839	-0.0297283	-0.0386839	0.0518598	-0.0386839	-0.0297283	
-0.0381955	0.0524343	-0.0381955	-0.0292611	-0.0381955	0.0524343	-0.0381955	-0.0292611	
-0.037711	0.0530032	-0.037711	-0.0287886	-0.037711	0.0530032	-0.037711	-0.0287886	
-0.0372306	0.0535663	-0.0372306	-0.028311	-0.0372306	0.0535663	-0.0372306	-0.028311	
-0.0367542	0.0541235	-0.0367542	-0.0278284	-0.0367542	0.0541235	-0.0367542	-0.0278284	
-0.0362819	0.0546747	-0.0362819	-0.0273407	-0.0362819	0.0546747	-0.0362819	-0.0273407	
-0.0358137	0.0552198	-0.0358137	-0.0268482	-0.0358137	0.0552198	-0.0358137	-0.0268482	
-0.0353497	0.0557585	-0.0353497	-0.0263509	-0.0353497	0.0557585	-0.0353497	-0.0263509	
-0.0348898	0.0562908	-0.0348898	-0.0258489	-0.0348898	0.0562908	-0.0348898	-0.0258489	
-0.0344342	0.0568165	-0.0344342	-0.0253423	-0.0344342	0.0568165	-0.0344342	-0.0253423	
-0.0339828	0.0573356	-0.0339828	-0.0248313	-0.0339828	0.0573356	-0.0339828	-0.0248313	
-0.0335356	0.0578479	-0.0335356	-0.0243159	-0.0335356	0.0578479	-0.0335356	-0.0243159	
-0.0330927	0.0583533	-0.0330927	-0.0237962	-0.0330927	0.0583533	-0.0330927	-0.0237962	
-0.0326541	0.0588517	-0.0326541	-0.0232725	-0.0326541	0.0588517	-0.0326541	-0.0232725	
-0.0322198	0.0593429	-0.0322198	-0.0227448	-0.0322198	0.0593429	-0.0322198	-0.0227448	
-0.0317899	0.059827	-0.0317899	-0.0222133	-0.0317899	0.059827	-0.0317899	-0.0222133	
-0.0313644	0.0603037	-0.0313644	-0.0216781	-0.0313644	0.0603037	-0.0313644	-0.0216781	
-0.0309433	0.0607731	-0.0309433	-0.0211393	-0.0309433	0.0607731	-0.0309433	-0.0211393	
-0.0305265	0.0612349	-0.0305265	-0.0205971	-0.0305265	0.0612349	-0.0305265	-0.0205971	
-0.0301142	0.0616892	-0.0301142	-0.0200516	-0.0301142	0.0616892	-0.0301142	-0.0200516	
-0.0297064	0.0621359	-0.0297064	-0.0195031	-0.0297064	0.0621359	-0.0297064	-0.0195031	
-0.029303	0.0625748	-0.029303	-0.0189516	-0.029303	0.0625748	-0.029303	-0.0189516	
-0.0289041	0.0630059	-0.0289041	-0.0183972	-0.0289041	0.0630059	-0.0289041	-0.0183972	
-0.0285097	0.0634291	-0.0285097	-0.0178403	-0.0285097	0.0634291	-0.0285097	-0.0178403	
-0.0281199	0.0638444	-0.0281199	-0.0172809	-0.0281199	0.0638444	-0.0281199	-0.0172809	
-0.0277345	0.0642517	-0.0277345	-0.0167192	-0.0277345	0.0642517	-0.0277345	-0.0167192	
-0.0273537	0.0646509	-0.0273537	-0.0161554	-0.0273537	0.0646509	-0.0273537	-0.0161554	
-0.0269775	0.065042	-0.0269775	-0.0155896	-0.0269775	0.065042	-0.0269775	-0.0155896	
-0.0266058	0.0654249	-0.0266058	-0.0150221	-0.0266058	0.0654249	-0.0266058	-0.0150221	
-0.0262388	0.0657996	-0.0262388	-0.014453	-0.0262388	0.0657996	-0.0262388	-0.014453	
-0.0258763	0.0661661	-0.0258763	-0.0138824	-0.0258763	0.0661661	-0.0258763	-0.0138824	
-0.0255184	0.0665242	-0.0255184	-0.0133107	-0.0255184	0.0665242	-0.0255184	-0.0133107	
-0.0251652	0.066874	-0.0251652	-0.0127379	-0.0251652	0.066874	-0.0251652	-0.0127379	
-0.0248165	0.0672153	-0.0248165	-0.0121643	-0.0248165	0.0672153	-0.0248165	-0.0121643	
-0.0244726	0.0675483	-0.0244726	-0.01159	-0.0244726	0.0675483	-0.0244726	-0.01159	
-0.0241332	0.0678728	-0.0241332	-0.0110152	-0.0241332	0.0678728	-0.0241332	-0.0110152	
-0.0237986	0.0681889	-0.0237986	-0.0104402	-0.0237986	0.0681889	-0.0237986	-0.0104402	
-0.0234686	0.0684964	-0.0234686	-0.00986514	-0.0234686	0.0684964	-0.0234686	-0.00986514	
-0.0231432	0.0687955	-0.0231432	-0.00929019	-0.0231432	0.0687955	-0.0231432	-0.00929019	
-0.0228226	0.069086	-0.0228226	-0.00871555	-0.0228226	0.069086	-0.0228226	-0.00871555	
-0.0225067	0.0693679	-0.0225067	-0.00814144	-0.0225067	0.0693679	-0.0225067	-0.00814144	
-0.0221954	0.0696413	-0.0221954	-0.00756805	-0.0221954	0.0696413	-0.0221954	-0.00756805	
-0.0218889	0.0699061	-0.0218889	-0.00699559	-0.0218889	0.0699061	-0.0218889	-0.00699559	
-0.0215871	0.0701623	-0.0215871	-0.00642425	-0.0215871	0.0701623	-0.0215871	-0.00642425	
-0.0212899	0.07041	-0.0212899	-0.00585423	-0.0212899	0.07041	-0.0212899	-0.00585423	
-0.0209976	0.0706491	-0.0209976	-0.00528574	-0.0209976	0.0706491	-0.0209976	-0.00528574	
-0.0207099	0.0708795	-0.0207099	-0.00471898	-0.0207099	0.0708795	-0.0207099	-0.00471898	
-0.020427	0.0711014	-0.020427	-0.00415415	-0.020427	0.0711014	-0.020427	-0.00415415	
-0.0201488	0.0713148	-0.0201488	-0.00359146	-0.0201488	0.0713148	-0.0201488	-0.00359146	
-0.0198754	0.0715196	-0.0198754	-0.00303109	-0.0198754	0.0715196	-0.0198754	-0.00303109	
-0.0196067	0.0717158	-0.0196067	-0.00247326	-0.0196067	0.0717158	-0.0196067	-0.00247326	
-0.0193428	0.0719035	-0.0193428	-0.00191817	-0.0193428	0.0719035	-0.0193428	-0.00191817	
-0.0190836	0.0720826	-0.0190836	-0.001366	-0.0190836	0.0720826	-0.0190836	-0.001366	
-0.0188292	0.0722533	-0.0188292	-0.000816974	-0.0188292	0.0722533	-0.0188292	-0.000816974	
-0.0185795	0.0724155	-0.0185795	-0.000271274	-0.0185795	0.0724155	-0.0185795	-0.000271274	
-0.0183346	0.0725692	-0.0183346	0.0002709	-0.0183346	0.0725692	-0.0183346	0.0002709	
-0.0180945	0.0727145	-0.0180945	0.000809352	-0.0180945	0.0727145	-0.0180945	0.000809352	
-0.0178591	0.0728514	-0.0178591	0.00134389	-0.0178591	0.0728514	-0.0178591	0.00134389	
-0.0176285	0.0729799	-0.0176285	0.00187432	-0.0176285	0.0729799	-0.0176285	0.00187432	
-0.0174026	0.0731	-0.0174026	0.00240046	-0.0174026	0.0731	-0.0174026	0.00240046	
-0.0171816	0.0732119	-0.0171816	0.00292211	-0.0171816	0.0732119	-0.0171816	0.00292211	
-0.0169653	0.0733154	-0.0169653	0.00343909	-0.0169653	0.0733154	-0.0169653	0.00343909	
-0.0167537	0.0734108	-0.0167537	0.00395122	-0.0167537	0.0734108	-0.0167537	0.00395122	
-0.0165469	0.0734979	-0.0165469	0.00445831	-0.0165469	0.0734979	-0.0165469	0.00445831	
-0.0163449	0.0735768	-0.0163449	0.00496018	-0.0163449	0.0735768	-0.0163449	0.00496018	
-0.0161477	0.0736476	-0.0161477	0.00545666	-0.0161477	0.0736476	-0.0161477	0.00545666	
-0.0159552	0.0737104	-0.0159552	0.00594757	-0.0159552	0.0737104	-0.0159552	0.00594757	
-0.0157675	0.073765	-0.0157675	0.00643275	-0.0157675	0.073765	-0.0157675	0.00643275	
-0.0155845	0.0738117	-0.0155845	0.00691202	-0.0155845	0.0738117	-0.0155845	0.00691202	
-0.0154063	0.0738505	-0.0154063	0.00738522	-0.0154063	0.0738505	-0.0154063	0.00738522	
-0.0152328	0.0738813	-0.0152328	0.00785218	-0.0152328	0.0738813	-0.0152328	0.00785218	
-0.0150641	0.0739043	-0.0150641	0.00831275	-0.0150641	0.0739043	-0.0150641	0.00831275	
-0.0149001	0.0739195	-0.0149001	0.00876677	-0.0149001	0.0739195	-0.0149001	0.00876677	
-0.0147409	0.073927	-0.0147409	0.00921409	-0.0147409	0.073927	-0.0147409	0.00921409	
-0.0145864	0.0739268	-0.0145864	0.00965456	-0.0145864	0.0739268	-0.0145864	0.00965456	
-0.0144366	0.0739189	-0.0144366	0.010088	-0.0144366	0.0739189	-0.0144366	0.010088	
-0.0142915	0.0739034	-0.0142915	0.0105144	-0.0142915	0.0739034	-0.0142915	0.0105144	
-0.0141511	0.0738805	-0.0141511	0.0109334	-0.0141511	0.0738805	-0.0141511	0.0109334	
-0.0140155	0.07385	-0.0140155	0.0113451	-0.0140155	0.07385	-0.0140155	0.0113451	
-0.0138845	0.0738122	-0.0138845	0.0117492	-0.0138845	0.0738122	-0.0138845	0.0117492	
-0.0137582	0.073767	-0.0137582	0.0121457	-0.0137582	0.073767	-0.0137582	0.0121457	
-0.0136366	0.0737145	-0.0136366	0.0125344	-0.0136366	0.0737145	-0.0136366	0.0125344	
-0.0135197	0.0736547	-0.0135197	0.0129151	-0.0135197	0.0736547	-0.0135197	0.0129151	
-0.0134074	0.0735878	-0.0134074	0.0132879	-0.0134074	0.0735878	-0.0134074	0.0132879	
-0.0132998	0.0735138	-0.0132998	0.0136526	-0.0132998	0.0735138	-0.0132998	0.0136526	
-0.0131968	0.0734328	-0.0131968	0.014009	-0.0131968	0.0734328	-0.0131968	0.014009	
-0.0130984	0.0733448	-0.0130984	0.0143571	-0.0130984	0.0733448	-0.0130984	0.0143571	
-0.0130046	0.0732499	-0.0130046	0.0146968	-0.0130046	0.0732499	-0.0130046	0.0146968	
-0.0129155	0.0731481	-0.0129155	0.015028	-0.0129155	0.0731481	-0.0129155	0.015028	
-0.0128309	0.0730395	-0.0128309	0.0153506	-0.0128309	0.0730395	-0.0128309	0.0153506	
-0.0127509	0.0729242	-0.0127509	0.0156645	-0.0127509	0.0729242	-0.0127509	0.0156645	
-0.0126754	0.0728023	-0.0126754	0.0159697	-0.0126754	0.0728023	-0.0126754	0.0159697	
-0.0126045	0.0726738	-0.0126045	0.016266	-0.0126045	0.0726738	-0.0126045	0.016266	
-0.0125381	0.0725388	-0.0125381	0.0165535	-0.0125381	0.0725388	-0.0125381	0.0165535	
-0.0124762	0.0723973	-0.0124762	0.0168321	-0.0124762	0.0723973	-0.0124762	0.0168321	
-0.0124188	0.0722495	-0.0124188	0.0171016	-0.0124188	0.0722495	-0.0124188	0.0171016	
-0.0123659	0.0720953	-0.0123659	0.0173621	-0.0123659	0.0720953	-0.0123659	0.0173621	
-0.0123174	0.0719349	-0.0123174	0.0176135	-0.0123174	0.0719349	-0.0123174	0.0176135	
-0.0122733	0.0717683	-0.0122733	0.0178558	-0.0122733	0.0717683	-0.0122733	0.0178558	
-0.0122337	0.0715956	-0.0122337	0.0180889	-0.0122337	0.0715956	-0.0122337	0.0180889	
-0.0121984	0.0714169	-0.0121984	0.0183129	-0.0121984	0.0714169	-0.0121984	0.0183129	
-0.0121675	0.0712322	-0.0121675	0.0185276	-0.0121675	0.0712322	-0.0121675	0.0185276	
-0.012141	0.0710416	-0.012141	0.018733	-0.012141	0.0710416	-0.012141	0.018733	
-0.0121187	0.0708451	-0.0121187	0.0189292	-0.0121187	0.0708451	-0.0121187	0.0189292	
-0.0121008	0.0706429	-0.0121008	0.0191162	-0.0121008	0.0706429	-0.0121008	0.0191162	
-0.0120871	0.0704351	-0.0120871	0.0192939	-0.0120871	0.0704351	-0.0120871	0.0192939	
-0.0120777	0.0702215	-0.0120777	0.0194623	-0.0120777	0.0702215	-0.0120777	0.0194623	
-0.0120725	0.0700025	-0.0120725	0.0196214	-0.0120725	0.0700025	-0.0120725	0.0196214	
-0.0120715	0.0697779	-0.0120715	0.0197713	-0.0120715	0.0697779	-0.0120715	0.0197713	
-0.0120746	0.069548	-0.0120746	0.019912	-0.0120746	0.069548	-0.0120746	0.019912	
-0.0120819	0.0693126	-0.0120819	0.0200434	-0.0120819	0.0693126	-0.0120819	0.0200434	
-0.0120933	0.069072	-0.0120933	0.0201657	-0.0120933	0.069072	-0.0120933	0.0201657	
-0.0121088	0.0688262	-0.0121088	0.0202788	-0.0121088	0.0688262	-0.0121088	0.0202788	
-0.0121283	0.0685753	-0.0121283	0.0203828	-0.0121283	0.0685753	-0.0121283	0.0203828	
-0.0121519	0.0683192	-0.0121519	0.0204777	-0.0121519	0.0683192	-0.0121519	0.0204777	
-0.0121794	0.0680582	-0.0121794	0.0205636	-0.0121794	0.0680582	-0.0121794	0.0205636	
-0.0122108	0.0677922	-0.0122108	0.0206405	-0.0122108	0.0677922	-0.0122108	0.0206405	
-0.0122462	0.0675213	-0.0122462	0.0207084	-0.0122462	0.0675213	-0.0122462	0.0207084	
-0.0122854	0.0672457	-0.0122854	0.0207675	-0.0122854	0.0672457	-0.0122854	0.0207675	
-0.0123285	0.0669652	-0.0123285	0.0208178	-0.0123285	0.0669652	-0.0123285	0.0208178	
-0.0123755	0.0666802	-0.0123755	0.0208594	-0.0123755	0.0666802	-0.0123755	0.0208594	
-0.0124261	0.0663905	-0.0124261	0.0208923	-0.0124261	0.0663905	-0.0124261	0.0208923	
-0.0124805	0.0660962	-0.0124805	0.0209166	-0.0124805	0.0660962	-0.0124805	0.0209166	
-0.0125386	0.0657975	-0.0125386	0.0209324	-0.0125386	0.0657975	-0.0125386	0.0209324	
-0.0126004	0.0654943	-0.0126004	0.0209398	-0.0126004	0.0654943	-0.0126004	0.0209398	
-0.0126658	0.0651868	-0.0126658	0.0209389	-0.0126658	0.0651868	-0.0126658	0.0209389	
-0.0127347	0.0648751	-0.0127347	0.0209297	-0.0127347	0.0648751	-0.0127347	0.0209297	
-0.0128072	0.0645591	-0.0128072	0.0209125	-0.0128072	0.0645591	-0.0128072	0.0209125	
-0.0128832	0.0642389	-0.0128832	0.0208872	-0.0128832	0.0642389	-0.0128832	0.0208872	
-0.0129626	0.0639146	-0.0129626	0.0208539	-0.0129626	0.0639146	-0.0129626	0.0208539	
-0.0130455	0.0635863	-0.0130455	0.0208129	-0.0130455	0.0635863	-0.0130455	0.0208129	
-0.0131317	0.063254	-0.0131317	0.0207642	-0.0131317	0.063254	-0.0131317	0.0207642	
-0.0132212	0.0629178	-0.0132212	0.0207079	-0.0132212	0.0629178	-0.0132212	0.0207079	
-0.013314	0.0625777	-0.013314	0.0206442	-0.013314	0.0625777	-0.013314	0.0206442	
-0.01341	0.0622339	-0.01341	0.0205732	-0.01341	0.0622339	-0.01341	0.0205732	
-0.0135092	0.0618863	-0.0135092	0.0204949	-0.0135092	0.0618863	-0.0135092	0.0204949	
-0.0136115	0.061535	-0.0136115	0.0204096	-0.0136115	0.061535	-0.0136115	0.0204096	
-0.0137169	0.0611801	-0.0137169	0.0203174	-0.0137169	0.0611801	-0.0137169	0.0203174	
-0.0138253	0.0608216	-0.0138253	0.0202183	-0.0138253	0.0608216	-0.0138253	0.0202183	
-0.0139368	0.0604597	-0.0139368	0.0201127	-0.0139368	0.0604597	-0.0139368	0.0201127	
-0.0140511	0.0600942	-0.0140511	0.0200005	-0.0140511	0.0600942	-0.0140511	0.0200005	
-0.0141684	0.0597254	-0.0141684	0.019882	-0.0141684	0.0597254	-0.0141684	0.019882	
-0.0142885	0.0593533	-0.0142885	0.0197572	-0.0142885	0.0593533	-0.0142885	0.0197572	
-0.0144114	0.0589778	-0.0144114	0.0196264	-0.0144114	0.0589778	-0.0144114	0.0196264	
-0.014537	0.0585992	-0.014537	0.0194897	-0.014537	0.0585992	-0.014537	0.0194897	
-0.0146653	0.0582173	-0.0146653	0.0193473	-0.0146653	0.0582173	-0.0146653	0.0193473	
-0.0147962	0.0578324	-0.0147962	0.0191993	-0.0147962	0.0578324	-0.0147962	0.0191993	
-0.0149297	0.0574443	-0.0149297	0.0190459	-0.0149297	0.0574443	-0.0149297	0.0190459	
-0.0150657	0.0570533	-0.0150657	0.0188871	-0.0150657	0.0570533	-0.0150657	0.0188871	
-0.0152042	0.0566593	-0.0152042	0.0187234	-0.0152042	0.0566593	-0.0152042	0.0187234	
-0.0153451	0.0562624	-0.0153451	0.0185546	-0.0153451	0.0562624	-0.0153451	0.0185546	
-0.0154883	0.0558626	-0.0154883	0.0183811	-0.0154883	0.0558626	-0.0154883	0.0183811	
-0.0156338	0.05546	-0.0156338	0.0182031	-0.0156338	0.05546	-0.0156338	0.0182031	
-0.0157816	0.0550546	-0.0157816	0.0180206	-0.0157816	0.0550546	-0.0157816	0.0180206	
-0.0159316	0.0546465	-0.0159316	0.0178338	-0.0159316	0.0546465	-0.0159316	0.0178338	
-0.0160837	0.0542357	-0.0160837	0.017643	-0.0160837	0.0542357	-0.0160837	0.017643	
-0.0162378	0.0538224	-0.0162378	0.0174483	-0.0162378	0.0538224	-0.0162378	0.0174483	
-0.016394	0.0534064	-0.016394	0.0172498	-0.016394	0.0534064	-0.016394	0.0172498	
-0.0165522	0.052988	-0.0165522	0.0170478	-0.0165522	0.052988	-0.0165522	0.0170478	
-0.0167122	0.052567	-0.0167122	0.0168425	-0.0167122	0.052567	-0.0167122	0.0168425	
-0.0168741	0.0521436	-0.0168741	0.0166339	-0.0168741	0.0521436	-0.0168741	0.0166339	
-0.0170377	0.0517179	-0.0170377	0.0164223	-0.0170377	0.0517179	-0.0170377	0.0164223	
-0.0172031	0.0512897	-0.0172031	0.0162079	-0.0172031	0.0512897	-0.0172031	0.0162079	
-0.0173701	0.0508593	-0.0173701	0.0159908	-0.0173701	0.0508593	-0.0173701	0.0159908	
-0.0175387	0.0504267	-0.0175387	0.0157712	-0.0175387	0.0504267	-0.0175387	0.0157712	
-0.0177089	0.0499918	-0.0177089	0.0155494	-0.0177089	0.0499918	-0.0177089	0.0155494	
-0.0178806	0.0495548	-0.0178806	0.0153253	-0.0178806	0.0495548	-0.0178806	0.0153253	
-0.0180536	0.0491156	-0.0180536	0.0150994	-0.0180536	0.0491156	-0.0180536	0.0150994	
-0.018228	0.0486744	-0.018228	0.0148716	-0.018228	0.0486744	-0.018228	0.0148716	
-0.0184038	0.0482311	-0.0184038	0.0146423	-0.0184038	0.0482311	-0.0184038	0.0146423	
-0.0185807	0.0477858	-0.0185807	0.0144115	-0.0185807	0.0477858	-0.0185807	0.0144115	
-0.0187589	0.0473385	-0.0187589	0.0141795	-0.0187589	0.0473385	-0.0187589	0.0141795	
-0.0189381	0.0468894	-0.0189381	0.0139464	-0.0189381	0.0468894	-0.0189381	0.0139464	
-0.0191184	0.0464384	-0.0191184	0.0137124	-0.0191184	0.0464384	-0.0191184	0.0137124	
-0.0192997	0.0459855	-0.0192997	0.0134777	-0.0192997	0.0459855	-0.0192997	0.0134777	
-0.0194819	0.0455308	-0.0194819	0.0132424	-0.0194819	0.0455308	-0.0194819	0.0132424	
-0.019665	0.0450744	-0.019665	0.0130067	-0.019665	0.0450744	-0.019665	0.0130067	
-0.0198489	0.0446163	-0.0198489	0.0127708	-0.0198489	0.0446163	-0.0198489	0.0127708	
-0.0200335	0.0441565	-0.0200335	0.0125348	-0.0200335	0.0441565	-0.0200335	0.0125348	
-0.0202188	0.043695	-0.0202188	0.012299	-0.0202188	0.043695	-0.0202188	0.012299	
-0.0204048	0.0432319	-0.0204048	0.0120634	-0.0204048	0.0432319	-0.0204048	0.0120634	
-0.0205913	0.0427673	-0.0205913	0.0118283	-0.0205913	0.0427673	-0.0205913	0.0118283	
-0.0207782	0.0423012	-0.0207782	0.0115937	-0.0207782	0.0423012	-0.0207782	0.0115937	
-0.0209657	0.0418335	-0.0209657	0.0113599	-0.0209657	0.0418335	-0.0209657	0.0113599	
-0.0211534	0.0413644	-0.0211534	0.011127	-0.0211534	0.0413644	-0.0211534	0.011127	
-0.0213415	0.0408939	-0.0213415	0.0108951	-0.0213415	0.0408939	-0.0213415	0.0108951	
-0.0215299	0.0404221	-0.0215299	0.0106645	-0.0215299	0.0404221	-0.0215299	0.0106645	
-0.0217184	0.0399489	-0.0217184	0.0104352	-0.0217184	0.0399489	-0.0217184	0.0104352	
-0.021907	0.0394743	-0.021907	0.0102074	-0.021907	0.0394743	-0.021907	0.0102074	
-0.0220958	0.0389986	-0.0220958	0.00998126	-0.0220958	0.0389986	-0.0220958	0.00998126	
-0.0222845	0.0385215	-0.0222845	0.00975691	-0.0222845	0.0385215	-0.0222845	0.00975691	
-0.0224731	0.0380433	-0.0224731	0.00953449	-0.0224731	0.0380433	-0.0224731	0.00953449	
-0.0226616	0.037564	-0.0226616	0.00931412	-0.0226616	0.037564	-0.0226616	0.00931412	
-0.02285	0.0370835	-0.02285	0.00909596	-0.02285	0.0370835	-0.02285	0.00909596	
-0.023038	0.0366019	-0.023038	0.00888012	-0.023038	0.0366019	-0.023038	0.00888012	
-0.0232258	0.0361193	-0.0232258	0.00866673	-0.0232258	0.0361193	-0.0232258	0.00866673	
-0.0234132	0.0356357	-0.0234132	0.00845591	-0.0234132	0.0356357	-0.0234132	0.00845591	
-0.0236002	0.0351511	-0.0236002	0.0082478	-0.0236002	0.0351511	-0.0236002	0.0082478	
-0.0237867	0.0346656	-0.0237867	0.0080425	-0.0237867	0.0346656	-0.0237867	0.0080425	
-0.0239726	0.0341792	-0.0239726	0.00784014	-0.0239726	0.0341792	-0.0239726	0.00784014	
-0.024158	0.0336919	-0.024158	0.00764082	-0.024158	0.0336919	-0.024158	0.00764082	
-0.0243426	0.0332037	-0.0243426	0.00744465	-0.0243426	0.0332037	-0.0243426	0.00744465	
-0.0245265	0.0327148	-0.0245265	0.00725174	-0.0245265	0.0327148	-0.0245265	0.00725174	
-0.0247097	0.0322251	-0.0247097	0.00706219	-0.0247097	0.0322251	-0.0247097	0.00706219	
-0.0248919	0.0317347	-0.0248919	0.0068761	-0.0248919	0.0317347	-0.0248919	0.0068761	
-0.0250733	0.0312437	-0.0250733	0.00669356	-0.0250733	0.0312437	-0.0250733	0.00669356	
-0.0252537	0.030752	-0.0252537	0.00651467	-0.0252537	0.030752	-0.0252537	0.00651467	
-0.0254331	0.0302596	-0.0254331	0.00633951	-0.0254331	0.0302596	-0.0254331	0.00633951	
-0.0256113	0.0297667	-0.0256113	0.00616817	-0.0256113	0.0297667	-0.0256113	0.00616817	
-0.0257885	0.0292733	-0.0257885	0.00600074	-0.0257885	0.0292733	-0.0257885	0.00600074	
-0.0259644	0.0287794	-0.0259644	0.00583728	-0.0259644	0.0287794	-0.0259644	0.00583728	
-0.0261391	0.028285	-0.0261391	0.00567788	-0.0261391	0.028285	-0.0261391	0.00567788	
-0.0263124	0.0277903	-0.0263124	0.0055226	-0.0263124	0.0277903	-0.0263124	0.0055226	
-0.0264844	0.0272951	-0.0264844	0.00537151	-0.0264844	0.0272951	-0.0264844	0.00537151	
-0.0266549	0.0267996	-0.0266549	0.00522467	-0.0266549	0.0267996	-0.0266549	0.00522467	
-0.0268239	0.0263038	-0.0268239	0.00508215	-0.0268239	0.0263038	-0.0268239	0.00508215	
-0.0269914	0.0258077	-0.0269914	0.00494401	-0.0269914	0.0258077	-0.0269914	0.00494401	
-0.0271573	0.0253114	-0.0271573	0.00481028	-0.0271573	0.0253114	-0.0271573	0.00481028	
-0.0273215	0.024815	-0.0273215	0.00468103	-0.0273215	0.024815	-0.0273215	0.00468103	
-0.027484	0.0243184	-0.027484	0.00455629	-0.027484	0.0243184	-0.027484	0.00455629	
-0.0276447	0.0238217	-0.0276447	0.00443611	-0.0276447	0.0238217	-0.0276447	0.00443611	
-0.0278036	0.0233249	-0.0278036	0.00432053	-0.0278036	0.0233249	-0.0278036	0.00432053	
-0.0279606	0.0228281	-0.0279606	0.00420958	-0.0279606	0.0228281	-0.0279606	0.00420958	
-0.0281156	0.0223314	-0.0281156	0.00410329	-0.0281156	0.0223314	-0.0281156	0.00410329	
-0.0282687	0.0218347	-0.0282687	0.00400169	-0.0282687	0.0218347	-0.0282687	0.00400169	
-0.0284197	0.0213381	-0.0284197	0.0039048	-0.0284197	0.0213381	-0.0284197	0.0039048	
-0.0285686	0.0208417	-0.0285686	0.00381264	-0.0285686	0.0208417	-0.0285686	0.00381264	
-0.0287154	0.0203455	-0.0287154	0.00372523	-0.0287154	0.0203455	-0.0287154	0.00372523	
-0.0288599	0.0198495	-0.0288599	0.00364258	-0.0288599	0.0198495	-0.0288599	0.00364258	
-0.0290022	0.0193538	-0.0290022	0.0035647	-0.0290022	0.0193538	-0.0290022	0.0035647	
-0.0291421	0.0188585	-0.0291421	0.00349159	-0.0291421	0.0188585	-0.0291421	0.00349159	
-0.0292797	0.0183635	-0.0292797	0.00342326	-0.0292797	0.0183635	-0.0292797	0.00342326	
-0.0294149	0.0178689	-0.0294149	0.00335971	-0.0294149	0.0178689	-0.0294149	0.00335971	
-0.0295476	0.0173748	-0.0295476	0.00330092	-0.0295476	0.0173748	-0.0295476	0.00330092	
-0.0296777	0.0168812	-0.0296777	0.00324689	-0.0296777	0.0168812	-0.0296777	0.00324689	
-0.0298053	0.0163882	-0.0298053	0.00319761	-0.0298053	0.0163882	-0.0298053	0.00319761	
-0.0299303	0.0158958	-0.0299303	0.00315307	-0.0299303	0.0158958	-0.0299303	0.00315307	
-0.0300526	0.0154041	-0.0300526	0.00311324	-0.0300526	0.0154041	-0.0300526	0.00311324	
-0.0301721	0.014913	-0.0301721	0.0030781	-0.0301721	0.014913	-0.0301721	0.0030781	
-0.0302889	0.0144227	-0.0302889	0.00304763	-0.0302889	0.0144227	-0.0302889	0.00304763	
-0.0304028	0.0139332	-0.0304028	0.0030218	-0.0304028	0.0139332	-0.0304028	0.0030218	
-0.0305139	0.0134446	-0.0305139	0.00300058	-0.0305139	0.0134446	-0.0305139	0.00300058	
-0.030622	0.0129569	-0.030622	0.00298393	-0.030622	0.0129569	-0.030622	0.00298393	
-0.0307272	0.0124701	-0.0307272	0.00297181	-0.0307272	0.0124701	-0.0307272	0.00297181	
-0.0308293	0.0119843	-0.0308293	0.00296419	-0.0308293	0.0119843	-0.0308293	0.00296419	
-0.0309284	0.0114996	-0.0309284	0.00296102	-0.0309284	0.0114996	-0.0309284	0.00296102	
-0.0310243	0.0110161	-0.0310243	0.00296224	-0.0310243	0.0110161	-0.0310243	0.00296224	
-0.0311171	0.0105336	-0.0311171	0.00296783	-0.0311171	0.0105336	-0.0311171	0.00296783	
-0.0312067	0.0100524	-0.0312067	0.00297771	-0.0312067	0.0100524	-0.0312067	0.00297771	
-0.031293	0.00957247	-0.031293	0.00299184	-0.031293	0.00957247	-0.031293	0.00299184	
-0.031376	0.00909385	-0.031376	0.00301015	-0.031376	0.00909385	-0.031376	0.00301015	
-0.0314556	0.00861662	-0.0314556	0.00303259	-0.0314556	0.00861662	-0.0314556	0.00303259	
-0.0315319	0.00814082	-0.0315319	0.00305909	-0.0315319	0.00814082	-0.0315319	0.00305909	
-0.0316047	0.00766651	-0.0316047	0.00308958	-0.0316047	0.00766651	-0.0316047	0.00308958	
-0.031674	0.00719375	-0.031674	0.003124	-0.031674	0.00719375	-0.031674	0.003124	
-0.0317398	0.0067226	-0.0317398	0.00316228	-0.0317398	0.0067226	-0.0317398	0.00316228	
-0.0318021	0.0062531	-0.0318021	0.00320434	-0.0318021	0.0062531	-0.0318021	0.00320434	
-0.0318607	0.00578532	-0.0318607	0.0032501	-0.0318607	0.00578532	-0.0318607	0.0032501	
-0.0319156	0.00531932	-0.0319156	0.00329949	-0.0319156	0.00531932	-0.0319156	0.00329949	
-0.0319669	0.00485515	-0.0319669	0.00335243	-0.0319669	0.00485515	-0.0319669	0.00335243	
-0.0320144	0.00439288	-0.0320144	0.00340883	-0.0320144	0.00439288	-0.0320144	0.00340883	
-0.0320581	0.00393255	-0.0320581	0.0034686	-0.0320581	0.00393255	-0.0320581	0.0034686	
-0.032098	0.00347424	-0.032098	0.00353167	-0.032098	0.00347424	-0.032098	0.00353167	
-0.0321341	0.003018	-0.0321341	0.00359795	-0.0321341	0.003018	-0.0321341	0.00359795	
-0.0321662	0.00256388	-0.0321662	0.00366733	-0.0321662	0.00256388	-0.0321662	0.00366733	
-0.0321944	0.00211196	-0.0321944	0.00373973	-0.0321944	0.00211196	-0.0321944	0.00373973	
-0.0322186	0.00166229	-0.0322186	0.00381505	-0.0322186	0.00166229	-0.0322186	0.00381505	
-0.0322388	0.00121493	-0.0322388	0.0038932	-0.0322388	0.00121493	-0.0322388	0.0038932	
-0.032255	0.00076994	-0.032255	0.00397408	-0.032255	0.00076994	-0.032255	0.00397408	
-0.032267	0.000327388	-0.032267	0.00405759	-0.032267	0.000327388	-0.032267	0.00405759	
-0.032275	-0.000112668	-0.032275	0.00414363	-0.032275	-0.000112668	-0.032275	0.00414363	
-0.0322787	-0.000550166	-0.0322787	0.00423209	-0.0322787	-0.000550166	-0.0322787	0.00423209	
-0.0322783	-0.000985044	-0.0322783	0.00432287	-0.0322783	-0.000985044	-0.0322783	0.00432287	
-0.0322736	-0.00141724	-0.0322736	0.00441587	-0.0322736	-0.00141724	-0.0322736	0.00441587	
-0.0322646	-0.00184669	-0.0322646	0.00451097	-0.0322646	-0.00184669	-0.0322646	0.00451097	
-0.0322514	-0.00227333	-0.0322514	0.00460807	-0.0322514	-0.00227333	-0.0322514	0.00460807	
-0.0322338	-0.0026971	-0.0322338	0.00470706	-0.0322338	-0.0026971	-0.0322338	0.00470706	
-0.0322118	-0.00311794	-0.0322118	0.00480783	-0.0322118	-0.00311794	-0.0322118	0.00480783	
-0.0321854	-0.00353578	-0.0321854	0.00491027	-0.0321854	-0.00353578	-0.0321854	0.00491027	
-0.0321547	-0.00395056	-0.0321547	0.00501425	-0.0321547	-0.00395056	-0.0321547	0.00501425	
-0.0321194	-0.00436222	-0.0321194	0.00511968	-0.0321194	-0.00436222	-0.0321194	0.00511968	
-0.0320797	-0.00477069	-0.0320797	0.00522644	-0.0320797	-0.00477069	-0.0320797	0.00522644	
-0.0320354	-0.00517592	-0.0320354	0.0053344	-0.0320354	-0.00517592	-0.0320354	0.0053344	
-0.0319866	-0.00557783	-0.0319866	0.00544346	-0.0319866	-0.00557783	-0.0319866	0.00544346	
-0.0319332	-0.00597636	-0.0319332	0.00555349	-0.0319332	-0.00597636	-0.0319332	0.00555349	
-0.0318752	-0.00637145	-0.0318752	0.00566438	-0.0318752	-0.00637145	-0.0318752	0.00566438	
-0.0318126	-0.00676305	-0.0318126	0.00577601	-0.0318126	-0.00676305	-0.0318126	0.00577601	
-0.0317453	-0.00715108	-0.0317453	0.00588826	-0.0317453	-0.00715108	-0.0317453	0.00588826	
-0.0316734	-0.00753548	-0.0316734	0.00600102	-0.0316734	-0.00753548	-0.0316734	0.00600102	
-0.0315968	-0.00791619	-0.0315968	0.00611415	-0.0315968	-0.00791619	-0.0315968	0.00611415	
-0.0315154	-0.00829314	-0.0315154	0.00622755	-0.0315154	-0.00829314	-0.0315154	0.00622755	
-0.0314293	-0.00866628	-0.0314293	0.00634109	-0.0314293	-0.00866628	-0.0314293	0.00634109	
-0.0313384	-0.00903554	-0.0313384	0.00645465	-0.0313384	-0.00903554	-0.0313384	0.00645465	
-0.0312428	-0.00940087	-0.0312428	0.00656811	-0.0312428	-0.00940087	-0.0312428	0.00656811	
-0.0311423	-0.00976219	-0.0311423	0.00668135	-0.0311423	-0.00976219	-0.0311423	0.00668135	
-0.0310371	-0.0101194	-0.0310371	0.00679424	-0.0310371	-0.0101194	-0.0310371	0.00679424	
-0.0309269	-0.0104726	-0.0309269	0.00690668	-0.0309269	-0.0104726	-0.0309269	0.00690668	
-0.030812	-0.0108215	-0.030812	0.00701852	-0.030812	-0.0108215	-0.030812	0.00701852	
-0.0306921	-0.0111662	-0.0306921	0.00712966	-0.0306921	-0.0111662	-0.0306921	0.00712966	
-0.0305674	-0.0115066	-0.0305674	0.00723998	-0.0305674	-0.0115066	-0.0305674	0.00723998	
-0.0304378	-0.0118427	-0.0304378	0.00734934	-0.0304378	-0.0118427	-0.0304378	0.00734934	
-0.0303032	-0.0121743	-0.0303032	0.00745764	-0.0303032	-0.0121743	-0.0303032	0.00745764	
-0.0301638	-0.0125014	-0.0301638	0.00756474	-0.0301638	-0.0125014	-0.0301638	0.00756474	
-0.0300194	-0.012824	-0.0300194	0.00767054	-0.0300194	-0.012824	-0.0300194	0.00767054	
-0.02987	-0.013142	-0.02987	0.00777491	-0.02987	-0.013142	-0.02987	0.00777491	
-0.0297157	-0.0134554	-0.0297157	0.00787772	-0.0297157	-0.0134554	-0.0297157	0.00787772	
-0.0295565	-0.013764	-0.0295565	0.00797887	-0.0295565	-0.013764	-0.0295565	0.00797887	
-0.0293922	-0.0140679	-0.0293922	0.00807824	-0.0293922	-0.0140679	-0.0293922	0.00807824	
-0.0292231	-0.0143669	-0.0292231	0.0081757	-0.0292231	-0.0143669	-0.0292231	0.0081757	
-0.0290489	-0.0146611	-0.0290489	0.00827113	-0.0290489	-0.0146611	-0.0290489	0.00827113	
-0.0288697	-0.0149504	-0.0288697	0.00836443	-0.0288697	-0.0149504	-0.0288697	0.00836443	
-0.0286856	-0.0152346	-0.0286856	0.00845548	-0.0286856	-0.0152346	-0.0286856	0.00845548	
-0.0284965	-0.0155139	-0.0284965	0.00854415	-0.0284965	-0.0155139	-0.0284965	0.00854415	
-0.0283024	-0.015788	-0.0283024	0.00863034	-0.0283024	-0.015788	-0.0283024	0.00863034	
-0.0281033	-0.016057	-0.0281033	0.00871393	-0.0281033	-0.016057	-0.0281033	0.00871393	
-0.0278993	-0.0163208	-0.0278993	0.00879481	-0.0278993	-0.0163208	-0.0278993	0.00879481	
-0.0276903	-0.0165794	-0.0276903	0.00887287	-0.0276903	-0.0165794	-0.0276903	0.00887287	
-0.0274763	-0.0168327	-0.0274763	0.00894799	-0.0274763	-0.0168327	-0.0274763	0.00894799	
-0.0272573	-0.0170807	-0.0272573	0.00902006	-0.0272573	-0.0170807	-0.0272573	0.00902006	
-0.0270334	-0.0173233	-0.0270334	0.00908898	-0.0270334	-0.0173233	-0.0270334	0.00908898	
-0.0268045	-0.0175604	-0.0268045	0.00915464	-0.0268045	-0.0175604	-0.0268045	0.00915464	
-0.0265707	-0.0177921	-0.0265707	0.00921692	-0.0265707	-0.0177921	-0.0265707	0.00921692	
-0.026332	-0.0180183	-0.026332	0.00927573	-0.026332	-0.0180183	-0.026332	0.00927573	
-0.0260883	-0.018239	-0.0260883	0.00933096	-0.0260883	-0.018239	-0.0260883	0.00933096	
-0.0258398	-0.018454	-0.0258398	0.0093825	-0.0258398	-0.018454	-0.0258398	0.0093825	
-0.0255863	-0.0186634	-0.0255863	0.00943025	-0.0255863	-0.0186634	-0.0255863	0.00943025	
-0.025328	-0.0188671	-0.025328	0.00947411	-0.025328	-0.0188671	-0.025328	0.00947411	
-0.0250648	-0.0190652	-0.0250648	0.00951398	-0.0250648	-0.0190652	-0.0250648	0.00951398	
-0.0247968	-0.0192574	-0.0247968	0.00954976	-0.0247968	-0.0192574	-0.0247968	0.00954976	
-0.0245239	-0.0194439	-0.0245239	0.00958135	-0.0245239	-0.0194439	-0.0245239	0.00958135	
-0.0242463	-0.0196246	-0.0242463	0.00960865	-0.0242463	-0.0196246	-0.0242463	0.00960865	
-0.0239639	-0.0197994	-0.0239639	0.00963158	-0.0239639	-0.0197994	-0.0239639	0.00963158	
-0.0236767	-0.0199683	-0.0236767	0.00965003	-0.0236767	-0.0199683	-0.0236767	0.00965003	
-0.0233848	-0.0201313	-0.0233848	0.00966392	-0.0233848	-0.0201313	-0.0233848	0.00966392	
-0.0230882	-0.0202883	-0.0230882	0.00967315	-0.0230882	-0.0202883	-0.0230882	0.00967315	
-0.0227869	-0.0204394	-0.0227869	0.00967763	-0.0227869	-0.0204394	-0.0227869	0.00967763	
-0.022481	-0.0205844	-0.022481	0.00967728	-0.022481	-0.0205844	-0.022481	0.00967728	
-0.0221704	-0.0207234	-0.0221704	0.009672	-0.0221704	-0.0207234	-0.0221704	0.009672	
-0.0218552	-0.0208564	-0.0218552	0.00966172	-0.0218552	-0.0208564	-0.0218552	0.00966172	
-0.0215355	-0.0209833	-0.0215355	0.00964635	-0.0215355	-0.0209833	-0.0215355	0.00964635	
-0.0212113	-0.0211041	-0.0212113	0.00962581	-0.0212113	-0.0211041	-0.0212113	0.00962581	
-0.0208825	-0.0212187	-0.0208825	0.00960001	-0.0208825	-0.0212187	-0.0208825	0.00960001	
-0.0205494	-0.0213272	-0.0205494	0.00956889	-0.0205494	-0.0213272	-0.0205494	0.00956889	
-0.0202117	-0.0214296	-0.0202117	0.00953235	-0.0202117	-0.0214296	-0.0202117	0.00953235	
-0.0198697	-0.0215257	-0.0198697	0.00949034	-0.0198697	-0.0215257	-0.0198697	0.00949034	
-0.0195234	-0.0216157	-0.0195234	0.00944276	-0.0195234	-0.0216157	-0.0195234	0.00944276	
-0.0191727	-0.0216994	-0.0191727	0.00938956	-0.0191727	-0.0216994	-0.0191727	0.00938956	
-0.0188178	-0.021777	-0.0188178	0.00933066	-0.0188178	-0.021777	-0.0188178	0.00933066	
-0.0184587	-0.0218483	-0.0184587	0.00926599	-0.0184587	-0.0218483	-0.0184587	0.00926599	
-0.0180954	-0.0219133	-0.0180954	0.00919548	-0.0180954	-0.0219133	-0.0180954	0.00919548	
-0.017728	-0.0219721	-0.017728	0.00911908	-0.017728	-0.0219721	-0.017728	0.00911908	
-0.0173564	-0.0220246	-0.0173564	0.00903671	-0.0173564	-0.0220246	-0.0173564	0.00903671	
-0.0169809	-0.0220709	-0.0169809	0.00894832	-0.0169809	-0.0220709	-0.0169809	0.00894832	
-0.0166013	-0.0221109	-0.0166013	0.00885385	-0.0166013	-0.0221109	-0.0166013	0.00885385	
-0.0162178	-0.0221446	-0.0162178	0.00875323	-0.0162178	-0.0221446	-0.0162178	0.00875323	
-0.0158304	-0.0221721	-0.0158304	0.00864642	-0.0158304	-0.0221721	-0.0158304	0.00864642	
-0.0154392	-0.0221932	-0.0154392	0.00853336	-0.0154392	-0.0221932	-0.0154392	0.00853336	
-0.0150442	-0.0222081	-0.0150442	0.00841399	-0.0150442	-0.0222081	-0.0150442	0.00841399	
-0.0146454	-0.0222167	-0.0146454	0.00828827	-0.0146454	-0.0222167	-0.0146454	0.00828827	
-0.014243	-0.0222191	-0.014243	0.00815615	-0.014243	-0.0222191	-0.014243	0.00815615	
-0.0138369	-0.0222152	-0.0138369	0.00801757	-0.0138369	-0.0222152	-0.0138369	0.00801757	
-0.0134273	-0.022205	-0.0134273	0.00787251	-0.0134273	-0.022205	-0.0134273	0.00787251	
-0.0130142	-0.0221886	-0.0130142	0.00772091	-0.0130142	-0.0221886	-0.0130142	0.00772091	
-0.0125976	-0.0221659	-0.0125976	0.00756274	-0.0125976	-0.0221659	-0.0125976	0.00756274	
-0.0121776	-0.0221371	-0.0121776	0.00739795	-0.0121776	-0.0221371	-0.0121776	0.00739795	
-0.0117543	-0.022102	-0.0117543	0.00722651	-0.0117543	-0.022102	-0.0117543	0.00722651	
-0.0113277	-0.0220607	-0.0113277	0.00704839	-0.0113277	-0.0220607	-0.0113277	0.00704839	
-0.010898	-0.0220132	-0.010898	0.00686355	-0.010898	-0.0220132	-0.010898	0.00686355	
-0.010465	-0.0219596	-0.010465	0.00667196	-0.010465	-0.0219596	-0.010465	0.00667196	
-0.010029	-0.0218998	-0.010029	0.00647359	-0.010029	-0.0218998	-0.010029	0.00647359	
-0.00959003	-0.021834	-0.00959003	0.00626843	-0.00959003	-0.021834	-0.00959003	0.00626843	
-0.00914806	-0.021762	-0.00914806	0.00605643	-0.00914806	-0.021762	-0.00914806	0.00605643	
-0.00870321	-0.0216839	-0.00870321	0.00583759	-0.00870321	-0.0216839	-0.00870321	0.00583759	
-0.00825554	-0.0215998	-0.00825554	0.00561187	-0.00825554	-0.0215998	-0.00825554	0.00561187	
-0.00780513	-0.0215096	-0.00780513	0.00537927	-0.00780513	-0.0215096	-0.00780513	0.00537927	
-0.00735203	-0.0214134	-0.00735203	0.00513976	-0.00735203	-0.0214134	-0.00735203	0.00513976	
-0.00689633	-0.0213113	-0.00689633	0.00489334	-0.00689633	-0.0213113	-0.00689633	0.00489334	
-0.00643808	-0.0212032	-0.00643808	0.00463999	-0.00643808	-0.0212032	-0.00643808	0.00463999	
-0.00597736	-0.0210893	-0.00597736	0.00437969	-0.00597736	-0.0210893	-0.00597736	0.00437969	
-0.00551424	-0.0209694	-0.00551424	0.00411245	-0.00551424	-0.0209694	-0.00551424	0.00411245	
-0.00504879	-0.0208437	-0.00504879	0.00383826	-0.00504879	-0.0208437	-0.00504879	0.00383826	
-0.00458108	-0.0207122	-0.00458108	0.00355711	-0.00458108	-0.0207122	-0.00458108	0.00355711	
-0.00411119	-0.0205749	-0.00411119	0.00326901	-0.00411119	-0.0205749	-0.00411119	0.00326901	
-0.00363919	-0.0204319	-0.00363919	0.00297395	-0.00363919	-0.0204319	-0.00363919	0.00297395	
-0.00316515	-0.0202832	-0.00316515	0.00267193	-0.00316515	-0.0202832	-0.00316515	0.00267193	
-0.00268915	-0.0201289	-0.00268915	0.00236297	-0.00268915	-0.0201289	-0.00268915	0.00236297	
-0.00221126	-0.0199689	-0.00221126	0.00204707	-0.00221126	-0.0199689	-0.00221126	0.00204707	
-0.00173155	-0.0198034	-0.00173155	0.00172423	-0.00173155	-0.0198034	-0.00173155	0.00172423	
-0.0012501	-0.0196323	-0.0012501	0.00139447	-0.0012501	-0.0196323	-0.0012501	0.00139447	
-0.000766985	-0.0194558	-0.000766985	0.00105781	-0.000766985	-0.0194558	-0.000766985	0.00105781	
-0.000282282	-0.0192738	-0.000282282	0.000714256	-0.000282282	-0.0192738	-0.000282282	0.000714256	
0.000203935	-0.0190865	0.000203935	0.000363829	0.000203935	-0.0190865	0.000203935	0.000363829	
0.00069159	-0.0188938	0.00069159	6.54859e-06	0.00069159	-0.0188938	0.00069159	6.54859e-06	
0.00118061	-0.0186959	0.00118061	-0.000357562	0.00118061	-0.0186959	0.00118061	-0.000357562	
0.00167091	-0.0184927	0.00167091	-0.000728479	0.00167091	-0.0184927	0.00167091	-0.000728479	
0.00216242	-0.0182844	0.00216242	-0.00110618	0.00216242	-0.0182844	0.00216242	-0.00110618	
0.00265506	-0.0180709	0.00265506	-0.00149063	0.00265506	-0.0180709	0.00265506	-0.00149063	
0.00314876	-0.0178524	0.00314876	-0.0018818	0.00314876	-0.0178524	0.00314876	-0.0018818	
0.00364344	-0.0176288	0.00364344	-0.00227965	0.00364344	-0.0176288	0.00364344	-0.00227965	
0.00413902	-0.0174003	0.00413902	-0.00268416	0.00413902	-0.0174003	0.00413902	-0.00268416	
0.00463543	-0.0171669	0.00463543	-0.00309529	0.00463543	-0.0171669	0.00463543	-0.00309529	
0.00513258	-0.0169286	0.00513258	-0.003513	0.00513258	-0.0169286	0.00513258	-0.003513	
0.00563041	-0.0166856	0.00563041	-0.00393724	0.00563041	-0.0166856	0.00563041	-0.00393724	
0.00612884	-0.0164379	0.00612884	-0.00436797	0.00612884	-0.0164379	0.00612884	-0.00436797	
0.00662778	-0.0161855	0.00662778	-0.00480515	0.00662778	-0.0161855	0.00662778	-0.00480515	
0.00712717	-0.0159285	0.00712717	-0.00524873	0.00712717	-0.0159285	0.00712717	-0.00524873	
0.00762692	-0.0156669	0.00762692	-0.00569866	0.00762692	-0.0156669	0.00762692	-0.00569866	
0.00812697	-0.015401	0.00812697	-0.00615489	0.00812697	-0.015401	0.00812697	-0.00615489	
0.00862724	-0.0151306	0.00862724	-0.00661737	0.00862724	-0.0151306	0.00862724	-0.00661737	
0.00912764	-0.0148558	0.00912764	-0.00708604	0.00912764	-0.0148558	0.00912764	-0.00708604	
0.00962811	-0.0145768	0.00962811	-0.00756084	0.00962811	-0.0145768	0.00962811	-0.00756084	
0.0101286	-0.0142936	0.0101286	-0.00804171	0.0101286	-0.0142936	0.0101286	-0.00804171	
0.010629	-0.0140063	0.010629	-0.0085286	0.010629	-0.0140063	0.010629	-0.0085286	
0.0111292	-0.0137149	0.0111292	-0.00902143	0.0111292	-0.0137149	0.0111292	-0.00902143	
0.0116292	-0.0134195	0.0116292	-0.00952014	0.0116292	-0.0134195	0.0116292	-0.00952014	
0.0121289	-0.0131202	0.0121289	-0.0100247	0.0121289	-0.0131202	0.0121289	-0.0100247	
0.0126282	-0.012817	0.0126282	-0.010535	0.0126282	-0.012817	0.0126282	-0.010535	
0.0131271	-0.0125101	0.0131271	-0.0110509	0.0131271	-0.0125101	0.0131271	-0.0110509	
0.0136254	-0.0121994	0.0136254	-0.0115725	0.0136254	-0.0121994	0.0136254	-0.0115725	
0.0141232	-0.0118851	0.0141232	-0.0120995	0.0141232	-0.0118851	0.0141232	-0.0120995	
0.0146203	-0.0115673	0.0146203	-0.0126321	0.0146203	-0.0115673	0.0146203	-0.0126321	
0.0151166	-0.0112459	0.0151166	-0.01317	0.0151166	-0.0112459	0.0151166	-0.01317	
0.0156122	-0.0109211	0.0156122	-0.0137132	0.0156122	-0.0109211	0.0156122	-0.0137132	
0.0161069	-0.010593	0.0161069	-0.0142616	0.0161069	-0.010593	0.0161069	-0.0142616	
0.0166006	-0.0102616	0.0166006	-0.0148151	0.0166006	-0.0102616	0.0166006	-0.0148151	
0.0170934	-0.00992704	0.0170934	-0.0153737	0.0170934	-0.00992704	0.0170934	-0.0153737	
0.0175851	-0.00958933	0.0175851	-0.0159372	0.0175851	-0.00958933	0.0175851	-0.0159372	
0.0180756	-0.00924858	0.0180756	-0.0165056	0.0180756	-0.00924858	0.0180756	-0.0165056	
0.0185649	-0.00890486	0.0185649	-0.0170788	0.0185649	-0.00890486	0.0185649	-0.0170788	
0.019053	-0.00855826	0.019053	-0.0176567	0.019053	-0.00855826	0.019053	-0.0176567	
0.0195397	-0.00820883	0.0195397	-0.0182391	0.0195397	-0.00820883	0.0195397	-0.0182391	
0.0200251	-0.00785667	0.0200251	-0.018826	0.0200251	-0.00785667	0.0200251	-0.018826	
0.0205089	-0.00750185	0.0205089	-0.0194174	0.0205089	-0.00750185	0.0205089	-0.0194174	
0.0209913	-0.00714444	0.0209913	-0.020013	0.0209913	-0.00714444	0.0209913	-0.020013	
0.0214721	-0.00678452	0.0214721	-0.0206128	0.0214721	-0.00678452	0.0214721	-0.0206128	
0.0219512	-0.00642218	0.0219512	-0.0212167	0.0219512	-0.00642218	0.0219512	-0.0212167	
0.0224286	-0.00605748	0.0224286	-0.0218247	0.0224286	-0.00605748	0.0224286	-0.0218247	
0.0229043	-0.0056905	0.0229043	-0.0224365	0.0229043	-0.0056905	0.0229043	-0.0224365	
0.0233781	-0.00532133	0.0233781	-0.0230521	0.0233781	-0.00532133	0.0233781	-0.0230521	
0.0238501	-0.00495004	0.0238501	-0.0236714	0.0238501	-0.00495004	0.0238501	-0.0236714	
0.0243201	-0.0045767	0.0243201	-0.0242942	0.0243201	-0.0045767	0.0243201	-0.0242942	
0.0247882	-0.0042014	0.0247882	-0.0249205	0.0247882	-0.0042014	0.0247882	-0.0249205	
0.0252542	-0.00382421	0.0252542	-0.0255502	0.0252542	-0.00382421	0.0252542	-0.0255502	
0.0257181	-0.00344521	0.0257181	-0.0261831	0.0257181	-0.00344521	0.0257181	-0.0261831	
0.0261799	-0.00306447	0.0261799	-0.0268192	0.0261799	-0.00306447	0.0261799	-0.0268192	
0.0266394	-0.00268207	0.0266394	-0.0274582	0.0266394	-0.00268207	0.0266394	-0.0274582	
0.0270967	-0.0022981	0.0270967	-0.0281002	0.0270967	-0.0022981	0.0270967	-0.0281002	
0.0275518	-0.00191262	0.0275518	-0.0287449	0.0275518	-0.00191262	0.0275518	-0.0287449	
0.0280044	-0.00152571	0.0280044	-0.0293923	0.0280044	-0.00152571	0.0280044	-0.0293923	
0.0284547	-0.00113744	0.0284547	-0.0300423	0.0284547	-0.00113744	0.0284547	-0.0300423	
0.0289025	-0.000747901	0.0289025	-0.0306947	0.0289025	-0.000747901	0.0289025	-0.0306947	
0.0293479	-0.000357158	0.0293479	-0.0313494	0.0293479	-0.000357158	0.0293479	-0.0313494	
0.0297907	3.47125e-05	0.0297907	-0.0320063	0.0297907	3.47125e-05	0.0297907	-0.0320063	
0.0302309	0.000427636	0.0302309	-0.0326653	0.0302309	0.000427636	0.0302309	-0.0326653	
0.0306685	0.000821538	0.0306685	-0.0333263	0.0306685	0.000821538	0.0306685	-0.0333263	
0.0311035	0.00121635	0.0311035	-0.033989	0.0311035	0.00121635	0.0311035	-0.033989	
0.0315357	0.00161199	0.0315357	-0.0346535	0.0315357	0.00161199	0.0315357	-0.0346535	
0.0319652	0.00200838	0.0319652	-0.0353196	0.0319652	0.00200838	0.0319652	-0.0353196	
0.0323919	0.00240547	0.0323919	-0.0359871	0.0323919	0.00240547	0.0323919	-0.0359871	
0.0328157	0.00280317	0.0328157	-0.036656	0.0328157	0.00280317	0.0328157	-0.036656	
0.0332368	0.00320141	0.0332368	-0.0373261	0.0332368	0.00320141	0.0332368	-0.0373261	
0.0336549	0.00360013	0.0336549	-0.0379973	0.0336549	0.00360013	0.0336549	-0.0379973	
0.03407	0.00399925	0.03407	-0.0386694	0.03407	0.00399925	0.03407	-0.0386694	
0.0344822	0.00439871	0.0344822	-0.0393424	0.0344822	0.00439871	0.0344822	-0.0393424	
0.0348914	0.00479843	0.0348914	-0.0400161	0.0348914	0.00479843	0.0348914	-0.0400161	
0.0352976	0.00519835	0.0352976	-0.0406904	0.0352976	0.00519835	0.0352976	-0.0406904	
0.0357007	0.00559839	0.0357007	-0.0413651	0.0357007	0.00559839	0.0357007	-0.0413651	
0.0361007	0.0059985	0.0361007	-0.0420402	0.0361007	0.0059985	0.0361007	-0.0420402	
0.0364975	0.00639861	0.0364975	-0.0427155	0.0364975	0.00639861	0.0364975	-0.0427155	
0.0368912	0.00679865	0.0368912	-0.0433909	0.0368912	0.00679865	0.0368912	-0.0433909	
0.0372817	0.00719856	0.0372817	-0.0440663	0.0372817	0.00719856	0.0372817	-0.0440663	
0.037669	0.00759827	0.037669	-0.0447415	0.037669	0.00759827	0.037669	-0.0447415	
0.038053	0.00799772	0.038053	-0.0454163	0.038053	0.00799772	0.038053	-0.0454163	
0.0384338	0.00839685	0.0384338	-0.0460908	0.0384338	0.00839685	0.0384338	-0.0460908	
0.0388112	0.00879559	0.0388112	-0.0467648	0.0388112	0.00879559	0.0388112	-0.0467648	
0.0391854	0.0091939	0.0391854	-0.047438	0.0391854	0.0091939	0.0391854	-0.047438	
0.0395562	0.0095917	0.0395562	-0.0481105	0.0395562	0.0095917	0.0395562	-0.0481105	
0.0399236	0.00998895	0.0399236	-0.0487821	0.0399236	0.00998895	0.0399236	-0.0487821	
0.0402876	0.0103856	0.0402876	-0.0494526	0.0402876	0.0103856	0.0402876	-0.0494526	
0.0406482	0.0107815	0.0406482	-0.0501219	0.0406482	0.0107815	0.0406482	-0.0501219	
0.0410054	0.0111767	0.0410054	-0.05079	0.0410054	0.0111767	0.0410054	-0.05079	
0.0413591	0.0115712	0.0413591	-0.0514567	0.0413591	0.0115712	0.0413591	-0.0514567	
0.0417094	0.0119648	0.0417094	-0.0521218	0.0417094	0.0119648	0.0417094	-0.0521218	
0.0420561	0.0123575	0.0420561	-0.0527853	0.0420561	0.0123575	0.0420561	-0.0527853	
0.0423994	0.0127493	0.0423994	-0.053447	0.0423994	0.0127493	0.0423994	-0.053447	
0.0427391	0.01314	0.0427391	-0.0541069	0.0427391	0.01314	0.0427391	-0.0541069	
0.0430753	0.0135298	0.0430753	-0.0547647	0.0430753	0.0135298	0.0430753	-0.0547647	
0.0434079	0.0139184	0.0434079	-0.0554204	0.0434079	0.0139184	0.0434079	-0.0554204	
0.043737	0.0143059	0.043737	-0.0560739	0.043737	0.0143059	0.043737	-0.0560739	
0.0440624	0.0146922	0.0440624	-0.056725	0.0440624	0.0146922	0.0440624	-0.056725	
0.0443843	0.0150773	0.0443843	-0.0573736	0.0443843	0.0150773	0.0443843	-0.0573736	
0.0447025	0.0154612	0.0447025	-0.0580197	0.0447025	0.0154612	0.0447025	-0.0580197	
0.0450172	0.0158437	0.0450172	-0.058663	0.0450172	0.0158437	0.0450172	-0.058663	
0.0453281	0.0162248	0.0453281	-0.0593036	0.0453281	0.0162248	0.0453281	-0.0593036	
0.0456355	0.0166046	0.0456355	-0.0599412	0.0456355	0.0166046	0.0456355	-0.0599412	
0.0459392	0.0169829	0.0459392	-0.0605758	0.0459392	0.0169829	0.0459392	-0.0605758	
0.0462392	0.0173598	0.0462392	-0.0612073	0.0462392	0.0173598	0.0462392	-0.0612073	
0.0465355	0.0177351	0.0465355	-0.0618356	0.0465355	0.0177351	0.0465355	-0.0618356	
0.0468281	0.0181089	0.0468281	-0.0624604	0.0468281	0.0181089	0.0468281	-0.0624604	
0.0471171	0.0184812	0.0471171	-0.0630819	0.0471171	0.0184812	0.0471171	-0.0630819	
0.0474023	0.0188518	0.0474023	-0.0636998	0.0474023	0.0188518	0.0474023	-0.0636998	
0.0476838	0.0192207	0.0476838	-0.064314	0.0476838	0.0192207	0.0476838	-0.064314	
0.0479617	0.019588	0.0479617	-0.0649245	0.0479617	0.019588	0.0479617	-0.0649245	
0.0482357	0.0199536	0.0482357	-0.0655311	0.0482357	0.0199536	0.0482357	-0.0655311	
0.0485061	0.0203175	0.0485061	-0.0661338	0.0485061	0.0203175	0.0485061	-0.0661338	
0.0487727	0.0206796	0.0487727	-0.0667324	0.0487727	0.0206796	0.0487727	-0.0667324	
0.0490356	0.02104	0.0490356	-0.0673269	0.0490356	0.02104	0.0490356	-0.0673269	
0.0492947	0.0213985	0.0492947	-0.0679172	0.0492947	0.0213985	0.0492947	-0.0679172	
0.0495501	0.0217552	0.0495501	-0.0685032	0.0495501	0.0217552	0.0495501	-0.0685032	
0.0498018	0.0221101	0.0498018	-0.0690847	0.0498018	0.0221101	0.0498018	-0.0690847	
0.0500496	0.0224631	0.0500496	-0.0696618	0.0500496	0.0224631	0.0500496	-0.0696618	
0.0502937	0.0228142	0.0502937	-0.0702343	0.0502937	0.0228142	0.0502937	-0.0702343	
0.0505341	0.0231634	0.0505341	-0.0708021	0.0505341	0.0231634	0.0505341	-0.0708021	
0.0507707	0.0235107	0.0507707	-0.0713651	0.0507707	0.0235107	0.0507707	-0.0713651	
0.0510035	0.023856	0.0510035	-0.0719234	0.0510035	0.023856	0.0510035	-0.0719234	
0.0512326	0.0241994	0.0512326	-0.0724767	0.0512326	0.0241994	0.0512326	-0.0724767	
0.0514579	0.0245409	0.0514579	-0.0730251	0.0514579	0.0245409	0.0514579	-0.0730251	
0.0516794	0.0248804	0.0516794	-0.0735684	0.0516794	0.0248804	0.0516794	-0.0735684	
0.0518972	0.0252179	0.0518972	-0.0741066	0.0518972	0.0252179	0.0518972	-0.0741066	
0.0521112	0.0255535	0.0521112	-0.0746396	0.0521112	0.0255535	0.0521112	-0.0746396	
0.0523214	0.025887	0.0523214	-0.0751673	0.0523214	0.025887	0.0523214	-0.0751673	
0.0525279	0.0262186	0.0525279	-0.0756897	0.0525279	0.0262186	0.0525279	-0.0756897	
0.0527306	0.0265482	0.0527306	-0.0762067	0.0527306	0.0265482	0.0527306	-0.0762067	
0.0529295	0.0268758	0.0529295	-0.0767183	0.0529295	0.0268758	0.0529295	-0.0767183	
0.0531247	0.0272013	0.0531247	-0.0772243	0.0531247	0.0272013	0.0531247	-0.0772243	
0.0533161	0.0275249	0.0533161	-0.0777248	0.0533161	0.0275249	0.0533161	-0.0777248	
0.0535038	0.0278465	0.0535038	-0.0782196	0.0535038	0.0278465	0.0535038	-0.0782196	
0.0536877	0.0281661	0.0536877	-0.0787087	0.0536877	0.0281661	0.0536877	-0.0787087	
0.0538678	0.0284837	0.0538678	-0.079192	0.0538678	0.0284837	0.0538678	-0.079192	
0.0540442	0.0287993	0.0540442	-0.0796696	0.0540442	0.0287993	0.0540442	-0.0796696	
0.0542168	0.029113	0.0542168	-0.0801413	0.0542168	0.029113	0.0542168	-0.0801413	
0.0543857	0.0294247	0.0543857	-0.0806072	0.0543857	0.0294247	0.0543857	-0.0806072	
0.0545509	0.0297344	0.0545509	-0.0810671	0.0545509	0.0297344	0.0545509	-0.0810671	
0.0547123	0.0300422	0.0547123	-0.081521	0.0547123	0.0300422	0.0547123	-0.081521	
0.05487	0.0303481	0.05487	-0.0819689	0.05487	0.0303481	0.05487	-0.0819689	
0.055024	0.0306521	0.055024	-0.0824107	0.055024	0.0306521	0.055024	-0.0824107	
0.0551742	0.0309541	0.0551742	-0.0828464	0.0551742	0.0309541	0.0551742	-0.0828464	
0.0553207	0.0312543	0.0553207	-0.083276	0.0553207	0.0312543	0.0553207	-0.083276	
0.0554635	0.0315526	0.0554635	-0.0836994	0.0554635	0.0315526	0.0554635	-0.0836994	
0.0556026	0.0318491	0.0556026	-0.0841166	0.0556026	0.0318491	0.0556026	-0.0841166	
0.055738	0.0321437	0.055738	-0.0845276	0.055738	0.0321437	0.055738	-0.0845276	
0.0558697	0.0324366	0.0558697	-0.0849324	0.0558697	0.0324366	0.0558697	-0.0849324	
0.0559977	0.0327276	0.0559977	-0.0853308	0.0559977	0.0327276	0.0559977	-0.0853308	
0.056122	0.0330169	0.056122	-0.0857229	0.056122	0.0330169	0.056122	-0.0857229	
0.0562426	0.0333045	0.0562426	-0.0861087	0.0562426	0.0333045	0.0562426	-0.0861087	
0.0563596	0.0335904	0.0563596	-0.0864882	0.0563596	0.0335904	0.0563596	-0.0864882	
0.0564729	0.0338746	0.0564729	-0.0868612	0.0564729	0.0338746	0.0564729	-0.0868612	
0.0565825	0.0341571	0.0565825	-0.0872279	0.0565825	0.0341571	0.0565825	-0.0872279	
0.0566885	0.034438	0.0566885	-0.0875882	0.0566885	0.034438	0.0566885	-0.0875882	
0.0567908	0.0347173	0.0567908	-0.0879421	0.0567908	0.0347173	0.0567908	-0.0879421	
0.0568895	0.0349951	0.0568895	-0.0882895	0.0568895	0.0349951	0.0568895	-0.0882895	
0.0569846	0.0352713	0.0569846	-0.0886306	0.0569846	0.0352713	0.0569846	-0.0886306	
0.0570761	0.035546	0.0570761	-0.0889651	0.0570761	0.035546	0.0570761	-0.0889651	
0.0571639	0.0358193	0.0571639	-0.0892932	0.0571639	0.0358193	0.0571639	-0.0892932	
0.0572482	0.0360912	0.0572482	-0.0896149	0.0572482	0.0360912	0.0572482	-0.0896149	
0.0573288	0.0363617	0.0573288	-0.0899301	0.0573288	0.0363617	0.0573288	-0.0899301	
0.0574059	0.0366308	0.0574059	-0.0902389	0.0574059	0.0366308	0.0574059	-0.0902389	
0.0574793	0.0368986	0.0574793	-0.0905412	0.0574793	0.0368986	0.0574793	-0.0905412	
0.0575492	0.0371651	0.0575492	-0.090837	0.0575492	0.0371651	0.0575492	-0.090837	
0.0576156	0.0374305	0.0576156	-0.0911264	0.0576156	0.0374305	0.0576156	-0.0911264	
0.0576784	0.0376946	0.0576784	-0.0914093	0.0576784	0.0376946	0.0576784	-0.0914093	
0.0577377	0.0379575	0.0577377	-0.0916858	0.0577377	0.0379575	0.0577377	-0.0916858	
0.0577934	0.0382194	0.0577934	-0.0919559	0.0577934	0.0382194	0.0577934	-0.0919559	
0.0578457	0.0384802	0.0578457	-0.0922196	0.0578457	0.0384802	0.0578457	-0.0922196	
0.0578944	0.03874	0.0578944	-0.0924768	0.0578944	0.03874	0.0578944	-0.0924768	
0.0579396	0.0389988	0.0579396	-0.0927277	0.0579396	0.0389988	0.0579396	-0.0927277	
0.0579814	0.0392566	0.0579814	-0.0929721	0.0579814	0.0392566	0.0579814	-0.0929721	
0.0580197	0.0395136	0.0580197	-0.0932102	0.0580197	0.0395136	0.0580197	-0.0932102	
0.0580545	0.0397697	0.0580545	-0.093442	0.0580545	0.0397697	0.0580545	-0.093442	
0.0580859	0.0400251	0.0580859	-0.0936674	0.0580859	0.0400251	0.0580859	-0.0936674	
0.0581138	0.0402797	0.0581138	-0.0938865	0.0581138	0.0402797	0.0581138	-0.0938865	
0.0581383	0.0405335	0.0581383	-0.0940993	0.0581383	0.0405335	0.0581383	-0.0940993	
0.0581594	0.0407868	0.0581594	-0.0943058	0.0581594	0.0407868	0.0581594	-0.0943058	
0.0581772	0.0410394	0.0581772	-0.0945061	0.0581772	0.0410394	0.0581772	-0.0945061	
0.0581915	0.0412915	0.0581915	-0.0947002	0.0581915	0.0412915	0.0581915	-0.0947002	
0.0582025	0.0415431	0.0582025	-0.094888	0.0582025	0.0415431	0.0582025	-0.094888	
0.0582102	0.0417942	0.0582102	-0.0950697	0.0582102	0.0417942	0.0582102	-0.0950697	
0.0582145	0.0420449	0.0582145	-0.0952452	0.0582145	0.0420449	0.0582145	-0.0952452	
0.0582154	0.0422952	0.0582154	-0.0954146	0.0582154	0.0422952	0.0582154	-0.0954146	
0.0582131	0.0425452	0.0582131	-0.0955779	0.0582131	0.0425452	0.0582131	-0.0955779	
0.0582075	0.042795	0.0582075	-0.0957352	0.0582075	0.042795	0.0582075	-0.0957352	
0.0581986	0.0430446	0.0581986	-0.0958864	0.0581986	0.0430446	0.0581986	-0.0958864	
0.0581865	0.043294	0.0581865	-0.0960316	0.0581865	0.043294	0.0581865	-0.0960316	
0.0581711	0.0435433	0.0581711	-0.0961709	0.0581711	0.0435433	0.0581711	-0.0961709	
0.0581525	0.0437925	0.0581525	-0.0963042	0.0581525	0.0437925	0.0581525	-0.0963042	
0.0581307	0.0440417	0.0581307	-0.0964316	0.0581307	0.0440417	0.0581307	-0.0964316	
0.0581057	0.044291	0.0581057	-0.0965531	0.0581057	0.044291	0.0581057	-0.0965531	
0.0580776	0.0445403	0.0580776	-0.0966688	0.0580776	0.0445403	0.0580776	-0.0966688	
0.0580463	0.0447898	0.0580463	-0.0967787	0.0580463	0.0447898	0.0580463	-0.0967787	
0.0580118	0.0450395	0.0580118	-0.0968828	0.0580118	0.0450395	0.0580118	-0.0968828	
0.0579743	0.0452894	0.0579743	-0.0969812	0.0579743	0.0452894	0.0579743	-0.0969812	
0.0579336	0.0455396	0.0579336	-0.0970739	0.0579336	0.0455396	0.0579336	-0.0970739	
0.0578899	0.0457901	0.0578899	-0.097161	0.0578899	0.0457901	0.0578899	-0.097161	
0.0578431	0.0460411	0.0578431	-0.0972424	0.0578431	0.0460411	0.0578431	-0.0972424	
0.0577934	0.0462924	0.0577934	-0.0973183	0.0577934	0.0462924	0.0577934	-0.0973183	
0.0577406	0.0465442	0.0577406	-0.0973886	0.0577406	0.0465442	0.0577406	-0.0973886	
